Datetime,Open,High,Low,Close,Adj Close,Volume
2023-03-16 09:30:00-04:00,28.75,28.84040069580078,28.649999618530277,28.68000030517578,28.68000030517578,142822
2023-03-16 09:31:00-04:00,28.68000030517578,28.790000915527344,28.6299991607666,28.770000457763672,28.770000457763672,56620
2023-03-16 09:32:00-04:00,28.790000915527344,28.86000061035156,28.780000686645508,28.82999992370605,28.82999992370605,42566
2023-03-16 09:33:00-04:00,28.825000762939453,28.850000381469727,28.799999237060547,28.809999465942383,28.809999465942383,25671
2023-03-16 09:34:00-04:00,28.80500030517578,28.84499931335449,28.780000686645508,28.834999084472656,28.834999084472656,25837
2023-03-16 09:35:00-04:00,28.834999084472656,28.850000381469727,28.809999465942383,28.850000381469727,28.850000381469727,23256
2023-03-16 09:36:00-04:00,28.86000061035156,28.86000061035156,28.770000457763672,28.770000457763672,28.770000457763672,15200
2023-03-16 09:37:00-04:00,28.770000457763672,28.81999969482422,28.770000457763672,28.815000534057617,28.815000534057617,12069
2023-03-16 09:38:00-04:00,28.81999969482422,28.86000061035156,28.799999237060547,28.809999465942383,28.809999465942383,23401
2023-03-16 09:39:00-04:00,28.80500030517578,28.809999465942383,28.780000686645508,28.809999465942383,28.809999465942383,23646
2023-03-16 09:40:00-04:00,28.799999237060547,28.850000381469727,28.790000915527344,28.84499931335449,28.84499931335449,24751
2023-03-16 09:41:00-04:00,28.850000381469727,28.920000076293945,28.84000015258789,28.899999618530277,28.899999618530277,23888
2023-03-16 09:42:00-04:00,28.90999984741211,28.934999465942383,28.8799991607666,28.920000076293945,28.920000076293945,14193
2023-03-16 09:43:00-04:00,28.920000076293945,28.94750022888184,28.899999618530277,28.940000534057617,28.940000534057617,15497
2023-03-16 09:44:00-04:00,28.93000030517578,28.940000534057617,28.899999618530277,28.899999618530277,28.899999618530277,14505
2023-03-16 09:45:00-04:00,28.88999938964844,28.93000030517578,28.875,28.90999984741211,28.90999984741211,22224
2023-03-16 09:46:00-04:00,28.899999618530277,28.905000686645508,28.86000061035156,28.8799991607666,28.8799991607666,34218
2023-03-16 09:47:00-04:00,28.8799991607666,28.90999984741211,28.8700008392334,28.897499084472656,28.897499084472656,15294
2023-03-16 09:48:00-04:00,28.88999938964844,28.915000915527344,28.864999771118164,28.8799991607666,28.8799991607666,20378
2023-03-16 09:49:00-04:00,28.88999938964844,28.940000534057617,28.88500022888184,28.90999984741211,28.90999984741211,16899
2023-03-16 09:50:00-04:00,28.90999984741211,28.940000534057617,28.905000686645508,28.915000915527344,28.915000915527344,25824
2023-03-16 09:51:00-04:00,28.920000076293945,28.940000534057617,28.899999618530277,28.924999237060547,28.924999237060547,14819
2023-03-16 09:52:00-04:00,28.920000076293945,28.920000076293945,28.88500022888184,28.90999984741211,28.90999984741211,23580
2023-03-16 09:53:00-04:00,28.90999984741211,28.920000076293945,28.8700008392334,28.920000076293945,28.920000076293945,17587
2023-03-16 09:54:00-04:00,28.915000915527344,28.93000030517578,28.90999984741211,28.920000076293945,28.920000076293945,11270
2023-03-16 09:55:00-04:00,28.920000076293945,28.940000534057617,28.905000686645508,28.940000534057617,28.940000534057617,24562
2023-03-16 09:56:00-04:00,28.940000534057617,29.0,28.940000534057617,29.0,29.0,27255
2023-03-16 09:57:00-04:00,29.0,29.020000457763672,29.0,29.01889991760254,29.01889991760254,12085
2023-03-16 09:58:00-04:00,29.020000457763672,29.020000457763672,28.989999771118164,29.01499938964844,29.01499938964844,17791
2023-03-16 09:59:00-04:00,29.020000457763672,29.059999465942383,29.020000457763672,29.05500030517578,29.05500030517578,25732
2023-03-16 10:00:00-04:00,29.059999465942383,29.059999465942383,29.030000686645508,29.049999237060547,29.049999237060547,36958
2023-03-16 10:01:00-04:00,29.049999237060547,29.049999237060547,29.020000457763672,29.030000686645508,29.030000686645508,44217
2023-03-16 10:02:00-04:00,29.024999618530277,29.027999877929688,28.94059944152832,28.950000762939453,28.950000762939453,14630
2023-03-16 10:03:00-04:00,28.950000762939453,28.959999084472656,28.920000076293945,28.920000076293945,28.920000076293945,18116
2023-03-16 10:04:00-04:00,28.920000076293945,28.95499992370605,28.920000076293945,28.940000534057617,28.940000534057617,54742
2023-03-16 10:05:00-04:00,28.940000534057617,28.940000534057617,28.8799991607666,28.899999618530277,28.899999618530277,15883
2023-03-16 10:06:00-04:00,28.88999938964844,28.88999938964844,28.854999542236328,28.875,28.875,16267
2023-03-16 10:07:00-04:00,28.8799991607666,28.905000686645508,28.8700008392334,28.899999618530277,28.899999618530277,31874
2023-03-16 10:08:00-04:00,28.905000686645508,28.924999237060547,28.899999618530277,28.90999984741211,28.90999984741211,18495
2023-03-16 10:09:00-04:00,28.915000915527344,28.93000030517578,28.88500022888184,28.88999938964844,28.88999938964844,41721
2023-03-16 10:10:00-04:00,28.899099349975582,28.915000915527344,28.88999938964844,28.88999938964844,28.88999938964844,20220
2023-03-16 10:11:00-04:00,28.88999938964844,28.905000686645508,28.8799991607666,28.8799991607666,28.8799991607666,14944
2023-03-16 10:12:00-04:00,28.8799991607666,28.8799991607666,28.850000381469727,28.850000381469727,28.850000381469727,7680
2023-03-16 10:13:00-04:00,28.850000381469727,28.86000061035156,28.834999084472656,28.84000015258789,28.84000015258789,17429
2023-03-16 10:14:00-04:00,28.84499931335449,28.86000061035156,28.82999992370605,28.84000015258789,28.84000015258789,12640
2023-03-16 10:15:00-04:00,28.834999084472656,28.850099563598636,28.82999992370605,28.82999992370605,28.82999992370605,13941
2023-03-16 10:16:00-04:00,28.830900192260746,28.850000381469727,28.81999969482422,28.84499931335449,28.84499931335449,14965
2023-03-16 10:17:00-04:00,28.84499931335449,28.850000381469727,28.82999992370605,28.84000015258789,28.84000015258789,8264
2023-03-16 10:18:00-04:00,28.842500686645508,28.850000381469727,28.802499771118164,28.80500030517578,28.80500030517578,13009
2023-03-16 10:19:00-04:00,28.809799194335938,28.809999465942383,28.78499984741211,28.799999237060547,28.799999237060547,40863
2023-03-16 10:20:00-04:00,28.799999237060547,28.815000534057617,28.790000915527344,28.790000915527344,28.790000915527344,30575
2023-03-16 10:21:00-04:00,28.795000076293945,28.799999237060547,28.774999618530277,28.780000686645508,28.780000686645508,20411
2023-03-16 10:22:00-04:00,28.78499984741211,28.84499931335449,28.780000686645508,28.84499931335449,28.84499931335449,16294
2023-03-16 10:23:00-04:00,28.84499931335449,28.86000061035156,28.834999084472656,28.83930015563965,28.83930015563965,19890
2023-03-16 10:24:00-04:00,28.84000015258789,28.850000381469727,28.825000762939453,28.850000381469727,28.850000381469727,12234
2023-03-16 10:25:00-04:00,28.854999542236328,28.864999771118164,28.84499931335449,28.86000061035156,28.86000061035156,14200
2023-03-16 10:26:00-04:00,28.86000061035156,28.8799991607666,28.86000061035156,28.8799991607666,28.8799991607666,4174
2023-03-16 10:27:00-04:00,28.8700008392334,28.895000457763672,28.8700008392334,28.893199920654297,28.893199920654297,20571
2023-03-16 10:28:00-04:00,28.899999618530277,28.915000915527344,28.899999618530277,28.90999984741211,28.90999984741211,20384
2023-03-16 10:29:00-04:00,28.920000076293945,28.920000076293945,28.899999618530277,28.90999984741211,28.90999984741211,31615
2023-03-16 10:30:00-04:00,28.920000076293945,28.93000030517578,28.899999618530277,28.90999984741211,28.90999984741211,20953
2023-03-16 10:31:00-04:00,28.90999984741211,28.934999465942383,28.899999618530277,28.93000030517578,28.93000030517578,19688
2023-03-16 10:32:00-04:00,28.93000030517578,28.950000762939453,28.899999618530277,28.899999618530277,28.899999618530277,28387
2023-03-16 10:33:00-04:00,28.899999618530277,28.905000686645508,28.895000457763672,28.897899627685547,28.897899627685547,98316
2023-03-16 10:34:00-04:00,28.895000457763672,28.910999298095703,28.875,28.875,28.875,47521
2023-03-16 10:35:00-04:00,28.8799991607666,28.88999938964844,28.875,28.88999938964844,28.88999938964844,12353
2023-03-16 10:36:00-04:00,28.899999618530277,28.920000076293945,28.84000015258789,28.84499931335449,28.84499931335449,66744
2023-03-16 10:37:00-04:00,28.850000381469727,28.8700008392334,28.84499931335449,28.86000061035156,28.86000061035156,15735
2023-03-16 10:38:00-04:00,28.854999542236328,28.86000061035156,28.84499931335449,28.854999542236328,28.854999542236328,24255
2023-03-16 10:39:00-04:00,28.854999542236328,28.8799991607666,28.850000381469727,28.857500076293945,28.857500076293945,13134
2023-03-16 10:40:00-04:00,28.854999542236328,28.864999771118164,28.84499931335449,28.850000381469727,28.850000381469727,24037
2023-03-16 10:41:00-04:00,28.854999542236328,28.8799991607666,28.834999084472656,28.86000061035156,28.86000061035156,26945
2023-03-16 10:42:00-04:00,28.86000061035156,28.864999771118164,28.82999992370605,28.82999992370605,28.82999992370605,14795
2023-03-16 10:43:00-04:00,28.82999992370605,28.850000381469727,28.81999969482422,28.84499931335449,28.84499931335449,8771
2023-03-16 10:44:00-04:00,28.84000015258789,28.854999542236328,28.82999992370605,28.850000381469727,28.850000381469727,11393
2023-03-16 10:45:00-04:00,28.850000381469727,28.86000061035156,28.84000015258789,28.84499931335449,28.84499931335449,16884
2023-03-16 10:46:00-04:00,28.850000381469727,28.86000061035156,28.84000015258789,28.850000381469727,28.850000381469727,45374
2023-03-16 10:47:00-04:00,28.850000381469727,28.920000076293945,28.850000381469727,28.920000076293945,28.920000076293945,32894
2023-03-16 10:48:00-04:00,28.90999984741211,28.950000762939453,28.90999984741211,28.950000762939453,28.950000762939453,10985
2023-03-16 10:49:00-04:00,28.950300216674805,29.0,28.94440078735352,28.975000381469727,28.975000381469727,38130
2023-03-16 10:50:00-04:00,28.979999542236328,29.020000457763672,28.979999542236328,29.020000457763672,29.020000457763672,19993
2023-03-16 10:51:00-04:00,29.01499938964844,29.045000076293945,29.01000022888184,29.040000915527344,29.040000915527344,29734
2023-03-16 10:52:00-04:00,29.045000076293945,29.09749984741211,29.045000076293945,29.07999992370605,29.07999992370605,34295
2023-03-16 10:53:00-04:00,29.07999992370605,29.114999771118164,29.06999969482422,29.104999542236328,29.104999542236328,34214
2023-03-16 10:54:00-04:00,29.11000061035156,29.149999618530277,29.09000015258789,29.149999618530277,29.149999618530277,19163
2023-03-16 10:55:00-04:00,29.149999618530277,29.200000762939453,29.145000457763672,29.18000030517578,29.18000030517578,46102
2023-03-16 10:56:00-04:00,29.190000534057617,29.190000534057617,29.1299991607666,29.13999938964844,29.13999938964844,46201
2023-03-16 10:57:00-04:00,29.13999938964844,29.18000030517578,29.13999938964844,29.18000030517578,29.18000030517578,77819
2023-03-16 10:58:00-04:00,29.18000030517578,29.209999084472656,29.170000076293945,29.190000534057617,29.190000534057617,26948
2023-03-16 10:59:00-04:00,29.190000534057617,29.209999084472656,29.174999237060547,29.200000762939453,29.200000762939453,37158
2023-03-16 11:00:00-04:00,29.200000762939453,29.225000381469727,29.170000076293945,29.18000030517578,29.18000030517578,39190
2023-03-16 11:01:00-04:00,29.18000030517578,29.18000030517578,29.1200008392334,29.1299991607666,29.1299991607666,37865
2023-03-16 11:02:00-04:00,29.1299991607666,29.13500022888184,29.100000381469727,29.100000381469727,29.100000381469727,38707
2023-03-16 11:03:00-04:00,29.100000381469727,29.100000381469727,29.059999465942383,29.059999465942383,29.059999465942383,16342
2023-03-16 11:04:00-04:00,29.059999465942383,29.06999969482422,29.049999237060547,29.049999237060547,29.049999237060547,32989
2023-03-16 11:05:00-04:00,29.045000076293945,29.06999969482422,29.040000915527344,29.065000534057617,29.065000534057617,21063
2023-03-16 11:06:00-04:00,29.06999969482422,29.075000762939453,29.040000915527344,29.06999969482422,29.06999969482422,43037
2023-03-16 11:07:00-04:00,29.075000762939453,29.084999084472656,29.05500030517578,29.065000534057617,29.065000534057617,37428
2023-03-16 11:08:00-04:00,29.065000534057617,29.13999938964844,29.065000534057617,29.125,29.125,44597
2023-03-16 11:09:00-04:00,29.125,29.1299991607666,29.11000061035156,29.114999771118164,29.114999771118164,20651
2023-03-16 11:10:00-04:00,29.114999771118164,29.1200008392334,29.075000762939453,29.07999992370605,29.07999992370605,36289
2023-03-16 11:11:00-04:00,29.075000762939453,29.11000061035156,29.075000762939453,29.075000762939453,29.075000762939453,23395
2023-03-16 11:12:00-04:00,29.075000762939453,29.07999992370605,29.049999237060547,29.051000595092773,29.051000595092773,38190
2023-03-16 11:13:00-04:00,29.05500030517578,29.05500030517578,28.989999771118164,28.989999771118164,28.989999771118164,19416
2023-03-16 11:14:00-04:00,28.989999771118164,28.989999771118164,28.96999931335449,28.979999542236328,28.979999542236328,30240
2023-03-16 11:15:00-04:00,28.96999931335449,28.979999542236328,28.95499992370605,28.95499992370605,28.95499992370605,26663
2023-03-16 11:16:00-04:00,28.95499992370605,29.0,28.95499992370605,28.975000381469727,28.975000381469727,47871
2023-03-16 11:17:00-04:00,28.979999542236328,29.0,28.96999931335449,28.9950008392334,28.9950008392334,15169
2023-03-16 11:18:00-04:00,29.0,29.0049991607666,28.96999931335449,28.979999542236328,28.979999542236328,83068
2023-03-16 11:19:00-04:00,28.98500061035156,29.01000022888184,28.979999542236328,29.01000022888184,29.01000022888184,23291
2023-03-16 11:20:00-04:00,29.01499938964844,29.09000015258789,29.01000022888184,29.040000915527344,29.040000915527344,43428
2023-03-16 11:21:00-04:00,29.049999237060547,29.065000534057617,29.03499984741211,29.040000915527344,29.040000915527344,17833
2023-03-16 11:22:00-04:00,29.045000076293945,29.059999465942383,29.045000076293945,29.059999465942383,29.059999465942383,6529
2023-03-16 11:23:00-04:00,29.049999237060547,29.06789970397949,29.030000686645508,29.05500030517578,29.05500030517578,24623
2023-03-16 11:24:00-04:00,29.049999237060547,29.059999465942383,29.03499984741211,29.049999237060547,29.049999237060547,17910
2023-03-16 11:25:00-04:00,29.049999237060547,29.09000015258789,29.049999237060547,29.084999084472656,29.084999084472656,38411
2023-03-16 11:26:00-04:00,29.07999992370605,29.149999618530277,29.07999992370605,29.07999992370605,29.07999992370605,68678
2023-03-16 11:27:00-04:00,29.07999992370605,29.09000015258789,29.06999969482422,29.07999992370605,29.07999992370605,21132
2023-03-16 11:28:00-04:00,29.07999992370605,29.07999992370605,29.065000534057617,29.06999969482422,29.06999969482422,36295
2023-03-16 11:29:00-04:00,29.06999969482422,29.07999992370605,29.040000915527344,29.055599212646484,29.055599212646484,55523
2023-03-16 11:30:00-04:00,29.059999465942383,29.06999969482422,29.05500030517578,29.059999465942383,29.059999465942383,19862
2023-03-16 11:31:00-04:00,29.052499771118164,29.059999465942383,29.030000686645508,29.040000915527344,29.040000915527344,7556
2023-03-16 11:32:00-04:00,29.03499984741211,29.045000076293945,29.0,29.01499938964844,29.01499938964844,35690
2023-03-16 11:33:00-04:00,29.01000022888184,29.038799285888672,29.01000022888184,29.01000022888184,29.01000022888184,35213
2023-03-16 11:34:00-04:00,29.01000022888184,29.01499938964844,28.979999542236328,28.989999771118164,28.989999771118164,42708
2023-03-16 11:35:00-04:00,29.0,29.030000686645508,29.0,29.030000686645508,29.030000686645508,28025
2023-03-16 11:36:00-04:00,29.030000686645508,29.040000915527344,29.020000457763672,29.03499984741211,29.03499984741211,14557
2023-03-16 11:37:00-04:00,29.03499984741211,29.05699920654297,29.030000686645508,29.049999237060547,29.049999237060547,25058
2023-03-16 11:38:00-04:00,29.049999237060547,29.049999237060547,29.020000457763672,29.030000686645508,29.030000686645508,10278
2023-03-16 11:39:00-04:00,29.040000915527344,29.049999237060547,29.020000457763672,29.020000457763672,29.020000457763672,45203
2023-03-16 11:40:00-04:00,29.024999618530277,29.049999237060547,29.020000457763672,29.049999237060547,29.049999237060547,42404
2023-03-16 11:41:00-04:00,29.049999237060547,29.075000762939453,29.049999237060547,29.06999969482422,29.06999969482422,9014
2023-03-16 11:42:00-04:00,29.07999992370605,29.1200008392334,29.07999992370605,29.11000061035156,29.11000061035156,37781
2023-03-16 11:43:00-04:00,29.11000061035156,29.1200008392334,29.09000015258789,29.100000381469727,29.100000381469727,31772
2023-03-16 11:44:00-04:00,29.09000015258789,29.11000061035156,29.09000015258789,29.104999542236328,29.104999542236328,11662
2023-03-16 11:45:00-04:00,29.11000061035156,29.114999771118164,29.09000015258789,29.09000015258789,29.09000015258789,25083
2023-03-16 11:46:00-04:00,29.09000015258789,29.09499931335449,29.06999969482422,29.07250022888184,29.07250022888184,8057
2023-03-16 11:47:00-04:00,29.07999992370605,29.084999084472656,29.05500030517578,29.065000534057617,29.065000534057617,9970
2023-03-16 11:48:00-04:00,29.065000534057617,29.09000015258789,29.065000534057617,29.09000015258789,29.09000015258789,11565
2023-03-16 11:49:00-04:00,29.07999992370605,29.104999542236328,29.07999992370605,29.100000381469727,29.100000381469727,26765
2023-03-16 11:50:00-04:00,29.100000381469727,29.104999542236328,29.07999992370605,29.08650016784668,29.08650016784668,17177
2023-03-16 11:51:00-04:00,29.07999992370605,29.09000015258789,29.059999465942383,29.07999992370605,29.07999992370605,31510
2023-03-16 11:53:00-04:00,29.100000381469727,29.11000061035156,29.07999992370605,29.104999542236328,29.104999542236328,171940
2023-03-16 11:54:00-04:00,29.104999542236328,29.13990020751953,29.100000381469727,29.13990020751953,29.13990020751953,29969
2023-03-16 11:55:00-04:00,29.138999938964844,29.13999938964844,29.075000762939453,29.084999084472656,29.084999084472656,76032
2023-03-16 11:56:00-04:00,29.09000015258789,29.100000381469727,29.084999084472656,29.084999084472656,29.084999084472656,134223
2023-03-16 11:57:00-04:00,29.09000015258789,29.1299991607666,29.07999992370605,29.1299991607666,29.1299991607666,60260
2023-03-16 11:58:00-04:00,29.125,29.125,29.084999084472656,29.084999084472656,29.084999084472656,15598
2023-03-16 11:59:00-04:00,29.084999084472656,29.09000015258789,29.049999237060547,29.059999465942383,29.059999465942383,20126
2023-03-16 12:00:00-04:00,29.05500030517578,29.09499931335449,29.049999237060547,29.09499931335449,29.09499931335449,32197
2023-03-16 12:01:00-04:00,29.09499931335449,29.12989997863769,29.09000015258789,29.1200008392334,29.1200008392334,35264
2023-03-16 12:02:00-04:00,29.125,29.125,29.09499931335449,29.100000381469727,29.100000381469727,24384
2023-03-16 12:03:00-04:00,29.09000015258789,29.09499931335449,29.040000915527344,29.040000915527344,29.040000915527344,42011
2023-03-16 12:04:00-04:00,29.045000076293945,29.069900512695312,29.045000076293945,29.065000534057617,29.065000534057617,35604
2023-03-16 12:05:00-04:00,29.059999465942383,29.069000244140625,29.040000915527344,29.045000076293945,29.045000076293945,22116
2023-03-16 12:06:00-04:00,29.049999237060547,29.05500030517578,29.030000686645508,29.045000076293945,29.045000076293945,29967
2023-03-16 12:07:00-04:00,29.045000076293945,29.05500030517578,29.040000915527344,29.040000915527344,29.040000915527344,16678
2023-03-16 12:08:00-04:00,29.030000686645508,29.040000915527344,29.01000022888184,29.020000457763672,29.020000457763672,30536
2023-03-16 12:09:00-04:00,29.020000457763672,29.040000915527344,29.013999938964844,29.01499938964844,29.01499938964844,29276
2023-03-16 12:10:00-04:00,29.01650047302246,29.040000915527344,29.01499938964844,29.024999618530277,29.024999618530277,13453
2023-03-16 12:11:00-04:00,29.030000686645508,29.049999237060547,29.024999618530277,29.030000686645508,29.030000686645508,27656
2023-03-16 12:12:00-04:00,29.024999618530277,29.045000076293945,28.989999771118164,29.0049991607666,29.0049991607666,24736
2023-03-16 12:13:00-04:00,29.0,29.01499938964844,28.989999771118164,29.0,29.0,14593
2023-03-16 12:14:00-04:00,29.0,29.020000457763672,28.9950008392334,29.01499938964844,29.01499938964844,9947
2023-03-16 12:15:00-04:00,29.020000457763672,29.05500030517578,29.020000457763672,29.049999237060547,29.049999237060547,21990
2023-03-16 12:16:00-04:00,29.049999237060547,29.065000534057617,29.045000076293945,29.059999465942383,29.059999465942383,10676
2023-03-16 12:17:00-04:00,29.059999465942383,29.065000534057617,29.049999237060547,29.059999465942383,29.059999465942383,9502
2023-03-16 12:18:00-04:00,29.06999969482422,29.0856990814209,29.06999969482422,29.07999992370605,29.07999992370605,32702
2023-03-16 12:19:00-04:00,29.07999992370605,29.084999084472656,29.06999969482422,29.075000762939453,29.075000762939453,10485
2023-03-16 12:20:00-04:00,29.06999969482422,29.07999992370605,29.06999969482422,29.07999992370605,29.07999992370605,2496
2023-03-16 12:21:00-04:00,29.06999969482422,29.07999992370605,29.059999465942383,29.065000534057617,29.065000534057617,40536
2023-03-16 12:22:00-04:00,29.059999465942383,29.065000534057617,29.049999237060547,29.05500030517578,29.05500030517578,13391
2023-03-16 12:23:00-04:00,29.049999237060547,29.06730079650879,29.049999237060547,29.059999465942383,29.059999465942383,23852
2023-03-16 12:24:00-04:00,29.059999465942383,29.06999969482422,29.042499542236328,29.05500030517578,29.05500030517578,12549
2023-03-16 12:25:00-04:00,29.049999237060547,29.07999992370605,29.040000915527344,29.075000762939453,29.075000762939453,14789
2023-03-16 12:26:00-04:00,29.075000762939453,29.084999084472656,29.065000534057617,29.07999992370605,29.07999992370605,11482
2023-03-16 12:27:00-04:00,29.084999084472656,29.100000381469727,29.075000762939453,29.100000381469727,29.100000381469727,13412
2023-03-16 12:28:00-04:00,29.100000381469727,29.125,29.100000381469727,29.100000381469727,29.100000381469727,56961
2023-03-16 12:29:00-04:00,29.100000381469727,29.104999542236328,29.084999084472656,29.09000015258789,29.09000015258789,23814
2023-03-16 12:30:00-04:00,29.084999084472656,29.09000015258789,29.065000534057617,29.084999084472656,29.084999084472656,40538
2023-03-16 12:31:00-04:00,29.084999084472656,29.089099884033203,29.06999969482422,29.084999084472656,29.084999084472656,45857
2023-03-16 12:32:00-04:00,29.09000015258789,29.09499931335449,29.06999969482422,29.06999969482422,29.06999969482422,20521
2023-03-16 12:33:00-04:00,29.06999969482422,29.06999969482422,29.03499984741211,29.03499984741211,29.03499984741211,7958
2023-03-16 12:34:00-04:00,29.030000686645508,29.03499984741211,29.01499938964844,29.024999618530277,29.024999618530277,33917
2023-03-16 12:35:00-04:00,29.020000457763672,29.020000457763672,28.989999771118164,29.0,29.0,21956
2023-03-16 12:36:00-04:00,29.01000022888184,29.024999618530277,28.979999542236328,29.01000022888184,29.01000022888184,130999
2023-03-16 12:37:00-04:00,29.020000457763672,29.045000076293945,29.01000022888184,29.024999618530277,29.024999618530277,43148
2023-03-16 12:38:00-04:00,29.030000686645508,29.045000076293945,29.024999618530277,29.045000076293945,29.045000076293945,26197
2023-03-16 12:39:00-04:00,29.049999237060547,29.05500030517578,29.030000686645508,29.03499984741211,29.03499984741211,42097
2023-03-16 12:40:00-04:00,29.040000915527344,29.0674991607666,29.020000457763672,29.049999237060547,29.049999237060547,95800
2023-03-16 12:41:00-04:00,29.059999465942383,29.06999969482422,29.040000915527344,29.040000915527344,29.040000915527344,61889
2023-03-16 12:42:00-04:00,29.03499984741211,29.040000915527344,29.024999618530277,29.030000686645508,29.030000686645508,37218
2023-03-16 12:43:00-04:00,29.030000686645508,29.040000915527344,29.030000686645508,29.03499984741211,29.03499984741211,15486
2023-03-16 12:44:00-04:00,29.03499984741211,29.049999237060547,29.030000686645508,29.040000915527344,29.040000915527344,14210
2023-03-16 12:45:00-04:00,29.04800033569336,29.07999992370605,29.040000915527344,29.079700469970703,29.079700469970703,24090
2023-03-16 12:46:00-04:00,29.075000762939453,29.1200008392334,29.06999969482422,29.100000381469727,29.100000381469727,44539
2023-03-16 12:47:00-04:00,29.100000381469727,29.100000381469727,29.075000762939453,29.084999084472656,29.084999084472656,12207
2023-03-16 12:48:00-04:00,29.09000015258789,29.11000061035156,29.084999084472656,29.09000015258789,29.09000015258789,136327
2023-03-16 12:49:00-04:00,29.08819961547852,29.114999771118164,29.084999084472656,29.100000381469727,29.100000381469727,57189
2023-03-16 12:50:00-04:00,29.11000061035156,29.190000534057617,29.104999542236328,29.190000534057617,29.190000534057617,119699
2023-03-16 12:51:00-04:00,29.190000534057617,29.200000762939453,29.15999984741211,29.174999237060547,29.174999237060547,28394
2023-03-16 12:52:00-04:00,29.174999237060547,29.20499992370605,29.174999237060547,29.18000030517578,29.18000030517578,21534
2023-03-16 12:53:00-04:00,29.190000534057617,29.190000534057617,29.1299991607666,29.149999618530277,29.149999618530277,37295
2023-03-16 12:54:00-04:00,29.13999938964844,29.145000457763672,29.100000381469727,29.104999542236328,29.104999542236328,46022
2023-03-16 12:55:00-04:00,29.100000381469727,29.1299991607666,29.100000381469727,29.1299991607666,29.1299991607666,25276
2023-03-16 12:56:00-04:00,29.13500022888184,29.149999618530277,29.1299991607666,29.14249992370605,29.14249992370605,16916
2023-03-16 12:57:00-04:00,29.13999938964844,29.165000915527344,29.13999938964844,29.155000686645508,29.155000686645508,32935
2023-03-16 12:58:00-04:00,29.15999984741211,29.170000076293945,29.149999618530277,29.170000076293945,29.170000076293945,29786
2023-03-16 12:59:00-04:00,29.165000915527344,29.170000076293945,29.165000915527344,29.165000915527344,29.165000915527344,2970
2023-03-16 13:00:00-04:00,29.16010093688965,29.190000534057617,29.16010093688965,29.18000030517578,29.18000030517578,33857
2023-03-16 13:01:00-04:00,29.18000030517578,29.18000030517578,29.155000686645508,29.170000076293945,29.170000076293945,60528
2023-03-16 13:02:00-04:00,29.15999984741211,29.190000534057617,29.15999984741211,29.190000534057617,29.190000534057617,18012
2023-03-16 13:03:00-04:00,29.190000534057617,29.200000762939453,29.18000030517578,29.200000762939453,29.200000762939453,30716
2023-03-16 13:04:00-04:00,29.20499992370605,29.25,29.19499969482422,29.2450008392334,29.2450008392334,30194
2023-03-16 13:05:00-04:00,29.2450008392334,29.25,29.21999931335449,29.229999542236328,29.229999542236328,14977
2023-03-16 13:06:00-04:00,29.229999542236328,29.25,29.225000381469727,29.239999771118164,29.239999771118164,24738
2023-03-16 13:07:00-04:00,29.239999771118164,29.2549991607666,29.239999771118164,29.239999771118164,29.239999771118164,17638
2023-03-16 13:08:00-04:00,29.239999771118164,29.2549991607666,29.21999931335449,29.239999771118164,29.239999771118164,37020
2023-03-16 13:09:00-04:00,29.239999771118164,29.239999771118164,29.21999931335449,29.225000381469727,29.225000381469727,6591
2023-03-16 13:10:00-04:00,29.229999542236328,29.229999542236328,29.209999084472656,29.209999084472656,29.209999084472656,14176
2023-03-16 13:11:00-04:00,29.21500015258789,29.23780059814453,29.209999084472656,29.225000381469727,29.225000381469727,15980
2023-03-16 13:12:00-04:00,29.21999931335449,29.23500061035156,29.21999931335449,29.23500061035156,29.23500061035156,3302
2023-03-16 13:13:00-04:00,29.229999542236328,29.229999542236328,29.21999931335449,29.21999931335449,29.21999931335449,11702
2023-03-16 13:14:00-04:00,29.21999931335449,29.21999931335449,29.200000762939453,29.20499992370605,29.20499992370605,8457
2023-03-16 13:15:00-04:00,29.209999084472656,29.21500015258789,29.155000686645508,29.15999984741211,29.15999984741211,74527
2023-03-16 13:16:00-04:00,29.170000076293945,29.170000076293945,29.155000686645508,29.155000686645508,29.155000686645508,9552
2023-03-16 13:17:00-04:00,29.155000686645508,29.155000686645508,29.13999938964844,29.145000457763672,29.145000457763672,3907
2023-03-16 13:18:00-04:00,29.149999618530277,29.149999618530277,29.113000869750977,29.113000869750977,29.113000869750977,13479
2023-03-16 13:19:00-04:00,29.11000061035156,29.1200008392334,29.100000381469727,29.11000061035156,29.11000061035156,14827
2023-03-16 13:20:00-04:00,29.11000061035156,29.1200008392334,29.104999542236328,29.11000061035156,29.11000061035156,7910
2023-03-16 13:21:00-04:00,29.104999542236328,29.1200008392334,29.100000381469727,29.1200008392334,29.1200008392334,9543
2023-03-16 13:22:00-04:00,29.125,29.149999618530277,29.1200008392334,29.13500022888184,29.13500022888184,18410
2023-03-16 13:23:00-04:00,29.13999938964844,29.149999618530277,29.13500022888184,29.13500022888184,29.13500022888184,14870
2023-03-16 13:24:00-04:00,29.13999938964844,29.155000686645508,29.1299991607666,29.149999618530277,29.149999618530277,15070
2023-03-16 13:25:00-04:00,29.155000686645508,29.155000686645508,29.13999938964844,29.145000457763672,29.145000457763672,12208
2023-03-16 13:26:00-04:00,29.13999938964844,29.13999938964844,29.125,29.13999938964844,29.13999938964844,14688
2023-03-16 13:27:00-04:00,29.13500022888184,29.13500022888184,29.114999771118164,29.114999771118164,29.114999771118164,6926
2023-03-16 13:28:00-04:00,29.1200008392334,29.149999618530277,29.1200008392334,29.13999938964844,29.13999938964844,18394
2023-03-16 13:29:00-04:00,29.13999938964844,29.13999938964844,29.11000061035156,29.11000061035156,29.11000061035156,11856
2023-03-16 13:30:00-04:00,29.1200008392334,29.1200008392334,29.11000061035156,29.11000061035156,29.11000061035156,11175
2023-03-16 13:31:00-04:00,29.11000061035156,29.1200008392334,29.104999542236328,29.114999771118164,29.114999771118164,7576
2023-03-16 13:32:00-04:00,29.114999771118164,29.125,29.100000381469727,29.100000381469727,29.100000381469727,23609
2023-03-16 13:33:00-04:00,29.100000381469727,29.114999771118164,29.097900390625,29.114999771118164,29.114999771118164,8130
2023-03-16 13:34:00-04:00,29.11000061035156,29.125,29.11000061035156,29.125,29.125,7399
2023-03-16 13:35:00-04:00,29.125,29.125,29.11000061035156,29.11000061035156,29.11000061035156,8332
2023-03-16 13:36:00-04:00,29.11000061035156,29.1200008392334,29.104999542236328,29.11000061035156,29.11000061035156,16159
2023-03-16 13:37:00-04:00,29.1200008392334,29.12879943847656,29.114999771118164,29.114999771118164,29.114999771118164,13604
2023-03-16 13:38:00-04:00,29.1200008392334,29.125,29.11000061035156,29.114999771118164,29.114999771118164,4747
2023-03-16 13:39:00-04:00,29.11000061035156,29.1299991607666,29.104999542236328,29.1299991607666,29.1299991607666,25721
2023-03-16 13:40:00-04:00,29.125,29.1299991607666,29.114999771118164,29.114999771118164,29.114999771118164,13846
2023-03-16 13:41:00-04:00,29.11000061035156,29.1299991607666,29.11000061035156,29.1299991607666,29.1299991607666,37260
2023-03-16 13:42:00-04:00,29.1299991607666,29.13999938964844,29.1200008392334,29.125,29.125,10216
2023-03-16 13:43:00-04:00,29.125,29.125,29.100000381469727,29.11000061035156,29.11000061035156,6968
2023-03-16 13:44:00-04:00,29.11000061035156,29.114999771118164,29.100000381469727,29.104999542236328,29.104999542236328,6531
2023-03-16 13:45:00-04:00,29.100000381469727,29.104999542236328,29.084999084472656,29.09000015258789,29.09000015258789,20564
2023-03-16 13:46:00-04:00,29.084999084472656,29.11000061035156,29.084999084472656,29.11000061035156,29.11000061035156,27067
2023-03-16 13:47:00-04:00,29.1200008392334,29.13999938964844,29.1200008392334,29.13500022888184,29.13500022888184,20718
2023-03-16 13:48:00-04:00,29.13999938964844,29.155000686645508,29.13999938964844,29.155000686645508,29.155000686645508,9829
2023-03-16 13:49:00-04:00,29.149999618530277,29.155000686645508,29.125,29.1299991607666,29.1299991607666,16000
2023-03-16 13:50:00-04:00,29.1200008392334,29.1299991607666,29.075000762939453,29.100000381469727,29.100000381469727,52293
2023-03-16 13:51:00-04:00,29.11000061035156,29.1299991607666,29.104999542236328,29.1200008392334,29.1200008392334,12544
2023-03-16 13:52:00-04:00,29.1200008392334,29.13999938964844,29.1200008392334,29.1299991607666,29.1299991607666,10985
2023-03-16 13:53:00-04:00,29.1299991607666,29.1299991607666,29.11000061035156,29.114999771118164,29.114999771118164,9779
2023-03-16 13:54:00-04:00,29.114999771118164,29.13999938964844,29.11000061035156,29.13999938964844,29.13999938964844,11952
2023-03-16 13:55:00-04:00,29.13999938964844,29.145000457763672,29.13500022888184,29.13999938964844,29.13999938964844,15018
2023-03-16 13:56:00-04:00,29.13999938964844,29.13999938964844,29.1299991607666,29.13999938964844,29.13999938964844,13994
2023-03-16 13:57:00-04:00,29.13999938964844,29.165000915527344,29.13999938964844,29.15999984741211,29.15999984741211,24148
2023-03-16 13:58:00-04:00,29.149999618530277,29.15999984741211,29.13999938964844,29.15999984741211,29.15999984741211,8097
2023-03-16 13:59:00-04:00,29.15999984741211,29.165000915527344,29.149999618530277,29.15999984741211,29.15999984741211,11029
2023-03-16 14:00:00-04:00,29.15999984741211,29.170000076293945,29.13999938964844,29.13999938964844,29.13999938964844,23711
2023-03-16 14:01:00-04:00,29.13500022888184,29.155000686645508,29.125,29.149999618530277,29.149999618530277,14105
2023-03-16 14:02:00-04:00,29.15999984741211,29.15999984741211,29.13500022888184,29.13999938964844,29.13999938964844,16371
2023-03-16 14:03:00-04:00,29.13949966430664,29.149999618530277,29.13500022888184,29.149999618530277,29.149999618530277,8012
2023-03-16 14:04:00-04:00,29.13999938964844,29.145000457763672,29.13500022888184,29.145000457763672,29.145000457763672,12350
2023-03-16 14:05:00-04:00,29.13999938964844,29.13999938964844,29.1200008392334,29.1200008392334,29.1200008392334,10238
2023-03-16 14:06:00-04:00,29.125,29.125,29.11000061035156,29.11000061035156,29.11000061035156,24630
2023-03-16 14:07:00-04:00,29.11000061035156,29.1299991607666,29.11000061035156,29.1299991607666,29.1299991607666,6116
2023-03-16 14:08:00-04:00,29.125,29.155000686645508,29.125,29.155000686645508,29.155000686645508,11471
2023-03-16 14:09:00-04:00,29.155000686645508,29.184999465942383,29.155000686645508,29.18000030517578,29.18000030517578,13516
2023-03-16 14:10:00-04:00,29.18000030517578,29.19499969482422,29.18000030517578,29.18000030517578,29.18000030517578,15160
2023-03-16 14:11:00-04:00,29.190000534057617,29.190000534057617,29.184999465942383,29.190000534057617,29.190000534057617,10495
2023-03-16 14:12:00-04:00,29.18000030517578,29.184999465942383,29.15999984741211,29.174999237060547,29.174999237060547,22261
2023-03-16 14:13:00-04:00,29.170000076293945,29.18000030517578,29.170000076293945,29.18000030517578,29.18000030517578,2373
2023-03-16 14:14:00-04:00,29.18000030517578,29.184999465942383,29.15999984741211,29.165000915527344,29.165000915527344,26459
2023-03-16 14:15:00-04:00,29.165000915527344,29.18000030517578,29.155000686645508,29.18000030517578,29.18000030517578,10562
2023-03-16 14:16:00-04:00,29.18000030517578,29.190000534057617,29.18000030517578,29.184999465942383,29.184999465942383,22140
2023-03-16 14:17:00-04:00,29.18000030517578,29.209999084472656,29.170000076293945,29.20499992370605,29.20499992370605,32290
2023-03-16 14:18:00-04:00,29.209199905395508,29.21999931335449,29.20499992370605,29.21999931335449,29.21999931335449,7884
2023-03-16 14:19:00-04:00,29.21999931335449,29.229999542236328,29.190000534057617,29.190000534057617,29.190000534057617,24082
2023-03-16 14:20:00-04:00,29.200000762939453,29.209999084472656,29.170000076293945,29.184999465942383,29.184999465942383,37309
2023-03-16 14:21:00-04:00,29.190000534057617,29.190000534057617,29.174999237060547,29.184999465942383,29.184999465942383,16651
2023-03-16 14:22:00-04:00,29.186899185180664,29.20499992370605,29.184999465942383,29.190000534057617,29.190000534057617,26873
2023-03-16 14:23:00-04:00,29.200000762939453,29.209999084472656,29.19499969482422,29.20499992370605,29.20499992370605,16284
2023-03-16 14:24:00-04:00,29.20499992370605,29.21500015258789,29.190000534057617,29.190000534057617,29.190000534057617,23659
2023-03-16 14:25:00-04:00,29.19079971313477,29.19499969482422,29.155000686645508,29.155000686645508,29.155000686645508,31076
2023-03-16 14:26:00-04:00,29.155000686645508,29.155000686645508,29.13500022888184,29.145000457763672,29.145000457763672,27284
2023-03-16 14:27:00-04:00,29.13999938964844,29.13999938964844,29.130800247192383,29.13500022888184,29.13500022888184,14646
2023-03-16 14:28:00-04:00,29.13999938964844,29.149999618530277,29.13500022888184,29.145000457763672,29.145000457763672,19776
2023-03-16 14:29:00-04:00,29.13999938964844,29.165000915527344,29.13500022888184,29.165000915527344,29.165000915527344,30615
2023-03-16 14:30:00-04:00,29.165000915527344,29.170000076293945,29.149999618530277,29.149999618530277,29.149999618530277,11051
2023-03-16 14:31:00-04:00,29.15999984741211,29.15999984741211,29.149999618530277,29.15999984741211,29.15999984741211,11542
2023-03-16 14:32:00-04:00,29.155000686645508,29.155000686645508,29.11000061035156,29.114999771118164,29.114999771118164,201052
2023-03-16 14:33:00-04:00,29.11000061035156,29.1200008392334,29.09499931335449,29.09499931335449,29.09499931335449,24930
2023-03-16 14:34:00-04:00,29.09499931335449,29.100000381469727,29.075000762939453,29.09499931335449,29.09499931335449,29066
2023-03-16 14:35:00-04:00,29.09499931335449,29.1200008392334,29.09499931335449,29.1200008392334,29.1200008392334,17142
2023-03-16 14:36:00-04:00,29.114999771118164,29.13999938964844,29.114999771118164,29.114999771118164,29.114999771118164,12575
2023-03-16 14:37:00-04:00,29.1200008392334,29.1299991607666,29.114999771118164,29.114999771118164,29.114999771118164,40074
2023-03-16 14:38:00-04:00,29.114999771118164,29.145000457763672,29.114999771118164,29.1299991607666,29.1299991607666,20708
2023-03-16 14:39:00-04:00,29.13500022888184,29.149999618530277,29.13500022888184,29.145299911499023,29.145299911499023,22096
2023-03-16 14:40:00-04:00,29.13999938964844,29.18000030517578,29.13999938964844,29.174999237060547,29.174999237060547,26240
2023-03-16 14:41:00-04:00,29.18000030517578,29.190000534057617,29.170000076293945,29.190000534057617,29.190000534057617,7040
2023-03-16 14:42:00-04:00,29.190000534057617,29.200000762939453,29.184999465942383,29.19499969482422,29.19499969482422,13193
2023-03-16 14:43:00-04:00,29.19499969482422,29.200000762939453,29.18000030517578,29.19499969482422,29.19499969482422,22671
2023-03-16 14:44:00-04:00,29.19499969482422,29.21500015258789,29.19499969482422,29.20499992370605,29.20499992370605,14836
2023-03-16 14:45:00-04:00,29.20499992370605,29.21500015258789,29.20499992370605,29.21500015258789,29.21500015258789,5440
2023-03-16 14:46:00-04:00,29.21999931335449,29.21999931335449,29.190000534057617,29.190000534057617,29.190000534057617,21386
2023-03-16 14:47:00-04:00,29.190000534057617,29.19499969482422,29.15999984741211,29.15999984741211,29.15999984741211,15011
2023-03-16 14:48:00-04:00,29.165000915527344,29.18000030517578,29.15999984741211,29.174999237060547,29.174999237060547,15559
2023-03-16 14:49:00-04:00,29.174999237060547,29.18589973449707,29.170000076293945,29.184999465942383,29.184999465942383,12567
2023-03-16 14:50:00-04:00,29.190000534057617,29.190000534057617,29.165000915527344,29.184999465942383,29.184999465942383,24236
2023-03-16 14:51:00-04:00,29.184999465942383,29.190000534057617,29.18000030517578,29.184999465942383,29.184999465942383,1824
2023-03-16 14:52:00-04:00,29.190000534057617,29.200000762939453,29.190000534057617,29.19499969482422,29.19499969482422,19143
2023-03-16 14:53:00-04:00,29.19499969482422,29.19499969482422,29.184999465942383,29.1924991607666,29.1924991607666,26122
2023-03-16 14:54:00-04:00,29.19499969482422,29.19750022888184,29.190000534057617,29.19499969482422,29.19499969482422,3049
2023-03-16 14:55:00-04:00,29.19499969482422,29.20499992370605,29.1924991607666,29.20499992370605,29.20499992370605,19469
2023-03-16 14:56:00-04:00,29.20499992370605,29.225000381469727,29.20499992370605,29.225000381469727,29.225000381469727,27713
2023-03-16 14:57:00-04:00,29.225000381469727,29.2549991607666,29.225000381469727,29.2549991607666,29.2549991607666,20954
2023-03-16 14:58:00-04:00,29.2549991607666,29.26000022888184,29.25,29.26000022888184,29.26000022888184,14716
2023-03-16 14:59:00-04:00,29.2549991607666,29.26499938964844,29.25,29.26000022888184,29.26000022888184,18033
2023-03-16 15:00:00-04:00,29.270000457763672,29.274999618530277,29.26000022888184,29.274999618530277,29.274999618530277,21490
2023-03-16 15:01:00-04:00,29.280000686645508,29.30500030517578,29.280000686645508,29.30500030517578,29.30500030517578,30085
2023-03-16 15:02:00-04:00,29.299999237060547,29.30500030517578,29.28499984741211,29.290000915527344,29.290000915527344,15898
2023-03-16 15:03:00-04:00,29.290000915527344,29.295000076293945,29.280000686645508,29.28249931335449,29.28249931335449,10753
2023-03-16 15:04:00-04:00,29.290000915527344,29.290000915527344,29.280000686645508,29.290000915527344,29.290000915527344,4602
2023-03-16 15:05:00-04:00,29.290000915527344,29.299999237060547,29.28249931335449,29.299999237060547,29.299999237060547,24793
2023-03-16 15:06:00-04:00,29.299999237060547,29.309999465942383,29.295000076293945,29.299999237060547,29.299999237060547,19262
2023-03-16 15:07:00-04:00,29.295000076293945,29.309999465942383,29.292499542236328,29.30500030517578,29.30500030517578,7011
2023-03-16 15:08:00-04:00,29.309999465942383,29.325000762939453,29.309999465942383,29.325000762939453,29.325000762939453,20887
2023-03-16 15:09:00-04:00,29.31999969482422,29.325000762939453,29.290000915527344,29.295000076293945,29.295000076293945,30844
2023-03-16 15:10:00-04:00,29.299999237060547,29.30500030517578,29.290000915527344,29.30500030517578,29.30500030517578,4271
2023-03-16 15:11:00-04:00,29.30500030517578,29.309999465942383,29.290000915527344,29.309999465942383,29.309999465942383,17512
2023-03-16 15:12:00-04:00,29.30500030517578,29.31999969482422,29.299999237060547,29.315000534057617,29.315000534057617,15618
2023-03-16 15:13:00-04:00,29.315000534057617,29.31999969482422,29.299999237060547,29.30500030517578,29.30500030517578,22950
2023-03-16 15:14:00-04:00,29.309999465942383,29.31999969482422,29.29010009765625,29.29010009765625,29.29010009765625,31617
2023-03-16 15:15:00-04:00,29.295000076293945,29.295000076293945,29.270000457763672,29.27910041809082,29.27910041809082,17663
2023-03-16 15:16:00-04:00,29.280000686645508,29.309999465942383,29.280000686645508,29.30500030517578,29.30500030517578,13952
2023-03-16 15:17:00-04:00,29.309999465942383,29.309999465942383,29.290000915527344,29.299999237060547,29.299999237060547,16012
2023-03-16 15:18:00-04:00,29.299999237060547,29.299999237060547,29.290000915527344,29.290000915527344,29.290000915527344,4223
2023-03-16 15:19:00-04:00,29.290000915527344,29.295000076293945,29.270000457763672,29.274999618530277,29.274999618530277,16064
2023-03-16 15:20:00-04:00,29.274999618530277,29.274999618530277,29.26000022888184,29.270000457763672,29.270000457763672,14692
2023-03-16 15:21:00-04:00,29.270000457763672,29.290000915527344,29.270000457763672,29.270000457763672,29.270000457763672,34922
2023-03-16 15:22:00-04:00,29.280000686645508,29.295000076293945,29.270000457763672,29.290000915527344,29.290000915527344,22939
2023-03-16 15:23:00-04:00,29.290000915527344,29.295000076293945,29.28499984741211,29.295000076293945,29.295000076293945,8097
2023-03-16 15:24:00-04:00,29.29010009765625,29.315000534057617,29.29010009765625,29.30500030517578,29.30500030517578,32327
2023-03-16 15:25:00-04:00,29.299999237060547,29.309999465942383,29.2947998046875,29.299999237060547,29.299999237060547,18144
2023-03-16 15:26:00-04:00,29.290000915527344,29.295000076293945,29.274999618530277,29.290000915527344,29.290000915527344,25431
2023-03-16 15:27:00-04:00,29.28499984741211,29.31999969482422,29.28499984741211,29.3174991607666,29.3174991607666,33810
2023-03-16 15:28:00-04:00,29.315000534057617,29.32999992370605,29.299999237060547,29.32999992370605,29.32999992370605,21117
2023-03-16 15:29:00-04:00,29.325000762939453,29.32999992370605,29.31999969482422,29.32999992370605,29.32999992370605,16104
2023-03-16 15:30:00-04:00,29.325000762939453,29.34000015258789,29.31999969482422,29.325000762939453,29.325000762939453,41227
2023-03-16 15:31:00-04:00,29.325000762939453,29.334999084472656,29.309999465942383,29.32999992370605,29.32999992370605,65803
2023-03-16 15:32:00-04:00,29.334999084472656,29.350000381469727,29.32999992370605,29.350000381469727,29.350000381469727,17063
2023-03-16 15:33:00-04:00,29.350000381469727,29.350000381469727,29.325000762939453,29.325000762939453,29.325000762939453,27087
2023-03-16 15:34:00-04:00,29.325000762939453,29.34000015258789,29.31999969482422,29.34000015258789,29.34000015258789,18239
2023-03-16 15:35:00-04:00,29.34000015258789,29.34000015258789,29.309999465942383,29.31999969482422,29.31999969482422,23910
2023-03-16 15:36:00-04:00,29.309999465942383,29.32999992370605,29.309999465942383,29.31999969482422,29.31999969482422,15629
2023-03-16 15:37:00-04:00,29.325000762939453,29.32999992370605,29.299999237060547,29.309999465942383,29.309999465942383,20279
2023-03-16 15:38:00-04:00,29.309999465942383,29.32999992370605,29.299999237060547,29.32999992370605,29.32999992370605,20702
2023-03-16 15:39:00-04:00,29.325000762939453,29.34000015258789,29.325000762939453,29.34000015258789,29.34000015258789,15383
2023-03-16 15:40:00-04:00,29.336000442504883,29.350000381469727,29.32999992370605,29.34000015258789,29.34000015258789,34086
2023-03-16 15:41:00-04:00,29.34000015258789,29.354999542236328,29.32999992370605,29.354999542236328,29.354999542236328,26723
2023-03-16 15:42:00-04:00,29.357500076293945,29.3700008392334,29.354999542236328,29.3700008392334,29.3700008392334,13877
2023-03-16 15:43:00-04:00,29.3700008392334,29.399999618530277,29.3700008392334,29.399999618530277,29.399999618530277,47836
2023-03-16 15:44:00-04:00,29.399999618530277,29.399999618530277,29.395000457763672,29.399999618530277,29.399999618530277,20645
2023-03-16 15:45:00-04:00,29.399999618530277,29.399999618530277,29.3700008392334,29.3799991607666,29.3799991607666,49132
2023-03-16 15:46:00-04:00,29.3799991607666,29.399999618530277,29.375,29.38999938964844,29.38999938964844,34631
2023-03-16 15:47:00-04:00,29.38500022888184,29.38999938964844,29.34000015258789,29.350000381469727,29.350000381469727,96436
2023-03-16 15:48:00-04:00,29.34499931335449,29.350000381469727,29.32999992370605,29.34000015258789,29.34000015258789,34539
2023-03-16 15:49:00-04:00,29.350000381469727,29.3799991607666,29.350000381469727,29.364999771118164,29.364999771118164,38728
2023-03-16 15:50:00-04:00,29.3700008392334,29.395000457763672,29.36000061035156,29.3700008392334,29.3700008392334,120568
2023-03-16 15:51:00-04:00,29.364999771118164,29.364999771118164,29.34000015258789,29.34499931335449,29.34499931335449,39093
2023-03-16 15:52:00-04:00,29.34499931335449,29.350000381469727,29.32250022888184,29.350000381469727,29.350000381469727,63690
2023-03-16 15:53:00-04:00,29.350000381469727,29.36000061035156,29.34000015258789,29.34499931335449,29.34499931335449,84981
2023-03-16 15:54:00-04:00,29.34000015258789,29.3700008392334,29.34000015258789,29.34499931335449,29.34499931335449,106791
2023-03-16 15:55:00-04:00,29.34000015258789,29.34499931335449,29.295000076293945,29.30500030517578,29.30500030517578,317455
2023-03-16 15:56:00-04:00,29.30500030517578,29.32999992370605,29.30500030517578,29.32999992370605,29.32999992370605,75916
2023-03-16 15:57:00-04:00,29.32999992370605,29.36000061035156,29.32900047302246,29.350000381469727,29.350000381469727,134577
2023-03-16 15:58:00-04:00,29.350000381469727,29.350000381469727,29.32999992370605,29.350000381469727,29.350000381469727,203829
2023-03-16 15:59:00-04:00,29.350000381469727,29.36000061035156,29.32999992370605,29.34499931335449,29.34499931335449,360048
2023-03-17 09:30:00-04:00,29.32999992370605,29.32999992370605,29.149999618530277,29.200000762939453,29.200000762939453,2632757
2023-03-17 09:31:00-04:00,29.200000762939453,29.21999931335449,29.13999938964844,29.170000076293945,29.170000076293945,31069
2023-03-17 09:32:00-04:00,29.15999984741211,29.23500061035156,29.149999618530277,29.200000762939453,29.200000762939453,32314
2023-03-17 09:33:00-04:00,29.190000534057617,29.229999542236328,29.149999618530277,29.21999931335449,29.21999931335449,28156
2023-03-17 09:34:00-04:00,29.21999931335449,29.26000022888184,29.190000534057617,29.20499992370605,29.20499992370605,45849
2023-03-17 09:35:00-04:00,29.209999084472656,29.229999542236328,29.15999984741211,29.15999984741211,29.15999984741211,28579
2023-03-17 09:36:00-04:00,29.15999984741211,29.200000762939453,29.155000686645508,29.19499969482422,29.19499969482422,29028
2023-03-17 09:37:00-04:00,29.200000762939453,29.2450008392334,29.19499969482422,29.239999771118164,29.239999771118164,22045
2023-03-17 09:38:00-04:00,29.239999771118164,29.280000686645508,29.239999771118164,29.2549991607666,29.2549991607666,28425
2023-03-17 09:39:00-04:00,29.25,29.280000686645508,29.25,29.26499938964844,29.26499938964844,33086
2023-03-17 09:40:00-04:00,29.26420021057129,29.299999237060547,29.26000022888184,29.280000686645508,29.280000686645508,17922
2023-03-17 09:41:00-04:00,29.274200439453125,29.290000915527344,29.25,29.26000022888184,29.26000022888184,24507
2023-03-17 09:42:00-04:00,29.26420021057129,29.274999618530277,29.209999084472656,29.21999931335449,29.21999931335449,48030
2023-03-17 09:43:00-04:00,29.21500015258789,29.229999542236328,29.149999618530277,29.170000076293945,29.170000076293945,32460
2023-03-17 09:44:00-04:00,29.170000076293945,29.170000076293945,29.145000457763672,29.15999984741211,29.15999984741211,12189
2023-03-17 09:45:00-04:00,29.149999618530277,29.170000076293945,29.100000381469727,29.100000381469727,29.100000381469727,33819
2023-03-17 09:46:00-04:00,29.100000381469727,29.11000061035156,29.09000015258789,29.09499931335449,29.09499931335449,12291
2023-03-17 09:47:00-04:00,29.100000381469727,29.100000381469727,29.06999969482422,29.09000015258789,29.09000015258789,31862
2023-03-17 09:48:00-04:00,29.084999084472656,29.100000381469727,29.040000915527344,29.049999237060547,29.049999237060547,17415
2023-03-17 09:49:00-04:00,29.049999237060547,29.049999237060547,29.01000022888184,29.01000022888184,29.01000022888184,17310
2023-03-17 09:50:00-04:00,29.00149917602539,29.024999618530277,29.00149917602539,29.024999618530277,29.024999618530277,22399
2023-03-17 09:51:00-04:00,29.024999618530277,29.065000534057617,29.0049991607666,29.065000534057617,29.065000534057617,22581
2023-03-17 09:52:00-04:00,29.059999465942383,29.065000534057617,29.01000022888184,29.01000022888184,29.01000022888184,27142
2023-03-17 09:53:00-04:00,29.0049991607666,29.045000076293945,29.0,29.040000915527344,29.040000915527344,48581
2023-03-17 09:54:00-04:00,29.049999237060547,29.09000015258789,29.049999237060547,29.09000015258789,29.09000015258789,11566
2023-03-17 09:55:00-04:00,29.07999992370605,29.084999084472656,29.040000915527344,29.05500030517578,29.05500030517578,15046
2023-03-17 09:56:00-04:00,29.059999465942383,29.059999465942383,29.020000457763672,29.030000686645508,29.030000686645508,10878
2023-03-17 09:57:00-04:00,29.030000686645508,29.040000915527344,29.01000022888184,29.020000457763672,29.020000457763672,25680
2023-03-17 09:58:00-04:00,29.024999618530277,29.030000686645508,29.01000022888184,29.01000022888184,29.01000022888184,9174
2023-03-17 09:59:00-04:00,29.01000022888184,29.01000022888184,28.96500015258789,28.96500015258789,28.96500015258789,42469
2023-03-17 10:00:00-04:00,28.96999931335449,29.084999084472656,28.96999931335449,29.07999992370605,29.07999992370605,39612
2023-03-17 10:01:00-04:00,29.075000762939453,29.114999771118164,29.075000762939453,29.09499931335449,29.09499931335449,21872
2023-03-17 10:02:00-04:00,29.100000381469727,29.149999618530277,29.100000381469727,29.13999938964844,29.13999938964844,17319
2023-03-17 10:03:00-04:00,29.145000457763672,29.174999237060547,29.13999938964844,29.174999237060547,29.174999237060547,21839
2023-03-17 10:04:00-04:00,29.170000076293945,29.19499969482422,29.16990089416504,29.174999237060547,29.174999237060547,34337
2023-03-17 10:05:00-04:00,29.18000030517578,29.190000534057617,29.149999618530277,29.174999237060547,29.174999237060547,40186
2023-03-17 10:06:00-04:00,29.170000076293945,29.19499969482422,29.170000076293945,29.174999237060547,29.174999237060547,34092
2023-03-17 10:07:00-04:00,29.174999237060547,29.174999237060547,29.100000381469727,29.104999542236328,29.104999542236328,29581
2023-03-17 10:08:00-04:00,29.100000381469727,29.11000061035156,29.040000915527344,29.075000762939453,29.075000762939453,26239
2023-03-17 10:09:00-04:00,29.075000762939453,29.07999992370605,29.049999237060547,29.059999465942383,29.059999465942383,17218
2023-03-17 10:10:00-04:00,29.040000915527344,29.045000076293945,28.989999771118164,29.0,29.0,15885
2023-03-17 10:11:00-04:00,29.0,29.01000022888184,28.989999771118164,29.0,29.0,26049
2023-03-17 10:12:00-04:00,28.989999771118164,28.9950008392334,28.975000381469727,28.975000381469727,28.975000381469727,17551
2023-03-17 10:13:00-04:00,28.96999931335449,28.9950008392334,28.96999931335449,28.982500076293945,28.982500076293945,20402
2023-03-17 10:14:00-04:00,28.98500061035156,29.040000915527344,28.979999542236328,29.040000915527344,29.040000915527344,29572
2023-03-17 10:15:00-04:00,29.045000076293945,29.065000534057617,29.045000076293945,29.05500030517578,29.05500030517578,30319
2023-03-17 10:16:00-04:00,29.059999465942383,29.075000762939453,29.045000076293945,29.045000076293945,29.045000076293945,19277
2023-03-17 10:17:00-04:00,29.045000076293945,29.065000534057617,29.030000686645508,29.03030014038086,29.03030014038086,17045
2023-03-17 10:18:00-04:00,29.030000686645508,29.03499984741211,29.01000022888184,29.01499938964844,29.01499938964844,44700
2023-03-17 10:19:00-04:00,29.020000457763672,29.020000457763672,28.989999771118164,29.0,29.0,23929
2023-03-17 10:20:00-04:00,29.0,29.020000457763672,29.0,29.01000022888184,29.01000022888184,16522
2023-03-17 10:21:00-04:00,29.0,29.01000022888184,28.96999931335449,28.979999542236328,28.979999542236328,20682
2023-03-17 10:22:00-04:00,28.98500061035156,29.024999618530277,28.98500061035156,29.024999618530277,29.024999618530277,23247
2023-03-17 10:23:00-04:00,29.020000457763672,29.020000457763672,28.96999931335449,29.0,29.0,24658
2023-03-17 10:24:00-04:00,28.989999771118164,28.9950008392334,28.959999084472656,28.969900131225582,28.969900131225582,32829
2023-03-17 10:25:00-04:00,28.959999084472656,28.98500061035156,28.94499969482422,28.979999542236328,28.979999542236328,31256
2023-03-17 10:26:00-04:00,28.96999931335449,28.96999931335449,28.920000076293945,28.940000534057617,28.940000534057617,35296
2023-03-17 10:27:00-04:00,28.93000030517578,28.940000534057617,28.90999984741211,28.93000030517578,28.93000030517578,22894
2023-03-17 10:28:00-04:00,28.93000030517578,28.94499969482422,28.915000915527344,28.94499969482422,28.94499969482422,25508
2023-03-17 10:29:00-04:00,28.950000762939453,28.979999542236328,28.950000762939453,28.96500015258789,28.96500015258789,57466
2023-03-17 10:30:00-04:00,28.96999931335449,29.0,28.959999084472656,28.9950008392334,28.9950008392334,27259
2023-03-17 10:31:00-04:00,28.989999771118164,28.989999771118164,28.96999931335449,28.975000381469727,28.975000381469727,20040
2023-03-17 10:32:00-04:00,28.975000381469727,29.0,28.940000534057617,28.940000534057617,28.940000534057617,68457
2023-03-17 10:33:00-04:00,28.94499969482422,28.98500061035156,28.93000030517578,28.934999465942383,28.934999465942383,65846
2023-03-17 10:34:00-04:00,28.93000030517578,28.93000030517578,28.88999938964844,28.895000457763672,28.895000457763672,29712
2023-03-17 10:35:00-04:00,28.895000457763672,28.895000457763672,28.86000061035156,28.864999771118164,28.864999771118164,26977
2023-03-17 10:36:00-04:00,28.864999771118164,28.875,28.850000381469727,28.875,28.875,46761
2023-03-17 10:37:00-04:00,28.875,28.899999618530277,28.8700008392334,28.895000457763672,28.895000457763672,26057
2023-03-17 10:38:00-04:00,28.895000457763672,28.895000457763672,28.875,28.88500022888184,28.88500022888184,23176
2023-03-17 10:39:00-04:00,28.88500022888184,28.88500022888184,28.86000061035156,28.864999771118164,28.864999771118164,19917
2023-03-17 10:40:00-04:00,28.86000061035156,28.864999771118164,28.790000915527344,28.795000076293945,28.795000076293945,27812
2023-03-17 10:41:00-04:00,28.795000076293945,28.815000534057617,28.790000915527344,28.815000534057617,28.815000534057617,28147
2023-03-17 10:42:00-04:00,28.815000534057617,28.850000381469727,28.809999465942383,28.84000015258789,28.84000015258789,15780
2023-03-17 10:43:00-04:00,28.84000015258789,28.84499931335449,28.799999237060547,28.809999465942383,28.809999465942383,27072
2023-03-17 10:44:00-04:00,28.80500030517578,28.809999465942383,28.76000022888184,28.76000022888184,28.76000022888184,16142
2023-03-17 10:45:00-04:00,28.76000022888184,28.770000457763672,28.75,28.76000022888184,28.76000022888184,18026
2023-03-17 10:46:00-04:00,28.75,28.799999237060547,28.75,28.790000915527344,28.790000915527344,18314
2023-03-17 10:47:00-04:00,28.799999237060547,28.799999237060547,28.780000686645508,28.790000915527344,28.790000915527344,27732
2023-03-17 10:48:00-04:00,28.78499984741211,28.790000915527344,28.75,28.75,28.75,7530
2023-03-17 10:49:00-04:00,28.75,28.78499984741211,28.7450008392334,28.78499984741211,28.78499984741211,33298
2023-03-17 10:50:00-04:00,28.780000686645508,28.799999237060547,28.770000457763672,28.799999237060547,28.799999237060547,37345
2023-03-17 10:51:00-04:00,28.799999237060547,28.825000762939453,28.790000915527344,28.80500030517578,28.80500030517578,22684
2023-03-17 10:52:00-04:00,28.799999237060547,28.799999237060547,28.770000457763672,28.780000686645508,28.780000686645508,22829
2023-03-17 10:53:00-04:00,28.780000686645508,28.825000762939453,28.780000686645508,28.825000762939453,28.825000762939453,27214
2023-03-17 10:54:00-04:00,28.81999969482422,28.825000762939453,28.790000915527344,28.795000076293945,28.795000076293945,21141
2023-03-17 10:55:00-04:00,28.799999237060547,28.825000762939453,28.799999237060547,28.825000762939453,28.825000762939453,36678
2023-03-17 10:56:00-04:00,28.825000762939453,28.86000061035156,28.825000762939453,28.854999542236328,28.854999542236328,57276
2023-03-17 10:57:00-04:00,28.854999542236328,28.875,28.84499931335449,28.864999771118164,28.864999771118164,37852
2023-03-17 10:58:00-04:00,28.8700008392334,28.8799991607666,28.8700008392334,28.8799991607666,28.8799991607666,28791
2023-03-17 10:59:00-04:00,28.8700008392334,28.887300491333008,28.86000061035156,28.88500022888184,28.88500022888184,51825
2023-03-17 11:00:00-04:00,28.8799991607666,28.8799991607666,28.853900909423828,28.86000061035156,28.86000061035156,110862
2023-03-17 11:01:00-04:00,28.850000381469727,28.88500022888184,28.834999084472656,28.8700008392334,28.8700008392334,74897
2023-03-17 11:02:00-04:00,28.8700008392334,28.88999938964844,28.864999771118164,28.88500022888184,28.88500022888184,13375
2023-03-17 11:03:00-04:00,28.88999938964844,28.88999938964844,28.850000381469727,28.850000381469727,28.850000381469727,19154
2023-03-17 11:04:00-04:00,28.84000015258789,28.864999771118164,28.84000015258789,28.864999771118164,28.864999771118164,25015
2023-03-17 11:05:00-04:00,28.864999771118164,28.864999771118164,28.84000015258789,28.850000381469727,28.850000381469727,18304
2023-03-17 11:06:00-04:00,28.84499931335449,28.875,28.83300018310547,28.875,28.875,37931
2023-03-17 11:07:00-04:00,28.8799991607666,28.915000915527344,28.8799991607666,28.915000915527344,28.915000915527344,24438
2023-03-17 11:08:00-04:00,28.915000915527344,28.924999237060547,28.905000686645508,28.920000076293945,28.920000076293945,25530
2023-03-17 11:09:00-04:00,28.920000076293945,28.924999237060547,28.899999618530277,28.90250015258789,28.90250015258789,14126
2023-03-17 11:10:00-04:00,28.90559959411621,28.90559959411621,28.88999938964844,28.905000686645508,28.905000686645508,12081
2023-03-17 11:11:00-04:00,28.90999984741211,28.90999984741211,28.88999938964844,28.895000457763672,28.895000457763672,14103
2023-03-17 11:12:00-04:00,28.88999938964844,28.924999237060547,28.88999938964844,28.924999237060547,28.924999237060547,36445
2023-03-17 11:13:00-04:00,28.93000030517578,28.94499969482422,28.924999237060547,28.924999237060547,28.924999237060547,27159
2023-03-17 11:14:00-04:00,28.920000076293945,28.924999237060547,28.899999618530277,28.905000686645508,28.905000686645508,21742
2023-03-17 11:15:00-04:00,28.905000686645508,28.934999465942383,28.899999618530277,28.934999465942383,28.934999465942383,22046
2023-03-17 11:16:00-04:00,28.934999465942383,28.98500061035156,28.934999465942383,28.96999931335449,28.96999931335449,38521
2023-03-17 11:17:00-04:00,28.96500015258789,28.96999931335449,28.950000762939453,28.959999084472656,28.959999084472656,10793
2023-03-17 11:18:00-04:00,28.96999931335449,28.98500061035156,28.96500015258789,28.979999542236328,28.979999542236328,9669
2023-03-17 11:19:00-04:00,28.978900909423828,28.979999542236328,28.950000762939453,28.95499992370605,28.95499992370605,22942
2023-03-17 11:20:00-04:00,28.959999084472656,28.975000381469727,28.959999084472656,28.975000381469727,28.975000381469727,10631
2023-03-17 11:21:00-04:00,28.975000381469727,28.979999542236328,28.959999084472656,28.975000381469727,28.975000381469727,19919
2023-03-17 11:22:00-04:00,28.96999931335449,28.975000381469727,28.917499542236328,28.924999237060547,28.924999237060547,17863
2023-03-17 11:23:00-04:00,28.920000076293945,28.920000076293945,28.8799991607666,28.895000457763672,28.895000457763672,17573
2023-03-17 11:24:00-04:00,28.88999938964844,28.899999618530277,28.8799991607666,28.8799991607666,28.8799991607666,17079
2023-03-17 11:25:00-04:00,28.8700008392334,28.8700008392334,28.81999969482422,28.82999992370605,28.82999992370605,23520
2023-03-17 11:26:00-04:00,28.81999969482422,28.850000381469727,28.81999969482422,28.84499931335449,28.84499931335449,12715
2023-03-17 11:27:00-04:00,28.84499931335449,28.854999542236328,28.81999969482422,28.850000381469727,28.850000381469727,30024
2023-03-17 11:28:00-04:00,28.850000381469727,28.875,28.850000381469727,28.8700008392334,28.8700008392334,21392
2023-03-17 11:29:00-04:00,28.864999771118164,28.864999771118164,28.84000015258789,28.86000061035156,28.86000061035156,13406
2023-03-17 11:30:00-04:00,28.86000061035156,28.86000061035156,28.84499931335449,28.86000061035156,28.86000061035156,14886
2023-03-17 11:31:00-04:00,28.850000381469727,28.86000061035156,28.84499931335449,28.85930061340332,28.85930061340332,8939
2023-03-17 11:32:00-04:00,28.854999542236328,28.895000457763672,28.852500915527344,28.895000457763672,28.895000457763672,43022
2023-03-17 11:33:00-04:00,28.88999938964844,28.93000030517578,28.88999938964844,28.93000030517578,28.93000030517578,30574
2023-03-17 11:34:00-04:00,28.924999237060547,28.940000534057617,28.920000076293945,28.940000534057617,28.940000534057617,8426
2023-03-17 11:35:00-04:00,28.93000030517578,28.959999084472656,28.93000030517578,28.950000762939453,28.950000762939453,35162
2023-03-17 11:36:00-04:00,28.95499992370605,28.959999084472656,28.920000076293945,28.940000534057617,28.940000534057617,37616
2023-03-17 11:37:00-04:00,28.940000534057617,28.940000534057617,28.90999984741211,28.90999984741211,28.90999984741211,15108
2023-03-17 11:38:00-04:00,28.90999984741211,28.90999984741211,28.8799991607666,28.895000457763672,28.895000457763672,9177
2023-03-17 11:39:00-04:00,28.88999938964844,28.88999938964844,28.875,28.87929916381836,28.87929916381836,12366
2023-03-17 11:40:00-04:00,28.8799991607666,28.899999618530277,28.8799991607666,28.88999938964844,28.88999938964844,19454
2023-03-17 11:41:00-04:00,28.899999618530277,28.899999618530277,28.88999938964844,28.88999938964844,28.88999938964844,26121
2023-03-17 11:42:00-04:00,28.899999618530277,28.899999618530277,28.8700008392334,28.8700008392334,28.8700008392334,21498
2023-03-17 11:43:00-04:00,28.875,28.875,28.82999992370605,28.850000381469727,28.850000381469727,20693
2023-03-17 11:44:00-04:00,28.850000381469727,28.864999771118164,28.84000015258789,28.84499931335449,28.84499931335449,42241
2023-03-17 11:45:00-04:00,28.850000381469727,28.905000686645508,28.850000381469727,28.899999618530277,28.899999618530277,25630
2023-03-17 11:46:00-04:00,28.899999618530277,28.905799865722656,28.88999938964844,28.899999618530277,28.899999618530277,11301
2023-03-17 11:47:00-04:00,28.895000457763672,28.895000457763672,28.875,28.8799991607666,28.8799991607666,10206
2023-03-17 11:48:00-04:00,28.88999938964844,28.88999938964844,28.875,28.8799991607666,28.8799991607666,6520
2023-03-17 11:49:00-04:00,28.87989997863769,28.88999938964844,28.8700008392334,28.88999938964844,28.88999938964844,11694
2023-03-17 11:50:00-04:00,28.88999938964844,28.899999618530277,28.8799991607666,28.89800071716309,28.89800071716309,17378
2023-03-17 11:51:00-04:00,28.88999938964844,28.899999618530277,28.88999938964844,28.89150047302246,28.89150047302246,14845
2023-03-17 11:52:00-04:00,28.895000457763672,28.905000686645508,28.88500022888184,28.88999938964844,28.88999938964844,9938
2023-03-17 11:53:00-04:00,28.88999938964844,28.88999938964844,28.854999542236328,28.86000061035156,28.86000061035156,9234
2023-03-17 11:55:00-04:00,28.809999465942383,28.81999969482422,28.809999465942383,28.815000534057617,28.815000534057617,38823
2023-03-17 11:56:00-04:00,28.81999969482422,28.82999992370605,28.809999465942383,28.81999969482422,28.81999969482422,19201
2023-03-17 11:57:00-04:00,28.825000762939453,28.82999992370605,28.799999237060547,28.799999237060547,28.799999237060547,16258
2023-03-17 11:58:00-04:00,28.790000915527344,28.81999969482422,28.780000686645508,28.81999969482422,28.81999969482422,14696
2023-03-17 11:59:00-04:00,28.809999465942383,28.809999465942383,28.793100357055664,28.809999465942383,28.809999465942383,11727
2023-03-17 12:00:00-04:00,28.809999465942383,28.850000381469727,28.809999465942383,28.84000015258789,28.84000015258789,17911
2023-03-17 12:01:00-04:00,28.84499931335449,28.850000381469727,28.84000015258789,28.84000015258789,28.84000015258789,9972
2023-03-17 12:02:00-04:00,28.84000015258789,28.84000015258789,28.82999992370605,28.82999992370605,28.82999992370605,5033
2023-03-17 12:03:00-04:00,28.82999992370605,28.86000061035156,28.81999969482422,28.86000061035156,28.86000061035156,11508
2023-03-17 12:04:00-04:00,28.86000061035156,28.86000061035156,28.84000015258789,28.84000015258789,28.84000015258789,16214
2023-03-17 12:05:00-04:00,28.82999992370605,28.82999992370605,28.809999465942383,28.809999465942383,28.809999465942383,6617
2023-03-17 12:06:00-04:00,28.799999237060547,28.84000015258789,28.799999237060547,28.84000015258789,28.84000015258789,16500
2023-03-17 12:07:00-04:00,28.82999992370605,28.86000061035156,28.81999969482422,28.850000381469727,28.850000381469727,21019
2023-03-17 12:08:00-04:00,28.850000381469727,28.8700008392334,28.84499931335449,28.86000061035156,28.86000061035156,4607
2023-03-17 12:09:00-04:00,28.8700008392334,28.88999938964844,28.8700008392334,28.8799991607666,28.8799991607666,10931
2023-03-17 12:10:00-04:00,28.8799991607666,28.88999938964844,28.86000061035156,28.8799991607666,28.8799991607666,15936
2023-03-17 12:11:00-04:00,28.875,28.88999938964844,28.8700008392334,28.8700008392334,28.8700008392334,21868
2023-03-17 12:12:00-04:00,28.8700008392334,28.8799991607666,28.8700008392334,28.8799991607666,28.8799991607666,4966
2023-03-17 12:13:00-04:00,28.8799991607666,28.8799991607666,28.86000061035156,28.8700008392334,28.8700008392334,10669
2023-03-17 12:14:00-04:00,28.8799991607666,28.88999938964844,28.8700008392334,28.8799991607666,28.8799991607666,19290
2023-03-17 12:15:00-04:00,28.88500022888184,28.88999938964844,28.8799991607666,28.8799991607666,28.8799991607666,14485
2023-03-17 12:16:00-04:00,28.88500022888184,28.905000686645508,28.875,28.905000686645508,28.905000686645508,19647
2023-03-17 12:17:00-04:00,28.90999984741211,28.920000076293945,28.8799991607666,28.899999618530277,28.899999618530277,14957
2023-03-17 12:18:00-04:00,28.895000457763672,28.895000457763672,28.850000381469727,28.854999542236328,28.854999542236328,5619
2023-03-17 12:19:00-04:00,28.850000381469727,28.88500022888184,28.850000381469727,28.88500022888184,28.88500022888184,35207
2023-03-17 12:20:00-04:00,28.88500022888184,28.899999618530277,28.8799991607666,28.8799991607666,28.8799991607666,12375
2023-03-17 12:21:00-04:00,28.88500022888184,28.88500022888184,28.850000381469727,28.854999542236328,28.854999542236328,17987
2023-03-17 12:22:00-04:00,28.854999542236328,28.864999771118164,28.84000015258789,28.864999771118164,28.864999771118164,20266
2023-03-17 12:23:00-04:00,28.86000061035156,28.864999771118164,28.84000015258789,28.854999542236328,28.854999542236328,21980
2023-03-17 12:24:00-04:00,28.854999542236328,28.86000061035156,28.84000015258789,28.84499931335449,28.84499931335449,8132
2023-03-17 12:25:00-04:00,28.84000015258789,28.854999542236328,28.825000762939453,28.82999992370605,28.82999992370605,30688
2023-03-17 12:26:00-04:00,28.82999992370605,28.82999992370605,28.809999465942383,28.825000762939453,28.825000762939453,11067
2023-03-17 12:27:00-04:00,28.81999969482422,28.864999771118164,28.81999969482422,28.864999771118164,28.864999771118164,14646
2023-03-17 12:28:00-04:00,28.864999771118164,28.8799991607666,28.850000381469727,28.86000061035156,28.86000061035156,20399
2023-03-17 12:29:00-04:00,28.854999542236328,28.895000457763672,28.8533992767334,28.88500022888184,28.88500022888184,11915
2023-03-17 12:30:00-04:00,28.8799991607666,28.90999984741211,28.8799991607666,28.90999984741211,28.90999984741211,20361
2023-03-17 12:31:00-04:00,28.924999237060547,28.950000762939453,28.915000915527344,28.924999237060547,28.924999237060547,22790
2023-03-17 12:32:00-04:00,28.93000030517578,28.94499969482422,28.915000915527344,28.915000915527344,28.915000915527344,23420
2023-03-17 12:33:00-04:00,28.90999984741211,28.90999984741211,28.8799991607666,28.899999618530277,28.899999618530277,16099
2023-03-17 12:34:00-04:00,28.88999938964844,28.88999938964844,28.8799991607666,28.8799991607666,28.8799991607666,4735
2023-03-17 12:35:00-04:00,28.8700008392334,28.875,28.86000061035156,28.8700008392334,28.8700008392334,18077
2023-03-17 12:36:00-04:00,28.8700008392334,28.88999938964844,28.8700008392334,28.88999938964844,28.88999938964844,15956
2023-03-17 12:37:00-04:00,28.88999938964844,28.88999938964844,28.850000381469727,28.86000061035156,28.86000061035156,8551
2023-03-17 12:38:00-04:00,28.854999542236328,28.86000061035156,28.84000015258789,28.84000015258789,28.84000015258789,9947
2023-03-17 12:39:00-04:00,28.84000015258789,28.850000381469727,28.834999084472656,28.84499931335449,28.84499931335449,12039
2023-03-17 12:40:00-04:00,28.850000381469727,28.86000061035156,28.850000381469727,28.86000061035156,28.86000061035156,9148
2023-03-17 12:41:00-04:00,28.8700008392334,28.875,28.84000015258789,28.850000381469727,28.850000381469727,15483
2023-03-17 12:42:00-04:00,28.850000381469727,28.850000381469727,28.84499931335449,28.850000381469727,28.850000381469727,6513
2023-03-17 12:43:00-04:00,28.850000381469727,28.850000381469727,28.834999084472656,28.84000015258789,28.84000015258789,17132
2023-03-17 12:44:00-04:00,28.84499931335449,28.850000381469727,28.84000015258789,28.850000381469727,28.850000381469727,3001
2023-03-17 12:45:00-04:00,28.850000381469727,28.854999542236328,28.82999992370605,28.82999992370605,28.82999992370605,18069
2023-03-17 12:46:00-04:00,28.834999084472656,28.850000381469727,28.834999084472656,28.843299865722656,28.843299865722656,8918
2023-03-17 12:47:00-04:00,28.84000015258789,28.88999938964844,28.84000015258789,28.88999938964844,28.88999938964844,14253
2023-03-17 12:48:00-04:00,28.88999938964844,28.9060001373291,28.88999938964844,28.88999938964844,28.88999938964844,36260
2023-03-17 12:49:00-04:00,28.899999618530277,28.899999618530277,28.8700008392334,28.8700008392334,28.8700008392334,9413
2023-03-17 12:50:00-04:00,28.8799991607666,28.88999938964844,28.86000061035156,28.86000061035156,28.86000061035156,200838
2023-03-17 12:51:00-04:00,28.86000061035156,28.864999771118164,28.854999542236328,28.854999542236328,28.854999542236328,7942
2023-03-17 12:52:00-04:00,28.850000381469727,28.850000381469727,28.82999992370605,28.84499931335449,28.84499931335449,10300
2023-03-17 12:53:00-04:00,28.850000381469727,28.850000381469727,28.834999084472656,28.834999084472656,28.834999084472656,12176
2023-03-17 12:54:00-04:00,28.82999992370605,28.82999992370605,28.81999969482422,28.81999969482422,28.81999969482422,9025
2023-03-17 12:55:00-04:00,28.809999465942383,28.834999084472656,28.809999465942383,28.82999992370605,28.82999992370605,9970
2023-03-17 12:56:00-04:00,28.82999992370605,28.834999084472656,28.81999969482422,28.825000762939453,28.825000762939453,5047
2023-03-17 12:57:00-04:00,28.82999992370605,28.850000381469727,28.825000762939453,28.850000381469727,28.850000381469727,13416
2023-03-17 12:58:00-04:00,28.850000381469727,28.850000381469727,28.81999969482422,28.81999969482422,28.81999969482422,7330
2023-03-17 12:59:00-04:00,28.81999969482422,28.82999992370605,28.80500030517578,28.809999465942383,28.809999465942383,10797
2023-03-17 13:00:00-04:00,28.809999465942383,28.809999465942383,28.790000915527344,28.799999237060547,28.799999237060547,4246
2023-03-17 13:01:00-04:00,28.799999237060547,28.809999465942383,28.790000915527344,28.809999465942383,28.809999465942383,10760
2023-03-17 13:02:00-04:00,28.80500030517578,28.809999465942383,28.799999237060547,28.809999465942383,28.809999465942383,15137
2023-03-17 13:03:00-04:00,28.809999465942383,28.809999465942383,28.780000686645508,28.780000686645508,28.780000686645508,15734
2023-03-17 13:04:00-04:00,28.780000686645508,28.78499984741211,28.76000022888184,28.78499984741211,28.78499984741211,29156
2023-03-17 13:05:00-04:00,28.790000915527344,28.809999465942383,28.780000686645508,28.809999465942383,28.809999465942383,25823
2023-03-17 13:06:00-04:00,28.81999969482422,28.82999992370605,28.809999465942383,28.81999969482422,28.81999969482422,17034
2023-03-17 13:07:00-04:00,28.82999992370605,28.82999992370605,28.80500030517578,28.80500030517578,28.80500030517578,12647
2023-03-17 13:08:00-04:00,28.799999237060547,28.81999969482422,28.799999237060547,28.81999969482422,28.81999969482422,4383
2023-03-17 13:09:00-04:00,28.81999969482422,28.834999084472656,28.81999969482422,28.834999084472656,28.834999084472656,12178
2023-03-17 13:10:00-04:00,28.84000015258789,28.850000381469727,28.834999084472656,28.850000381469727,28.850000381469727,14485
2023-03-17 13:11:00-04:00,28.84000015258789,28.850000381469727,28.82999992370605,28.850000381469727,28.850000381469727,7344
2023-03-17 13:12:00-04:00,28.850000381469727,28.854999542236328,28.84000015258789,28.84000015258789,28.84000015258789,6449
2023-03-17 13:13:00-04:00,28.850000381469727,28.86000061035156,28.84000015258789,28.86000061035156,28.86000061035156,6406
2023-03-17 13:14:00-04:00,28.86000061035156,28.8700008392334,28.854999542236328,28.86000061035156,28.86000061035156,5459
2023-03-17 13:15:00-04:00,28.86000061035156,28.864999771118164,28.85140037536621,28.85140037536621,28.85140037536621,17840
2023-03-17 13:16:00-04:00,28.854999542236328,28.8700008392334,28.84499931335449,28.84499931335449,28.84499931335449,15759
2023-03-17 13:17:00-04:00,28.84000015258789,28.84000015258789,28.81010055541992,28.81999969482422,28.81999969482422,12273
2023-03-17 13:18:00-04:00,28.81999969482422,28.81999969482422,28.812299728393555,28.81999969482422,28.81999969482422,2867
2023-03-17 13:19:00-04:00,28.81999969482422,28.825000762939453,28.809999465942383,28.81999969482422,28.81999969482422,24920
2023-03-17 13:20:00-04:00,28.82999992370605,28.850000381469727,28.825000762939453,28.850000381469727,28.850000381469727,8382
2023-03-17 13:21:00-04:00,28.850000381469727,28.875,28.850000381469727,28.864999771118164,28.864999771118164,11553
2023-03-17 13:22:00-04:00,28.8700008392334,28.8700008392334,28.864999771118164,28.8700008392334,28.8700008392334,5121
2023-03-17 13:23:00-04:00,28.8700008392334,28.8700008392334,28.834999084472656,28.84000015258789,28.84000015258789,24222
2023-03-17 13:24:00-04:00,28.83289909362793,28.83289909362793,28.809999465942383,28.809999465942383,28.809999465942383,9559
2023-03-17 13:25:00-04:00,28.809999465942383,28.809999465942383,28.799999237060547,28.799999237060547,28.799999237060547,6747
2023-03-17 13:26:00-04:00,28.80500030517578,28.80500030517578,28.780000686645508,28.78499984741211,28.78499984741211,11858
2023-03-17 13:27:00-04:00,28.78499984741211,28.790000915527344,28.780000686645508,28.78499984741211,28.78499984741211,4485
2023-03-17 13:28:00-04:00,28.78499984741211,28.78499984741211,28.770000457763672,28.774999618530277,28.774999618530277,13055
2023-03-17 13:29:00-04:00,28.774999618530277,28.799999237060547,28.774999618530277,28.799999237060547,28.799999237060547,23545
2023-03-17 13:30:00-04:00,28.790000915527344,28.799999237060547,28.790000915527344,28.799999237060547,28.799999237060547,5182
2023-03-17 13:31:00-04:00,28.799999237060547,28.815000534057617,28.795000076293945,28.815000534057617,28.815000534057617,26115
2023-03-17 13:32:00-04:00,28.815000534057617,28.81999969482422,28.795000076293945,28.815000534057617,28.815000534057617,13883
2023-03-17 13:33:00-04:00,28.809999465942383,28.81999969482422,28.774999618530277,28.78499984741211,28.78499984741211,19645
2023-03-17 13:34:00-04:00,28.780000686645508,28.780000686645508,28.76000022888184,28.76799964904785,28.76799964904785,13213
2023-03-17 13:35:00-04:00,28.76499938964844,28.770000457763672,28.739999771118164,28.76499938964844,28.76499938964844,34341
2023-03-17 13:36:00-04:00,28.76499938964844,28.799999237060547,28.76000022888184,28.795000076293945,28.795000076293945,61460
2023-03-17 13:37:00-04:00,28.79400062561035,28.809999465942383,28.79400062561035,28.809999465942383,28.809999465942383,21965
2023-03-17 13:38:00-04:00,28.809999465942383,28.815000534057617,28.790000915527344,28.809999465942383,28.809999465942383,50173
2023-03-17 13:39:00-04:00,28.81999969482422,28.84000015258789,28.815000534057617,28.84000015258789,28.84000015258789,8679
2023-03-17 13:40:00-04:00,28.84000015258789,28.84000015258789,28.809999465942383,28.815000534057617,28.815000534057617,9356
2023-03-17 13:41:00-04:00,28.81999969482422,28.834999084472656,28.815000534057617,28.825000762939453,28.825000762939453,31605
2023-03-17 13:42:00-04:00,28.81999969482422,28.82999992370605,28.809999465942383,28.815000534057617,28.815000534057617,16955
2023-03-17 13:43:00-04:00,28.81999969482422,28.84000015258789,28.81999969482422,28.834999084472656,28.834999084472656,12504
2023-03-17 13:44:00-04:00,28.84000015258789,28.86000061035156,28.836000442504883,28.86000061035156,28.86000061035156,19548
2023-03-17 13:45:00-04:00,28.854999542236328,28.86000061035156,28.84499931335449,28.854999542236328,28.854999542236328,18551
2023-03-17 13:46:00-04:00,28.86000061035156,28.86000061035156,28.84000015258789,28.850000381469727,28.850000381469727,17106
2023-03-17 13:47:00-04:00,28.84000015258789,28.86000061035156,28.84000015258789,28.854999542236328,28.854999542236328,29580
2023-03-17 13:48:00-04:00,28.86000061035156,28.875,28.850000381469727,28.854999542236328,28.854999542236328,33769
2023-03-17 13:49:00-04:00,28.854999542236328,28.864999771118164,28.850000381469727,28.850000381469727,28.850000381469727,12468
2023-03-17 13:50:00-04:00,28.84499931335449,28.84499931335449,28.82999992370605,28.834999084472656,28.834999084472656,5502
2023-03-17 13:51:00-04:00,28.834999084472656,28.850000381469727,28.834999084472656,28.84000015258789,28.84000015258789,26959
2023-03-17 13:52:00-04:00,28.84499931335449,28.84499931335449,28.82999992370605,28.834999084472656,28.834999084472656,16418
2023-03-17 13:53:00-04:00,28.834999084472656,28.84000015258789,28.834999084472656,28.834999084472656,28.834999084472656,2574
2023-03-17 13:54:00-04:00,28.82999992370605,28.84499931335449,28.82999992370605,28.84499931335449,28.84499931335449,12746
2023-03-17 13:55:00-04:00,28.84000015258789,28.854999542236328,28.84000015258789,28.84499931335449,28.84499931335449,29367
2023-03-17 13:56:00-04:00,28.84000015258789,28.854999542236328,28.84000015258789,28.852500915527344,28.852500915527344,147400
2023-03-17 13:57:00-04:00,28.85149955749512,28.86000061035156,28.850000381469727,28.86000061035156,28.86000061035156,21290
2023-03-17 13:58:00-04:00,28.8700008392334,28.88999938964844,28.864999771118164,28.88999938964844,28.88999938964844,41293
2023-03-17 13:59:00-04:00,28.88999938964844,28.920000076293945,28.88999938964844,28.920000076293945,28.920000076293945,10853
2023-03-17 14:00:00-04:00,28.920000076293945,28.959999084472656,28.920000076293945,28.950000762939453,28.950000762939453,16332
2023-03-17 14:01:00-04:00,28.950000762939453,28.950000762939453,28.93000030517578,28.940000534057617,28.940000534057617,22075
2023-03-17 14:02:00-04:00,28.94499969482422,28.96500015258789,28.94499969482422,28.950000762939453,28.950000762939453,10739
2023-03-17 14:03:00-04:00,28.950000762939453,28.950000762939453,28.920000076293945,28.93000030517578,28.93000030517578,11360
2023-03-17 14:04:00-04:00,28.93000030517578,28.93000030517578,28.915000915527344,28.920000076293945,28.920000076293945,23080
2023-03-17 14:05:00-04:00,28.915000915527344,28.93000030517578,28.915000915527344,28.924999237060547,28.924999237060547,4284
2023-03-17 14:06:00-04:00,28.924999237060547,28.929000854492188,28.90999984741211,28.915000915527344,28.915000915527344,16468
2023-03-17 14:07:00-04:00,28.920000076293945,28.924999237060547,28.899999618530277,28.90390014648437,28.90390014648437,30427
2023-03-17 14:08:00-04:00,28.899999618530277,28.940000534057617,28.899999618530277,28.934999465942383,28.934999465942383,37812
2023-03-17 14:09:00-04:00,28.940000534057617,28.95499992370605,28.940000534057617,28.950000762939453,28.950000762939453,26591
2023-03-17 14:10:00-04:00,28.940000534057617,28.950000762939453,28.924999237060547,28.924999237060547,28.924999237060547,19909
2023-03-17 14:11:00-04:00,28.924999237060547,28.924999237060547,28.90999984741211,28.915000915527344,28.915000915527344,28566
2023-03-17 14:12:00-04:00,28.915000915527344,28.920000076293945,28.912500381469727,28.920000076293945,28.920000076293945,5422
2023-03-17 14:13:00-04:00,28.924999237060547,28.934999465942383,28.920000076293945,28.934999465942383,28.934999465942383,28552
2023-03-17 14:14:00-04:00,28.934999465942383,28.940000534057617,28.920000076293945,28.920000076293945,28.920000076293945,30540
2023-03-17 14:15:00-04:00,28.920000076293945,28.920000076293945,28.899999618530277,28.915000915527344,28.915000915527344,34835
2023-03-17 14:16:00-04:00,28.915000915527344,28.93000030517578,28.915000915527344,28.924999237060547,28.924999237060547,8331
2023-03-17 14:17:00-04:00,28.93000030517578,28.940000534057617,28.93000030517578,28.934999465942383,28.934999465942383,26794
2023-03-17 14:18:00-04:00,28.940000534057617,28.950000762939453,28.920000076293945,28.924999237060547,28.924999237060547,54987
2023-03-17 14:19:00-04:00,28.924999237060547,28.924999237060547,28.90999984741211,28.915000915527344,28.915000915527344,10392
2023-03-17 14:20:00-04:00,28.90999984741211,28.924999237060547,28.90999984741211,28.915000915527344,28.915000915527344,17553
2023-03-17 14:21:00-04:00,28.920000076293945,28.924999237060547,28.90999984741211,28.915000915527344,28.915000915527344,33836
2023-03-17 14:22:00-04:00,28.90999984741211,28.920000076293945,28.90999984741211,28.915000915527344,28.915000915527344,9474
2023-03-17 14:23:00-04:00,28.920000076293945,28.924999237060547,28.88999938964844,28.895000457763672,28.895000457763672,31203
2023-03-17 14:24:00-04:00,28.899999618530277,28.905000686645508,28.88500022888184,28.895000457763672,28.895000457763672,36401
2023-03-17 14:25:00-04:00,28.895000457763672,28.895000457763672,28.850000381469727,28.854999542236328,28.854999542236328,34978
2023-03-17 14:26:00-04:00,28.854999542236328,28.875,28.850000381469727,28.8700008392334,28.8700008392334,41150
2023-03-17 14:27:00-04:00,28.875,28.875,28.850000381469727,28.854999542236328,28.854999542236328,21276
2023-03-17 14:28:00-04:00,28.854999542236328,28.86000061035156,28.825000762939453,28.82999992370605,28.82999992370605,19182
2023-03-17 14:29:00-04:00,28.825000762939453,28.84000015258789,28.825000762939453,28.84000015258789,28.84000015258789,21704
2023-03-17 14:30:00-04:00,28.82999992370605,28.86000061035156,28.82999992370605,28.854999542236328,28.854999542236328,37909
2023-03-17 14:31:00-04:00,28.854999542236328,28.86000061035156,28.834999084472656,28.86000061035156,28.86000061035156,25854
2023-03-17 14:32:00-04:00,28.850000381469727,28.8799991607666,28.850000381469727,28.8799991607666,28.8799991607666,12183
2023-03-17 14:33:00-04:00,28.8700008392334,28.875,28.86000061035156,28.86000061035156,28.86000061035156,21537
2023-03-17 14:34:00-04:00,28.86000061035156,28.8700008392334,28.86000061035156,28.8700008392334,28.8700008392334,40462
2023-03-17 14:35:00-04:00,28.875,28.875,28.86000061035156,28.864999771118164,28.864999771118164,19379
2023-03-17 14:36:00-04:00,28.8700008392334,28.875,28.809999465942383,28.81999969482422,28.81999969482422,31106
2023-03-17 14:37:00-04:00,28.815000534057617,28.84000015258789,28.815000534057617,28.82999992370605,28.82999992370605,91238
2023-03-17 14:38:00-04:00,28.834999084472656,28.834999084472656,28.80500030517578,28.82999992370605,28.82999992370605,60498
2023-03-17 14:39:00-04:00,28.82999992370605,28.850000381469727,28.81999969482422,28.850000381469727,28.850000381469727,31013
2023-03-17 14:40:00-04:00,28.850000381469727,28.864999771118164,28.84499931335449,28.84499931335449,28.84499931335449,39319
2023-03-17 14:41:00-04:00,28.84499931335449,28.86000061035156,28.84000015258789,28.854999542236328,28.854999542236328,32356
2023-03-17 14:42:00-04:00,28.854999542236328,28.86000061035156,28.854999542236328,28.86000061035156,28.86000061035156,2358
2023-03-17 14:43:00-04:00,28.86000061035156,28.8700008392334,28.86000061035156,28.8700008392334,28.8700008392334,7636
2023-03-17 14:44:00-04:00,28.864999771118164,28.88139915466309,28.86000061035156,28.86000061035156,28.86000061035156,47632
2023-03-17 14:45:00-04:00,28.864999771118164,28.867799758911133,28.854999542236328,28.864999771118164,28.864999771118164,28216
2023-03-17 14:46:00-04:00,28.864999771118164,28.8700008392334,28.86000061035156,28.864999771118164,28.864999771118164,12676
2023-03-17 14:47:00-04:00,28.864999771118164,28.864999771118164,28.854999542236328,28.854999542236328,28.854999542236328,18870
2023-03-17 14:48:00-04:00,28.854999542236328,28.8700008392334,28.854999542236328,28.864999771118164,28.864999771118164,12752
2023-03-17 14:49:00-04:00,28.8700008392334,28.8799991607666,28.864999771118164,28.864999771118164,28.864999771118164,23630
2023-03-17 14:50:00-04:00,28.86000061035156,28.864999771118164,28.854999542236328,28.854999542236328,28.854999542236328,17143
2023-03-17 14:51:00-04:00,28.854999542236328,28.86000061035156,28.834999084472656,28.84000015258789,28.84000015258789,38121
2023-03-17 14:52:00-04:00,28.834999084472656,28.84000015258789,28.81999969482422,28.84000015258789,28.84000015258789,29418
2023-03-17 14:53:00-04:00,28.84000015258789,28.88500022888184,28.834999084472656,28.88500022888184,28.88500022888184,28620
2023-03-17 14:54:00-04:00,28.8799991607666,28.93000030517578,28.8799991607666,28.924999237060547,28.924999237060547,15634
2023-03-17 14:55:00-04:00,28.93000030517578,28.945600509643555,28.924999237060547,28.924999237060547,28.924999237060547,42123
2023-03-17 14:56:00-04:00,28.924999237060547,28.924999237060547,28.90999984741211,28.915000915527344,28.915000915527344,21232
2023-03-17 14:57:00-04:00,28.90999984741211,28.920000076293945,28.905000686645508,28.90999984741211,28.90999984741211,20842
2023-03-17 14:58:00-04:00,28.90999984741211,28.90999984741211,28.88500022888184,28.88500022888184,28.88500022888184,14867
2023-03-17 14:59:00-04:00,28.88500022888184,28.895000457763672,28.8799991607666,28.88500022888184,28.88500022888184,19532
2023-03-17 15:00:00-04:00,28.88999938964844,28.905000686645508,28.88500022888184,28.905000686645508,28.905000686645508,46412
2023-03-17 15:01:00-04:00,28.899999618530277,28.915000915527344,28.88999938964844,28.905000686645508,28.905000686645508,34976
2023-03-17 15:02:00-04:00,28.90999984741211,28.920000076293945,28.88999938964844,28.88999938964844,28.88999938964844,12271
2023-03-17 15:03:00-04:00,28.88999938964844,28.895000457763672,28.86000061035156,28.8799991607666,28.8799991607666,22296
2023-03-17 15:04:00-04:00,28.875,28.899999618530277,28.875,28.895000457763672,28.895000457763672,11365
2023-03-17 15:05:00-04:00,28.88999938964844,28.924999237060547,28.88999938964844,28.915000915527344,28.915000915527344,61366
2023-03-17 15:06:00-04:00,28.90999984741211,28.920000076293945,28.899999618530277,28.899999618530277,28.899999618530277,22998
2023-03-17 15:07:00-04:00,28.895000457763672,28.899999618530277,28.8700008392334,28.88500022888184,28.88500022888184,66387
2023-03-17 15:08:00-04:00,28.88999938964844,28.920000076293945,28.88999938964844,28.920000076293945,28.920000076293945,14190
2023-03-17 15:09:00-04:00,28.920000076293945,28.920000076293945,28.899999618530277,28.905000686645508,28.905000686645508,16474
2023-03-17 15:10:00-04:00,28.905000686645508,28.934999465942383,28.905000686645508,28.920000076293945,28.920000076293945,65470
2023-03-17 15:11:00-04:00,28.90999984741211,28.915000915527344,28.895000457763672,28.895000457763672,28.895000457763672,22461
2023-03-17 15:12:00-04:00,28.899999618530277,28.920000076293945,28.895000457763672,28.920000076293945,28.920000076293945,43591
2023-03-17 15:13:00-04:00,28.915000915527344,28.940000534057617,28.905000686645508,28.940000534057617,28.940000534057617,44807
2023-03-17 15:14:00-04:00,28.940000534057617,28.940000534057617,28.920000076293945,28.93000030517578,28.93000030517578,23870
2023-03-17 15:15:00-04:00,28.920000076293945,28.920000076293945,28.88999938964844,28.88999938964844,28.88999938964844,23957
2023-03-17 15:16:00-04:00,28.895000457763672,28.90999984741211,28.88999938964844,28.905000686645508,28.905000686645508,17730
2023-03-17 15:17:00-04:00,28.90999984741211,28.979999542236328,28.90999984741211,28.971799850463867,28.971799850463867,63141
2023-03-17 15:18:00-04:00,28.979999542236328,28.979999542236328,28.950000762939453,28.959999084472656,28.959999084472656,15436
2023-03-17 15:19:00-04:00,28.959999084472656,28.96999931335449,28.950000762939453,28.959999084472656,28.959999084472656,32772
2023-03-17 15:20:00-04:00,28.95499992370605,28.96500015258789,28.940099716186523,28.940099716186523,28.940099716186523,23449
2023-03-17 15:21:00-04:00,28.94499969482422,28.95499992370605,28.934999465942383,28.940000534057617,28.940000534057617,33700
2023-03-17 15:22:00-04:00,28.940000534057617,28.950000762939453,28.93000030517578,28.94499969482422,28.94499969482422,22973
2023-03-17 15:23:00-04:00,28.94499969482422,28.96999931335449,28.94499969482422,28.96999931335449,28.96999931335449,28895
2023-03-17 15:24:00-04:00,28.96500015258789,28.979999542236328,28.959999084472656,28.96500015258789,28.96500015258789,24245
2023-03-17 15:25:00-04:00,28.96500015258789,28.979999542236328,28.959999084472656,28.975000381469727,28.975000381469727,26464
2023-03-17 15:26:00-04:00,28.979999542236328,28.989999771118164,28.96999931335449,28.98500061035156,28.98500061035156,39781
2023-03-17 15:27:00-04:00,28.98500061035156,28.9950008392334,28.975000381469727,28.98500061035156,28.98500061035156,58103
2023-03-17 15:28:00-04:00,28.989999771118164,29.01000022888184,28.989999771118164,29.0049991607666,29.0049991607666,20495
2023-03-17 15:29:00-04:00,29.0,29.020000457763672,29.0,29.01000022888184,29.01000022888184,37058
2023-03-17 15:30:00-04:00,29.01000022888184,29.01000022888184,28.96500015258789,28.97410011291504,28.97410011291504,41276
2023-03-17 15:31:00-04:00,28.975000381469727,28.9950008392334,28.96500015258789,28.989999771118164,28.989999771118164,30454
2023-03-17 15:32:00-04:00,28.989999771118164,28.989999771118164,28.9424991607666,28.94499969482422,28.94499969482422,33988
2023-03-17 15:33:00-04:00,28.94499969482422,28.94499969482422,28.90999984741211,28.920000076293945,28.920000076293945,42471
2023-03-17 15:34:00-04:00,28.920000076293945,28.94499969482422,28.920000076293945,28.94499969482422,28.94499969482422,24364
2023-03-17 15:35:00-04:00,28.950000762939453,28.95499992370605,28.931699752807617,28.934999465942383,28.934999465942383,62646
2023-03-17 15:36:00-04:00,28.93000030517578,28.934999465942383,28.920000076293945,28.934999465942383,28.934999465942383,22482
2023-03-17 15:37:00-04:00,28.940000534057617,28.96759986877441,28.934999465942383,28.95499992370605,28.95499992370605,81051
2023-03-17 15:38:00-04:00,28.95499992370605,28.95499992370605,28.9424991607666,28.950000762939453,28.950000762939453,29146
2023-03-17 15:39:00-04:00,28.950000762939453,28.96500015258789,28.940000534057617,28.94499969482422,28.94499969482422,52591
2023-03-17 15:40:00-04:00,28.940000534057617,28.950000762939453,28.940000534057617,28.94499969482422,28.94499969482422,27253
2023-03-17 15:41:00-04:00,28.94499969482422,28.959999084472656,28.940000534057617,28.950000762939453,28.950000762939453,61161
2023-03-17 15:42:00-04:00,28.950000762939453,28.989999771118164,28.950000762939453,28.98500061035156,28.98500061035156,43602
2023-03-17 15:43:00-04:00,28.979999542236328,28.979999542236328,28.96999931335449,28.972900390625,28.972900390625,25283
2023-03-17 15:44:00-04:00,28.979999542236328,28.98500061035156,28.96150016784668,28.96500015258789,28.96500015258789,49823
2023-03-17 15:45:00-04:00,28.96500015258789,28.989999771118164,28.959999084472656,28.96500015258789,28.96500015258789,108168
2023-03-17 15:46:00-04:00,28.96999931335449,28.96999931335449,28.920000076293945,28.950000762939453,28.950000762939453,57513
2023-03-17 15:47:00-04:00,28.950000762939453,28.959999084472656,28.90999984741211,28.915000915527344,28.915000915527344,60211
2023-03-17 15:48:00-04:00,28.920000076293945,28.93000030517578,28.90999984741211,28.924999237060547,28.924999237060547,39292
2023-03-17 15:49:00-04:00,28.924999237060547,28.934999465942383,28.915000915527344,28.920000076293945,28.920000076293945,65261
2023-03-17 15:50:00-04:00,28.915000915527344,28.915000915527344,28.84000015258789,28.86000061035156,28.86000061035156,180286
2023-03-17 15:51:00-04:00,28.86000061035156,28.899999618530277,28.86000061035156,28.88500022888184,28.88500022888184,153321
2023-03-17 15:52:00-04:00,28.88500022888184,28.899999618530277,28.8799991607666,28.895000457763672,28.895000457763672,50430
2023-03-17 15:53:00-04:00,28.895000457763672,28.899999618530277,28.875,28.895000457763672,28.895000457763672,124719
2023-03-17 15:54:00-04:00,28.899999618530277,28.915000915527344,28.8799991607666,28.915000915527344,28.915000915527344,212942
2023-03-17 15:55:00-04:00,28.915000915527344,28.934999465942383,28.90999984741211,28.924999237060547,28.924999237060547,140249
2023-03-17 15:56:00-04:00,28.924999237060547,28.924999237060547,28.88500022888184,28.895000457763672,28.895000457763672,199544
2023-03-17 15:57:00-04:00,28.895000457763672,28.899999618530277,28.88999938964844,28.895000457763672,28.895000457763672,122674
2023-03-17 15:58:00-04:00,28.898399353027344,28.90999984741211,28.88999938964844,28.899999618530277,28.899999618530277,165827
2023-03-17 15:59:00-04:00,28.905000686645508,28.93000030517578,28.899999618530277,28.93000030517578,28.93000030517578,262450
2023-03-20 09:30:00-04:00,28.979999542236328,29.170000076293945,28.959999084472656,29.149999618530277,29.149999618530277,121237
2023-03-20 09:31:00-04:00,29.149999618530277,29.270000457763672,29.149999618530277,29.239999771118164,29.239999771118164,56148
2023-03-20 09:32:00-04:00,29.25,29.350000381469727,29.25,29.350000381469727,29.350000381469727,33930
2023-03-20 09:33:00-04:00,29.36000061035156,29.3700008392334,29.31999969482422,29.32999992370605,29.32999992370605,43834
2023-03-20 09:34:00-04:00,29.34000015258789,29.350000381469727,29.21999931335449,29.229999542236328,29.229999542236328,46843
2023-03-20 09:35:00-04:00,29.229999542236328,29.229999542236328,29.18000030517578,29.190000534057617,29.190000534057617,56184
2023-03-20 09:36:00-04:00,29.170000076293945,29.229999542236328,29.15999984741211,29.200000762939453,29.200000762939453,32185
2023-03-20 09:37:00-04:00,29.200000762939453,29.2450008392334,29.200000762939453,29.229999542236328,29.229999542236328,41846
2023-03-20 09:38:00-04:00,29.239999771118164,29.270000457763672,29.229999542236328,29.24049949645996,29.24049949645996,13620
2023-03-20 09:39:00-04:00,29.2450008392334,29.2450008392334,29.18000030517578,29.18000030517578,29.18000030517578,42112
2023-03-20 09:40:00-04:00,29.170000076293945,29.21999931335449,29.165000915527344,29.170000076293945,29.170000076293945,38709
2023-03-20 09:41:00-04:00,29.17569923400879,29.2549991607666,29.170000076293945,29.25,29.25,65301
2023-03-20 09:42:00-04:00,29.26000022888184,29.290000915527344,29.25,29.28499984741211,29.28499984741211,48044
2023-03-20 09:43:00-04:00,29.28499984741211,29.299999237060547,29.209999084472656,29.21999931335449,29.21999931335449,52908
2023-03-20 09:44:00-04:00,29.21999931335449,29.229999542236328,29.200000762939453,29.21999931335449,29.21999931335449,14933
2023-03-20 09:45:00-04:00,29.209999084472656,29.270000457763672,29.20499992370605,29.26000022888184,29.26000022888184,20382
2023-03-20 09:46:00-04:00,29.26000022888184,29.26000022888184,29.19499969482422,29.229999542236328,29.229999542236328,28830
2023-03-20 09:47:00-04:00,29.229999542236328,29.2549991607666,29.225000381469727,29.2549991607666,29.2549991607666,22627
2023-03-20 09:48:00-04:00,29.25,29.25,29.155000686645508,29.18000030517578,29.18000030517578,31107
2023-03-20 09:49:00-04:00,29.190000534057617,29.25,29.184999465942383,29.239999771118164,29.239999771118164,20877
2023-03-20 09:50:00-04:00,29.25,29.290000915527344,29.25,29.290000915527344,29.290000915527344,60199
2023-03-20 09:51:00-04:00,29.280000686645508,29.315000534057617,29.280000686645508,29.299999237060547,29.299999237060547,59279
2023-03-20 09:52:00-04:00,29.304000854492188,29.30500030517578,29.280000686645508,29.290000915527344,29.290000915527344,113124
2023-03-20 09:53:00-04:00,29.290000915527344,29.31999969482422,29.26499938964844,29.31999969482422,29.31999969482422,63873
2023-03-20 09:54:00-04:00,29.32999992370605,29.38999938964844,29.32999992370605,29.354999542236328,29.354999542236328,30873
2023-03-20 09:55:00-04:00,29.34499931335449,29.34499931335449,29.290000915527344,29.325000762939453,29.325000762939453,42496
2023-03-20 09:56:00-04:00,29.31999969482422,29.36000061035156,29.309999465942383,29.354999542236328,29.354999542236328,18622
2023-03-20 09:57:00-04:00,29.36000061035156,29.3700008392334,29.34000015258789,29.350000381469727,29.350000381469727,14576
2023-03-20 09:58:00-04:00,29.350000381469727,29.38999938964844,29.350000381469727,29.364999771118164,29.364999771118164,22552
2023-03-20 09:59:00-04:00,29.3700008392334,29.3700008392334,29.34000015258789,29.350000381469727,29.350000381469727,25883
2023-03-20 10:00:00-04:00,29.354999542236328,29.399999618530277,29.350000381469727,29.395000457763672,29.395000457763672,31144
2023-03-20 10:01:00-04:00,29.395000457763672,29.399999618530277,29.361099243164062,29.3700008392334,29.3700008392334,21174
2023-03-20 10:02:00-04:00,29.3700008392334,29.3799991607666,29.31999969482422,29.31999969482422,29.31999969482422,42698
2023-03-20 10:03:00-04:00,29.31999969482422,29.364999771118164,29.309999465942383,29.34000015258789,29.34000015258789,42486
2023-03-20 10:04:00-04:00,29.34000015258789,29.350000381469727,29.31999969482422,29.34499931335449,29.34499931335449,17682
2023-03-20 10:05:00-04:00,29.34000015258789,29.350000381469727,29.32999992370605,29.34000015258789,29.34000015258789,20134
2023-03-20 10:06:00-04:00,29.34000015258789,29.34000015258789,29.290000915527344,29.299999237060547,29.299999237060547,15529
2023-03-20 10:07:00-04:00,29.299999237060547,29.31999969482422,29.280000686645508,29.28499984741211,29.28499984741211,21893
2023-03-20 10:08:00-04:00,29.290000915527344,29.334999084472656,29.280000686645508,29.325000762939453,29.325000762939453,106440
2023-03-20 10:09:00-04:00,29.31999969482422,29.325000762939453,29.270000457763672,29.309999465942383,29.309999465942383,62012
2023-03-20 10:10:00-04:00,29.309999465942383,29.31999969482422,29.299999237060547,29.315000534057617,29.315000534057617,8034
2023-03-20 10:11:00-04:00,29.31999969482422,29.31999969482422,29.290000915527344,29.299999237060547,29.299999237060547,23697
2023-03-20 10:12:00-04:00,29.299999237060547,29.309999465942383,29.28499984741211,29.28899955749512,29.28899955749512,20169
2023-03-20 10:13:00-04:00,29.28249931335449,29.299999237060547,29.274999618530277,29.28249931335449,29.28249931335449,25695
2023-03-20 10:14:00-04:00,29.280000686645508,29.290000915527344,29.280000686645508,29.28499984741211,29.28499984741211,17198
2023-03-20 10:15:00-04:00,29.28499984741211,29.309999465942383,29.28499984741211,29.309999465942383,29.309999465942383,23813
2023-03-20 10:16:00-04:00,29.299999237060547,29.299999237060547,29.270000457763672,29.270000457763672,29.270000457763672,21884
2023-03-20 10:17:00-04:00,29.274999618530277,29.274999618530277,29.21500015258789,29.21999931335449,29.21999931335449,20653
2023-03-20 10:18:00-04:00,29.209999084472656,29.21999931335449,29.190000534057617,29.19499969482422,29.19499969482422,30859
2023-03-20 10:19:00-04:00,29.190000534057617,29.19499969482422,29.125,29.13999938964844,29.13999938964844,44341
2023-03-20 10:20:00-04:00,29.13999938964844,29.209999084472656,29.1200008392334,29.207500457763672,29.207500457763672,44861
2023-03-20 10:21:00-04:00,29.209999084472656,29.229999542236328,29.200000762939453,29.21999931335449,29.21999931335449,46407
2023-03-20 10:22:00-04:00,29.229999542236328,29.2450008392334,29.229999542236328,29.23500061035156,29.23500061035156,22111
2023-03-20 10:23:00-04:00,29.23500061035156,29.299999237060547,29.23500061035156,29.290000915527344,29.290000915527344,30380
2023-03-20 10:24:00-04:00,29.295000076293945,29.32999992370605,29.290000915527344,29.325000762939453,29.325000762939453,31174
2023-03-20 10:25:00-04:00,29.32999992370605,29.34000015258789,29.318199157714844,29.318199157714844,29.318199157714844,14990
2023-03-20 10:26:00-04:00,29.309999465942383,29.31999969482422,29.299999237060547,29.30500030517578,29.30500030517578,22243
2023-03-20 10:27:00-04:00,29.309999465942383,29.309999465942383,29.295000076293945,29.309999465942383,29.309999465942383,12693
2023-03-20 10:28:00-04:00,29.309999465942383,29.32749938964844,29.309999465942383,29.31999969482422,29.31999969482422,21704
2023-03-20 10:29:00-04:00,29.315000534057617,29.350000381469727,29.315000534057617,29.34000015258789,29.34000015258789,20215
2023-03-20 10:30:00-04:00,29.33009910583496,29.3700008392334,29.33009910583496,29.3700008392334,29.3700008392334,22947
2023-03-20 10:31:00-04:00,29.3700008392334,29.375,29.350000381469727,29.350000381469727,29.350000381469727,35747
2023-03-20 10:32:00-04:00,29.354999542236328,29.36000061035156,29.34000015258789,29.354999542236328,29.354999542236328,17032
2023-03-20 10:33:00-04:00,29.36000061035156,29.3700008392334,29.34000015258789,29.364999771118164,29.364999771118164,21859
2023-03-20 10:34:00-04:00,29.364999771118164,29.38999938964844,29.350000381469727,29.3799991607666,29.3799991607666,38065
2023-03-20 10:35:00-04:00,29.38500022888184,29.38500022888184,29.350000381469727,29.354999542236328,29.354999542236328,24689
2023-03-20 10:36:00-04:00,29.36000061035156,29.375,29.334999084472656,29.34000015258789,29.34000015258789,49108
2023-03-20 10:37:00-04:00,29.334999084472656,29.375,29.334999084472656,29.3700008392334,29.3700008392334,27843
2023-03-20 10:38:00-04:00,29.375,29.375,29.32999992370605,29.32999992370605,29.32999992370605,14613
2023-03-20 10:39:00-04:00,29.334999084472656,29.36000061035156,29.325000762939453,29.354999542236328,29.354999542236328,25117
2023-03-20 10:40:00-04:00,29.350000381469727,29.354999542236328,29.325000762939453,29.325000762939453,29.325000762939453,12588
2023-03-20 10:41:00-04:00,29.325000762939453,29.350000381469727,29.309999465942383,29.32999992370605,29.32999992370605,39625
2023-03-20 10:42:00-04:00,29.32999992370605,29.32999992370605,29.309999465942383,29.319900512695312,29.319900512695312,15077
2023-03-20 10:43:00-04:00,29.31999969482422,29.31999969482422,29.290000915527344,29.291200637817383,29.291200637817383,10329
2023-03-20 10:44:00-04:00,29.295000076293945,29.299999237060547,29.282400131225582,29.290000915527344,29.290000915527344,8709
2023-03-20 10:45:00-04:00,29.295000076293945,29.295000076293945,29.274999618530277,29.28499984741211,29.28499984741211,14074
2023-03-20 10:46:00-04:00,29.274999618530277,29.274999618530277,29.239999771118164,29.26499938964844,29.26499938964844,14107
2023-03-20 10:47:00-04:00,29.26000022888184,29.28499984741211,29.26000022888184,29.28499984741211,29.28499984741211,12923
2023-03-20 10:48:00-04:00,29.280000686645508,29.325000762939453,29.280000686645508,29.299999237060547,29.299999237060547,25183
2023-03-20 10:49:00-04:00,29.299999237060547,29.315000534057617,29.295000076293945,29.315000534057617,29.315000534057617,6859
2023-03-20 10:50:00-04:00,29.31999969482422,29.32999992370605,29.274999618530277,29.280000686645508,29.280000686645508,22010
2023-03-20 10:51:00-04:00,29.274999618530277,29.274999618530277,29.2549991607666,29.26499938964844,29.26499938964844,13260
2023-03-20 10:52:00-04:00,29.26499938964844,29.270000457763672,29.239999771118164,29.239999771118164,29.239999771118164,34482
2023-03-20 10:53:00-04:00,29.2450008392334,29.25,29.24250030517578,29.24250030517578,29.24250030517578,984
2023-03-20 10:54:00-04:00,29.239999771118164,29.247499465942383,29.225000381469727,29.23500061035156,29.23500061035156,17167
2023-03-20 10:55:00-04:00,29.230100631713867,29.23500061035156,29.21999931335449,29.229999542236328,29.229999542236328,19594
2023-03-20 10:56:00-04:00,29.22900009155273,29.229999542236328,29.21999931335449,29.229999542236328,29.229999542236328,8190
2023-03-20 10:57:00-04:00,29.21999931335449,29.23500061035156,29.209999084472656,29.225000381469727,29.225000381469727,18821
2023-03-20 10:58:00-04:00,29.229999542236328,29.229999542236328,29.21500015258789,29.229999542236328,29.229999542236328,8459
2023-03-20 10:59:00-04:00,29.23500061035156,29.25,29.209999084472656,29.225000381469727,29.225000381469727,36736
2023-03-20 11:00:00-04:00,29.225000381469727,29.229999542236328,29.21999931335449,29.21999931335449,29.21999931335449,17201
2023-03-20 11:01:00-04:00,29.225000381469727,29.28499984741211,29.225000381469727,29.274999618530277,29.274999618530277,24507
2023-03-20 11:02:00-04:00,29.280000686645508,29.290000915527344,29.26000022888184,29.26000022888184,29.26000022888184,17348
2023-03-20 11:03:00-04:00,29.26000022888184,29.270000457763672,29.26000022888184,29.26499938964844,29.26499938964844,7200
2023-03-20 11:04:00-04:00,29.26000022888184,29.26499938964844,29.25,29.2549991607666,29.2549991607666,10701
2023-03-20 11:05:00-04:00,29.25,29.25,29.229999542236328,29.229999542236328,29.229999542236328,9659
2023-03-20 11:06:00-04:00,29.239999771118164,29.25,29.23500061035156,29.239999771118164,29.239999771118164,21718
2023-03-20 11:07:00-04:00,29.23209953308105,29.26749992370605,29.229999542236328,29.25,29.25,25351
2023-03-20 11:08:00-04:00,29.25,29.2549991607666,29.239999771118164,29.25,29.25,7162
2023-03-20 11:09:00-04:00,29.246400833129883,29.25,29.23500061035156,29.239999771118164,29.239999771118164,13458
2023-03-20 11:10:00-04:00,29.239999771118164,29.239999771118164,29.209999084472656,29.21500015258789,29.21500015258789,33532
2023-03-20 11:11:00-04:00,29.21500015258789,29.225000381469727,29.209999084472656,29.21999931335449,29.21999931335449,4935
2023-03-20 11:12:00-04:00,29.225000381469727,29.229999542236328,29.209999084472656,29.209999084472656,29.209999084472656,5073
2023-03-20 11:13:00-04:00,29.209999084472656,29.21500015258789,29.190000534057617,29.21500015258789,29.21500015258789,39049
2023-03-20 11:14:00-04:00,29.21500015258789,29.21500015258789,29.200000762939453,29.200000762939453,29.200000762939453,12047
2023-03-20 11:15:00-04:00,29.20499992370605,29.21999931335449,29.200000762939453,29.21999931335449,29.21999931335449,6381
2023-03-20 11:16:00-04:00,29.209999084472656,29.21500015258789,29.170000076293945,29.170000076293945,29.170000076293945,10988
2023-03-20 11:17:00-04:00,29.174999237060547,29.174999237060547,29.165000915527344,29.170000076293945,29.170000076293945,14394
2023-03-20 11:18:00-04:00,29.18000030517578,29.184999465942383,29.170000076293945,29.184999465942383,29.184999465942383,10536
2023-03-20 11:19:00-04:00,29.190000534057617,29.190000534057617,29.18000030517578,29.18440055847168,29.18440055847168,1933
2023-03-20 11:20:00-04:00,29.190000534057617,29.209999084472656,29.190000534057617,29.209999084472656,29.209999084472656,16283
2023-03-20 11:21:00-04:00,29.209999084472656,29.229999542236328,29.20429992675781,29.229999542236328,29.229999542236328,16123
2023-03-20 11:22:00-04:00,29.229999542236328,29.24839973449707,29.229999542236328,29.239999771118164,29.239999771118164,11490
2023-03-20 11:23:00-04:00,29.2450008392334,29.280000686645508,29.2450008392334,29.270000457763672,29.270000457763672,21825
2023-03-20 11:24:00-04:00,29.274999618530277,29.280000686645508,29.25,29.25,29.25,12805
2023-03-20 11:25:00-04:00,29.26000022888184,29.274999618530277,29.26000022888184,29.270000457763672,29.270000457763672,8111
2023-03-20 11:26:00-04:00,29.26000022888184,29.270000457763672,29.26000022888184,29.26499938964844,29.26499938964844,3082
2023-03-20 11:27:00-04:00,29.26000022888184,29.270000457763672,29.26000022888184,29.26000022888184,29.26000022888184,4956
2023-03-20 11:28:00-04:00,29.26499938964844,29.28499984741211,29.260400772094727,29.28499984741211,29.28499984741211,16230
2023-03-20 11:29:00-04:00,29.28499984741211,29.31999969482422,29.26499938964844,29.29010009765625,29.29010009765625,38248
2023-03-20 11:30:00-04:00,29.295000076293945,29.309999465942383,29.290000915527344,29.30500030517578,29.30500030517578,6658
2023-03-20 11:31:00-04:00,29.30500030517578,29.325000762939453,29.299999237060547,29.299999237060547,29.299999237060547,27560
2023-03-20 11:32:00-04:00,29.30500030517578,29.307600021362305,29.274999618530277,29.274999618530277,29.274999618530277,13262
2023-03-20 11:33:00-04:00,29.270000457763672,29.280000686645508,29.26000022888184,29.26499938964844,29.26499938964844,7399
2023-03-20 11:34:00-04:00,29.270000457763672,29.280000686645508,29.26000022888184,29.26000022888184,29.26000022888184,14414
2023-03-20 11:35:00-04:00,29.25,29.2549991607666,29.239999771118164,29.2549991607666,29.2549991607666,6234
2023-03-20 11:36:00-04:00,29.26000022888184,29.26000022888184,29.239999771118164,29.25,29.25,14266
2023-03-20 11:37:00-04:00,29.2450008392334,29.25,29.239999771118164,29.2450008392334,29.2450008392334,3760
2023-03-20 11:38:00-04:00,29.2450008392334,29.2450008392334,29.229999542236328,29.239999771118164,29.239999771118164,6745
2023-03-20 11:39:00-04:00,29.239999771118164,29.239999771118164,29.225000381469727,29.225000381469727,29.225000381469727,10549
2023-03-20 11:40:00-04:00,29.21999931335449,29.229999542236328,29.209999084472656,29.21999931335449,29.21999931335449,16457
2023-03-20 11:41:00-04:00,29.21500015258789,29.21999931335449,29.209999084472656,29.21500015258789,29.21500015258789,13914
2023-03-20 11:42:00-04:00,29.21999931335449,29.229999542236328,29.209999084472656,29.209999084472656,29.209999084472656,15048
2023-03-20 11:43:00-04:00,29.209999084472656,29.209999084472656,29.170000076293945,29.170000076293945,29.170000076293945,33964
2023-03-20 11:44:00-04:00,29.170000076293945,29.184999465942383,29.170000076293945,29.170000076293945,29.170000076293945,17239
2023-03-20 11:45:00-04:00,29.174999237060547,29.18000030517578,29.155000686645508,29.170000076293945,29.170000076293945,27342
2023-03-20 11:46:00-04:00,29.18000030517578,29.18000030517578,29.155000686645508,29.155000686645508,29.155000686645508,17728
2023-03-20 11:47:00-04:00,29.155000686645508,29.165000915527344,29.149999618530277,29.15999984741211,29.15999984741211,13144
2023-03-20 11:48:00-04:00,29.170000076293945,29.170000076293945,29.15999984741211,29.165000915527344,29.165000915527344,8460
2023-03-20 11:49:00-04:00,29.170000076293945,29.18000030517578,29.164499282836918,29.164499282836918,29.164499282836918,8390
2023-03-20 11:50:00-04:00,29.165000915527344,29.170000076293945,29.15999984741211,29.165000915527344,29.165000915527344,2661
2023-03-20 11:51:00-04:00,29.170000076293945,29.18000030517578,29.15999984741211,29.18000030517578,29.18000030517578,16897
2023-03-20 11:52:00-04:00,29.18000030517578,29.190000534057617,29.174999237060547,29.174999237060547,29.174999237060547,6861
2023-03-20 11:53:00-04:00,29.18000030517578,29.18000030517578,29.13999938964844,29.149999618530277,29.149999618530277,25490
2023-03-20 11:54:00-04:00,29.145000457763672,29.149999618530277,29.131000518798828,29.13500022888184,29.13500022888184,13011
2023-03-20 11:55:00-04:00,29.13999938964844,29.149999618530277,29.13500022888184,29.145000457763672,29.145000457763672,14003
2023-03-20 11:56:00-04:00,29.145000457763672,29.145000457763672,29.13500022888184,29.13500022888184,29.13500022888184,5855
2023-03-20 11:57:00-04:00,29.1299991607666,29.1299991607666,29.11000061035156,29.11000061035156,29.11000061035156,24299
2023-03-20 11:58:00-04:00,29.1200008392334,29.13999938964844,29.1200008392334,29.1200008392334,29.1200008392334,13952
2023-03-20 12:00:00-04:00,29.125,29.1299991607666,29.125,29.1299991607666,29.1299991607666,24359
2023-03-20 12:01:00-04:00,29.1299991607666,29.13500022888184,29.1200008392334,29.1299991607666,29.1299991607666,2702
2023-03-20 12:02:00-04:00,29.13500022888184,29.13999938964844,29.1200008392334,29.1200008392334,29.1200008392334,23319
2023-03-20 12:03:00-04:00,29.1299991607666,29.14559936523437,29.125,29.13500022888184,29.13500022888184,13919
2023-03-20 12:04:00-04:00,29.13500022888184,29.13999938964844,29.1299991607666,29.1299991607666,29.1299991607666,3669
2023-03-20 12:05:00-04:00,29.13500022888184,29.14539909362793,29.1200008392334,29.14539909362793,29.14539909362793,21343
2023-03-20 12:06:00-04:00,29.13999938964844,29.149999618530277,29.1200008392334,29.13999938964844,29.13999938964844,19246
2023-03-20 12:07:00-04:00,29.145000457763672,29.149999618530277,29.114999771118164,29.114999771118164,29.114999771118164,12418
2023-03-20 12:08:00-04:00,29.11000061035156,29.1200008392334,29.104999542236328,29.114999771118164,29.114999771118164,19772
2023-03-20 12:09:00-04:00,29.11000061035156,29.11000061035156,29.07999992370605,29.084999084472656,29.084999084472656,25012
2023-03-20 12:10:00-04:00,29.07999992370605,29.083799362182617,29.06999969482422,29.07999992370605,29.07999992370605,7621
2023-03-20 12:11:00-04:00,29.07999992370605,29.07999992370605,29.059999465942383,29.065000534057617,29.065000534057617,29735
2023-03-20 12:12:00-04:00,29.01000022888184,29.01499938964844,28.989999771118164,28.989999771118164,28.989999771118164,50175
2023-03-20 12:13:00-04:00,28.989999771118164,29.01000022888184,28.989999771118164,29.01000022888184,29.01000022888184,10101
2023-03-20 12:14:00-04:00,29.01000022888184,29.037500381469727,29.01000022888184,29.03499984741211,29.03499984741211,9707
2023-03-20 12:15:00-04:00,29.040000915527344,29.059999465942383,29.040000915527344,29.05500030517578,29.05500030517578,16415
2023-03-20 12:16:00-04:00,29.059999465942383,29.059999465942383,29.040000915527344,29.040000915527344,29.040000915527344,16136
2023-03-20 12:17:00-04:00,29.049999237060547,29.049999237060547,29.020000457763672,29.040000915527344,29.040000915527344,9839
2023-03-20 12:18:00-04:00,29.040000915527344,29.040000915527344,28.9950008392334,28.9950008392334,28.9950008392334,11308
2023-03-20 12:19:00-04:00,28.9950008392334,29.0049991607666,28.98500061035156,29.0,29.0,25463
2023-03-20 12:20:00-04:00,29.01000022888184,29.030000686645508,28.989999771118164,29.024999618530277,29.024999618530277,12798
2023-03-20 12:21:00-04:00,29.024999618530277,29.030000686645508,29.01499938964844,29.01499938964844,29.01499938964844,12947
2023-03-20 12:22:00-04:00,29.020000457763672,29.030000686645508,29.01499938964844,29.030000686645508,29.030000686645508,9710
2023-03-20 12:23:00-04:00,29.024999618530277,29.03499984741211,29.020000457763672,29.020000457763672,29.020000457763672,12966
2023-03-20 12:24:00-04:00,29.020000457763672,29.030000686645508,29.01499938964844,29.020000457763672,29.020000457763672,9030
2023-03-20 12:25:00-04:00,29.030000686645508,29.030000686645508,29.01000022888184,29.020000457763672,29.020000457763672,3161
2023-03-20 12:26:00-04:00,29.020000457763672,29.020000457763672,28.9950008392334,29.0,29.0,19376
2023-03-20 12:27:00-04:00,28.9950008392334,29.0049991607666,28.9950008392334,29.0049991607666,29.0049991607666,2421
2023-03-20 12:28:00-04:00,29.01000022888184,29.020000457763672,29.0049991607666,29.020000457763672,29.020000457763672,12993
2023-03-20 12:29:00-04:00,29.02090072631836,29.024999618530277,29.01499938964844,29.024999618530277,29.024999618530277,12896
2023-03-20 12:30:00-04:00,29.024999618530277,29.03610038757324,29.020000457763672,29.03499984741211,29.03499984741211,10619
2023-03-20 12:31:00-04:00,29.040000915527344,29.049999237060547,29.03499984741211,29.040000915527344,29.040000915527344,12273
2023-03-20 12:32:00-04:00,29.040000915527344,29.059999465942383,29.03499984741211,29.059999465942383,29.059999465942383,27505
2023-03-20 12:33:00-04:00,29.059999465942383,29.065000534057617,29.049999237060547,29.065000534057617,29.065000534057617,3208
2023-03-20 12:34:00-04:00,29.059999465942383,29.087499618530277,29.059999465942383,29.07999992370605,29.07999992370605,12811
2023-03-20 12:35:00-04:00,29.07999992370605,29.07999992370605,29.059999465942383,29.06999969482422,29.06999969482422,8716
2023-03-20 12:36:00-04:00,29.07099914550781,29.07999992370605,29.06999969482422,29.06999969482422,29.06999969482422,10360
2023-03-20 12:37:00-04:00,29.07999992370605,29.084999084472656,29.063600540161133,29.063600540161133,29.063600540161133,8905
2023-03-20 12:38:00-04:00,29.06999969482422,29.07999992370605,29.065000534057617,29.075000762939453,29.075000762939453,13347
2023-03-20 12:39:00-04:00,29.075000762939453,29.09000015258789,29.075000762939453,29.09000015258789,29.09000015258789,13583
2023-03-20 12:40:00-04:00,29.084999084472656,29.084999084472656,29.06999969482422,29.075000762939453,29.075000762939453,20757
2023-03-20 12:41:00-04:00,29.06999969482422,29.075000762939453,29.065000534057617,29.075000762939453,29.075000762939453,7747
2023-03-20 12:42:00-04:00,29.075000762939453,29.07999992370605,29.07159996032715,29.07159996032715,29.07159996032715,698
2023-03-20 12:43:00-04:00,29.06999969482422,29.07999992370605,29.049999237060547,29.059999465942383,29.059999465942383,29398
2023-03-20 12:44:00-04:00,29.05500030517578,29.06999969482422,29.05500030517578,29.065000534057617,29.065000534057617,1860
2023-03-20 12:45:00-04:00,29.06999969482422,29.07999992370605,29.059999465942383,29.07749938964844,29.07749938964844,9613
2023-03-20 12:46:00-04:00,29.06999969482422,29.06999969482422,29.059999465942383,29.065000534057617,29.065000534057617,15290
2023-03-20 12:47:00-04:00,29.065000534057617,29.06999969482422,29.059999465942383,29.06879997253418,29.06879997253418,2864
2023-03-20 12:48:00-04:00,29.06999969482422,29.100000381469727,29.06999969482422,29.09000015258789,29.09000015258789,18933
2023-03-20 12:49:00-04:00,29.09000015258789,29.09000015258789,29.06999969482422,29.075000762939453,29.075000762939453,9413
2023-03-20 12:50:00-04:00,29.075000762939453,29.1200008392334,29.075000762939453,29.11429977416992,29.11429977416992,31831
2023-03-20 12:51:00-04:00,29.114999771118164,29.1299991607666,29.114999771118164,29.125,29.125,9241
2023-03-20 12:52:00-04:00,29.1299991607666,29.1299991607666,29.1200008392334,29.1200008392334,29.1200008392334,1491
2023-03-20 12:53:00-04:00,29.125,29.1299991607666,29.11000061035156,29.1299991607666,29.1299991607666,21130
2023-03-20 12:54:00-04:00,29.1299991607666,29.1299991607666,29.11000061035156,29.114999771118164,29.114999771118164,9274
2023-03-20 12:55:00-04:00,29.1200008392334,29.1299991607666,29.11000061035156,29.125,29.125,9626
2023-03-20 12:56:00-04:00,29.1299991607666,29.170000076293945,29.1299991607666,29.165000915527344,29.165000915527344,15505
2023-03-20 12:57:00-04:00,29.160999298095703,29.170000076293945,29.149999618530277,29.149999618530277,29.149999618530277,20796
2023-03-20 12:58:00-04:00,29.149999618530277,29.149999618530277,29.1299991607666,29.13999938964844,29.13999938964844,14605
2023-03-20 12:59:00-04:00,29.13500022888184,29.13500022888184,29.125,29.13500022888184,29.13500022888184,4388
2023-03-20 13:00:00-04:00,29.13500022888184,29.13500022888184,29.1200008392334,29.125,29.125,6790
2023-03-20 13:01:00-04:00,29.125,29.1299991607666,29.1200008392334,29.125,29.125,6796
2023-03-20 13:02:00-04:00,29.12190055847168,29.145000457763672,29.1200008392334,29.13999938964844,29.13999938964844,11181
2023-03-20 13:03:00-04:00,29.13999938964844,29.149999618530277,29.1299991607666,29.149999618530277,29.149999618530277,12874
2023-03-20 13:04:00-04:00,29.149999618530277,29.15999984741211,29.13999938964844,29.149999618530277,29.149999618530277,11312
2023-03-20 13:05:00-04:00,29.149999618530277,29.15999984741211,29.145000457763672,29.15999984741211,29.15999984741211,10406
2023-03-20 13:06:00-04:00,29.15999984741211,29.200000762939453,29.15999984741211,29.18000030517578,29.18000030517578,44940
2023-03-20 13:07:00-04:00,29.18000030517578,29.190000534057617,29.18000030517578,29.184999465942383,29.184999465942383,2143
2023-03-20 13:08:00-04:00,29.184999465942383,29.200000762939453,29.170000076293945,29.170000076293945,29.170000076293945,15462
2023-03-20 13:09:00-04:00,29.18000030517578,29.184999465942383,29.18000030517578,29.18000030517578,29.18000030517578,5525
2023-03-20 13:10:00-04:00,29.18000030517578,29.184999465942383,29.174999237060547,29.184999465942383,29.184999465942383,7369
2023-03-20 13:11:00-04:00,29.18000030517578,29.190000534057617,29.170000076293945,29.184999465942383,29.184999465942383,7825
2023-03-20 13:12:00-04:00,29.184999465942383,29.190000534057617,29.174999237060547,29.184999465942383,29.184999465942383,3893
2023-03-20 13:13:00-04:00,29.190000534057617,29.19750022888184,29.184999465942383,29.19499969482422,29.19499969482422,7774
2023-03-20 13:14:00-04:00,29.200000762939453,29.209999084472656,29.19499969482422,29.200000762939453,29.200000762939453,6168
2023-03-20 13:15:00-04:00,29.209999084472656,29.21999931335449,29.20499992370605,29.21999931335449,29.21999931335449,10275
2023-03-20 13:16:00-04:00,29.21999931335449,29.229999542236328,29.21910095214844,29.21999931335449,29.21999931335449,13931
2023-03-20 13:17:00-04:00,29.21999931335449,29.21999931335449,29.21500015258789,29.21500015258789,29.21500015258789,5127
2023-03-20 13:18:00-04:00,29.21500015258789,29.227500915527344,29.21500015258789,29.21999931335449,29.21999931335449,6733
2023-03-20 13:19:00-04:00,29.21999931335449,29.229999542236328,29.21999931335449,29.225000381469727,29.225000381469727,8617
2023-03-20 13:20:00-04:00,29.225000381469727,29.239999771118164,29.21999931335449,29.239999771118164,29.239999771118164,17188
2023-03-20 13:21:00-04:00,29.239999771118164,29.24880027770996,29.229999542236328,29.23500061035156,29.23500061035156,10444
2023-03-20 13:22:00-04:00,29.229999542236328,29.25,29.229999542236328,29.25,29.25,15815
2023-03-20 13:23:00-04:00,29.2450008392334,29.270000457763672,29.2450008392334,29.270000457763672,29.270000457763672,17102
2023-03-20 13:24:00-04:00,29.270000457763672,29.270000457763672,29.26499938964844,29.270000457763672,29.270000457763672,4971
2023-03-20 13:25:00-04:00,29.270000457763672,29.270000457763672,29.239999771118164,29.239999771118164,29.239999771118164,18808
2023-03-20 13:26:00-04:00,29.239999771118164,29.2450008392334,29.225000381469727,29.225000381469727,29.225000381469727,19416
2023-03-20 13:27:00-04:00,29.229999542236328,29.229999542236328,29.21999931335449,29.21999931335449,29.21999931335449,3989
2023-03-20 13:28:00-04:00,29.21500015258789,29.21500015258789,29.200000762939453,29.209999084472656,29.209999084472656,19093
2023-03-20 13:29:00-04:00,29.209999084472656,29.21500015258789,29.200000762939453,29.20499992370605,29.20499992370605,10635
2023-03-20 13:30:00-04:00,29.20989990234375,29.229999542236328,29.20499992370605,29.21500015258789,29.21500015258789,15408
2023-03-20 13:31:00-04:00,29.21999931335449,29.229999542236328,29.21999931335449,29.225000381469727,29.225000381469727,3876
2023-03-20 13:32:00-04:00,29.229999542236328,29.229999542236328,29.21999931335449,29.225000381469727,29.225000381469727,3252
2023-03-20 13:33:00-04:00,29.227500915527344,29.229999542236328,29.20499992370605,29.20499992370605,29.20499992370605,12802
2023-03-20 13:34:00-04:00,29.200000762939453,29.20499992370605,29.18000030517578,29.18000030517578,29.18000030517578,7578
2023-03-20 13:35:00-04:00,29.184999465942383,29.184999465942383,29.15999984741211,29.165000915527344,29.165000915527344,7507
2023-03-20 13:36:00-04:00,29.165000915527344,29.170000076293945,29.15999984741211,29.170000076293945,29.170000076293945,5437
2023-03-20 13:37:00-04:00,29.165000915527344,29.167499542236328,29.148500442504883,29.149999618530277,29.149999618530277,13997
2023-03-20 13:38:00-04:00,29.149999618530277,29.149999618530277,29.1299991607666,29.1299991607666,29.1299991607666,9575
2023-03-20 13:39:00-04:00,29.1299991607666,29.13999938964844,29.1299991607666,29.13500022888184,29.13500022888184,3395
2023-03-20 13:40:00-04:00,29.13500022888184,29.165000915527344,29.13500022888184,29.155000686645508,29.155000686645508,42036
2023-03-20 13:41:00-04:00,29.155000686645508,29.170000076293945,29.155000686645508,29.170000076293945,29.170000076293945,13879
2023-03-20 13:42:00-04:00,29.170000076293945,29.174999237060547,29.15999984741211,29.15999984741211,29.15999984741211,11323
2023-03-20 13:43:00-04:00,29.165000915527344,29.170000076293945,29.155000686645508,29.155000686645508,29.155000686645508,20265
2023-03-20 13:44:00-04:00,29.149999618530277,29.15999984741211,29.144699096679688,29.15999984741211,29.15999984741211,24812
2023-03-20 13:45:00-04:00,29.165000915527344,29.165000915527344,29.145000457763672,29.145000457763672,29.145000457763672,11893
2023-03-20 13:46:00-04:00,29.149999618530277,29.155000686645508,29.13999938964844,29.149900436401367,29.149900436401367,5708
2023-03-20 13:47:00-04:00,29.145000457763672,29.145000457763672,29.13999938964844,29.13999938964844,29.13999938964844,8697
2023-03-20 13:48:00-04:00,29.13999938964844,29.145000457763672,29.1299991607666,29.13999938964844,29.13999938964844,20384
2023-03-20 13:49:00-04:00,29.149999618530277,29.165000915527344,29.149999618530277,29.15970039367676,29.15970039367676,15442
2023-03-20 13:50:00-04:00,29.149999618530277,29.155000686645508,29.145000457763672,29.145000457763672,29.145000457763672,5179
2023-03-20 13:51:00-04:00,29.145000457763672,29.165000915527344,29.1299991607666,29.1299991607666,29.1299991607666,17324
2023-03-20 13:52:00-04:00,29.1299991607666,29.137800216674805,29.125,29.13500022888184,29.13500022888184,9434
2023-03-20 13:53:00-04:00,29.131500244140625,29.145000457763672,29.130800247192383,29.13500022888184,29.13500022888184,14134
2023-03-20 13:54:00-04:00,29.13500022888184,29.13999938964844,29.11000061035156,29.11000061035156,29.11000061035156,6174
2023-03-20 13:55:00-04:00,29.114999771118164,29.13999938964844,29.114999771118164,29.13999938964844,29.13999938964844,13438
2023-03-20 13:56:00-04:00,29.13999938964844,29.145000457763672,29.13500022888184,29.13500022888184,29.13500022888184,9902
2023-03-20 13:57:00-04:00,29.13500022888184,29.13500022888184,29.1200008392334,29.125,29.125,8690
2023-03-20 13:58:00-04:00,29.125,29.13999938964844,29.12150001525879,29.1299991607666,29.1299991607666,10351
2023-03-20 13:59:00-04:00,29.13500022888184,29.15999984741211,29.13500022888184,29.13999938964844,29.13999938964844,23895
2023-03-20 14:00:00-04:00,29.13999938964844,29.155000686645508,29.13500022888184,29.13999938964844,29.13999938964844,26281
2023-03-20 14:01:00-04:00,29.149999618530277,29.149999618530277,29.145000457763672,29.145000457763672,29.145000457763672,2741
2023-03-20 14:02:00-04:00,29.141000747680664,29.167499542236328,29.141000747680664,29.15999984741211,29.15999984741211,127582
2023-03-20 14:03:00-04:00,29.15999984741211,29.15999984741211,29.114999771118164,29.114999771118164,29.114999771118164,17666
2023-03-20 14:04:00-04:00,29.11000061035156,29.11000061035156,29.09499931335449,29.09499931335449,29.09499931335449,15713
2023-03-20 14:05:00-04:00,29.09499931335449,29.11750030517578,29.09000015258789,29.09499931335449,29.09499931335449,21463
2023-03-20 14:06:00-04:00,29.093299865722656,29.1200008392334,29.093299865722656,29.11000061035156,29.11000061035156,26227
2023-03-20 14:07:00-04:00,29.11000061035156,29.125,29.100000381469727,29.104999542236328,29.104999542236328,39789
2023-03-20 14:08:00-04:00,29.11000061035156,29.114999771118164,29.09000015258789,29.09499931335449,29.09499931335449,11153
2023-03-20 14:09:00-04:00,29.100000381469727,29.100000381469727,29.07999992370605,29.07999992370605,29.07999992370605,18955
2023-03-20 14:10:00-04:00,29.084999084472656,29.11000061035156,29.07999992370605,29.11000061035156,29.11000061035156,19649
2023-03-20 14:11:00-04:00,29.104999542236328,29.11000061035156,29.09000015258789,29.11000061035156,29.11000061035156,12592
2023-03-20 14:12:00-04:00,29.1200008392334,29.1200008392334,29.100000381469727,29.11000061035156,29.11000061035156,8806
2023-03-20 14:13:00-04:00,29.100000381469727,29.11000061035156,29.09000015258789,29.09000015258789,29.09000015258789,13954
2023-03-20 14:14:00-04:00,29.100000381469727,29.100000381469727,29.084999084472656,29.100000381469727,29.100000381469727,34185
2023-03-20 14:15:00-04:00,29.100000381469727,29.100000381469727,29.049999237060547,29.049999237060547,29.049999237060547,23102
2023-03-20 14:16:00-04:00,29.059999465942383,29.059999465942383,29.03499984741211,29.03499984741211,29.03499984741211,38174
2023-03-20 14:17:00-04:00,29.040000915527344,29.040000915527344,29.020000457763672,29.030000686645508,29.030000686645508,12531
2023-03-20 14:18:00-04:00,29.030000686645508,29.030000686645508,29.01000022888184,29.01000022888184,29.01000022888184,11743
2023-03-20 14:19:00-04:00,29.01499938964844,29.059999465942383,29.01499938964844,29.05179977416992,29.05179977416992,30117
2023-03-20 14:20:00-04:00,29.049999237060547,29.06999969482422,29.049999237060547,29.059999465942383,29.059999465942383,17295
2023-03-20 14:21:00-04:00,29.065000534057617,29.100000381469727,29.065000534057617,29.100000381469727,29.100000381469727,16537
2023-03-20 14:22:00-04:00,29.100000381469727,29.11000061035156,29.100000381469727,29.11000061035156,29.11000061035156,6896
2023-03-20 14:23:00-04:00,29.11000061035156,29.11000061035156,29.07999992370605,29.09000015258789,29.09000015258789,19362
2023-03-20 14:24:00-04:00,29.09000015258789,29.09000015258789,29.075000762939453,29.075000762939453,29.075000762939453,30498
2023-03-20 14:25:00-04:00,29.07999992370605,29.09000015258789,29.06999969482422,29.06999969482422,29.06999969482422,23915
2023-03-20 14:26:00-04:00,29.075000762939453,29.09499931335449,29.06999969482422,29.09499931335449,29.09499931335449,12259
2023-03-20 14:27:00-04:00,29.100000381469727,29.104999542236328,29.09000015258789,29.09000015258789,29.09000015258789,11919
2023-03-20 14:28:00-04:00,29.09499931335449,29.100000381469727,29.09000015258789,29.09000015258789,29.09000015258789,22015
2023-03-20 14:29:00-04:00,29.09000015258789,29.09000015258789,29.05500030517578,29.05500030517578,29.05500030517578,30382
2023-03-20 14:30:00-04:00,29.059999465942383,29.06999969482422,29.049999237060547,29.059999465942383,29.059999465942383,16232
2023-03-20 14:31:00-04:00,29.059999465942383,29.065000534057617,29.01499938964844,29.03499984741211,29.03499984741211,61238
2023-03-20 14:32:00-04:00,29.03499984741211,29.03499984741211,29.01000022888184,29.01000022888184,29.01000022888184,11740
2023-03-20 14:33:00-04:00,29.020000457763672,29.024999618530277,29.01000022888184,29.01499938964844,29.01499938964844,21763
2023-03-20 14:34:00-04:00,29.020000457763672,29.030000686645508,29.01499938964844,29.02510070800781,29.02510070800781,14345
2023-03-20 14:35:00-04:00,29.024999618530277,29.030000686645508,29.01000022888184,29.01000022888184,29.01000022888184,13472
2023-03-20 14:36:00-04:00,29.01499938964844,29.01499938964844,29.0,29.01000022888184,29.01000022888184,17839
2023-03-20 14:37:00-04:00,29.01000022888184,29.020000457763672,28.98500061035156,29.01000022888184,29.01000022888184,121120
2023-03-20 14:38:00-04:00,29.0049991607666,29.020000457763672,29.0049991607666,29.0049991607666,29.0049991607666,11686
2023-03-20 14:39:00-04:00,29.0,29.0049991607666,28.9950008392334,29.0,29.0,15894
2023-03-20 14:40:00-04:00,29.0049991607666,29.01000022888184,28.989999771118164,28.9950008392334,28.9950008392334,13748
2023-03-20 14:41:00-04:00,28.9950008392334,29.0049991607666,28.989999771118164,28.9950008392334,28.9950008392334,22988
2023-03-20 14:42:00-04:00,28.9950008392334,29.0,28.979999542236328,28.9950008392334,28.9950008392334,14842
2023-03-20 14:43:00-04:00,28.9950008392334,29.01499938964844,28.9950008392334,29.01499938964844,29.01499938964844,9602
2023-03-20 14:44:00-04:00,29.01749992370605,29.01749992370605,29.0,29.0,29.0,7312
2023-03-20 14:45:00-04:00,29.0049991607666,29.030000686645508,29.0,29.02750015258789,29.02750015258789,14793
2023-03-20 14:46:00-04:00,29.020000457763672,29.030000686645508,29.020000457763672,29.020000457763672,29.020000457763672,6877
2023-03-20 14:47:00-04:00,29.024999618530277,29.024999618530277,29.0,29.0,29.0,9348
2023-03-20 14:48:00-04:00,29.0049991607666,29.024999618530277,29.0049991607666,29.01499938964844,29.01499938964844,12528
2023-03-20 14:49:00-04:00,29.01499938964844,29.020000457763672,29.013999938964844,29.020000457763672,29.020000457763672,5660
2023-03-20 14:50:00-04:00,29.01499938964844,29.07999992370605,29.0049991607666,29.06999969482422,29.06999969482422,32998
2023-03-20 14:51:00-04:00,29.06999969482422,29.075000762939453,29.059999465942383,29.075000762939453,29.075000762939453,27459
2023-03-20 14:52:00-04:00,29.06999969482422,29.078399658203125,29.05500030517578,29.05500030517578,29.05500030517578,9857
2023-03-20 14:53:00-04:00,29.049999237060547,29.05500030517578,29.040000915527344,29.049999237060547,29.049999237060547,19165
2023-03-20 14:54:00-04:00,29.049999237060547,29.049999237060547,29.03499984741211,29.040000915527344,29.040000915527344,9963
2023-03-20 14:55:00-04:00,29.045000076293945,29.049999237060547,29.045000076293945,29.049999237060547,29.049999237060547,20395
2023-03-20 14:56:00-04:00,29.049999237060547,29.059999465942383,29.045000076293945,29.045000076293945,29.045000076293945,13235
2023-03-20 14:57:00-04:00,29.045000076293945,29.049999237060547,29.030000686645508,29.040000915527344,29.040000915527344,24221
2023-03-20 14:58:00-04:00,29.040000915527344,29.049999237060547,29.030000686645508,29.030000686645508,29.030000686645508,10019
2023-03-20 14:59:00-04:00,29.040000915527344,29.049999237060547,29.03499984741211,29.040000915527344,29.040000915527344,8232
2023-03-20 15:00:00-04:00,29.045000076293945,29.045000076293945,29.024999618530277,29.030000686645508,29.030000686645508,27512
2023-03-20 15:01:00-04:00,29.030000686645508,29.049999237060547,29.024999618530277,29.049999237060547,29.049999237060547,10997
2023-03-20 15:02:00-04:00,29.049999237060547,29.049999237060547,29.040000915527344,29.045000076293945,29.045000076293945,2589
2023-03-20 15:03:00-04:00,29.045000076293945,29.065000534057617,29.045000076293945,29.05500030517578,29.05500030517578,23587
2023-03-20 15:04:00-04:00,29.05500030517578,29.059999465942383,29.049999237060547,29.05500030517578,29.05500030517578,3367
2023-03-20 15:05:00-04:00,29.05500030517578,29.06999969482422,29.049999237060547,29.065000534057617,29.065000534057617,7935
2023-03-20 15:06:00-04:00,29.059999465942383,29.06999969482422,29.049999237060547,29.059999465942383,29.059999465942383,17446
2023-03-20 15:07:00-04:00,29.05500030517578,29.059999465942383,29.040000915527344,29.045000076293945,29.045000076293945,37562
2023-03-20 15:08:00-04:00,29.040000915527344,29.059999465942383,29.040000915527344,29.040000915527344,29.040000915527344,30366
2023-03-20 15:09:00-04:00,29.049999237060547,29.049999237060547,29.024999618530277,29.024999618530277,29.024999618530277,13064
2023-03-20 15:10:00-04:00,29.024999618530277,29.049999237060547,29.01499938964844,29.045000076293945,29.045000076293945,21364
2023-03-20 15:11:00-04:00,29.045000076293945,29.04750061035156,29.030000686645508,29.03499984741211,29.03499984741211,15860
2023-03-20 15:12:00-04:00,29.030000686645508,29.045000076293945,29.030000686645508,29.045000076293945,29.045000076293945,16228
2023-03-20 15:13:00-04:00,29.040000915527344,29.045000076293945,29.024999618530277,29.03499984741211,29.03499984741211,8578
2023-03-20 15:14:00-04:00,29.038000106811523,29.040000915527344,29.030000686645508,29.040000915527344,29.040000915527344,13569
2023-03-20 15:15:00-04:00,29.040000915527344,29.049999237060547,29.024999618530277,29.03499984741211,29.03499984741211,15075
2023-03-20 15:16:00-04:00,29.03499984741211,29.049999237060547,29.03499984741211,29.045000076293945,29.045000076293945,20577
2023-03-20 15:17:00-04:00,29.049999237060547,29.049999237060547,29.040000915527344,29.049999237060547,29.049999237060547,5619
2023-03-20 15:18:00-04:00,29.040000915527344,29.059999465942383,29.040000915527344,29.059999465942383,29.059999465942383,13073
2023-03-20 15:19:00-04:00,29.059999465942383,29.07999992370605,29.05500030517578,29.07749938964844,29.07749938964844,11034
2023-03-20 15:20:00-04:00,29.075000762939453,29.07999992370605,29.059999465942383,29.059999465942383,29.059999465942383,39337
2023-03-20 15:21:00-04:00,29.059999465942383,29.059999465942383,29.020000457763672,29.020000457763672,29.020000457763672,21403
2023-03-20 15:22:00-04:00,29.030000686645508,29.040000915527344,29.030000686645508,29.03499984741211,29.03499984741211,13362
2023-03-20 15:23:00-04:00,29.040000915527344,29.049999237060547,29.03499984741211,29.041400909423828,29.041400909423828,13291
2023-03-20 15:24:00-04:00,29.045000076293945,29.059999465942383,29.040000915527344,29.05500030517578,29.05500030517578,18529
2023-03-20 15:25:00-04:00,29.05500030517578,29.07999992370605,29.05500030517578,29.075000762939453,29.075000762939453,20578
2023-03-20 15:26:00-04:00,29.07999992370605,29.100000381469727,29.06999969482422,29.100000381469727,29.100000381469727,23937
2023-03-20 15:27:00-04:00,29.100000381469727,29.100000381469727,29.075000762939453,29.07999992370605,29.07999992370605,29520
2023-03-20 15:28:00-04:00,29.084999084472656,29.09499931335449,29.07999992370605,29.09499931335449,29.09499931335449,10760
2023-03-20 15:29:00-04:00,29.100000381469727,29.100000381469727,29.084999084472656,29.084999084472656,29.084999084472656,10529
2023-03-20 15:30:00-04:00,29.084999084472656,29.11000061035156,29.07999992370605,29.104999542236328,29.104999542236328,19969
2023-03-20 15:31:00-04:00,29.11000061035156,29.1299991607666,29.104999542236328,29.125,29.125,17667
2023-03-20 15:32:00-04:00,29.125,29.1299991607666,29.114999771118164,29.1200008392334,29.1200008392334,19228
2023-03-20 15:33:00-04:00,29.125,29.13500022888184,29.114999771118164,29.1200008392334,29.1200008392334,34080
2023-03-20 15:34:00-04:00,29.1200008392334,29.125,29.100000381469727,29.1200008392334,29.1200008392334,36989
2023-03-20 15:35:00-04:00,29.125,29.13999938964844,29.1200008392334,29.1200008392334,29.1200008392334,33158
2023-03-20 15:36:00-04:00,29.1200008392334,29.1299991607666,29.1200008392334,29.125,29.125,7811
2023-03-20 15:37:00-04:00,29.125,29.1299991607666,29.09149932861328,29.09149932861328,29.09149932861328,22009
2023-03-20 15:38:00-04:00,29.100000381469727,29.114999771118164,29.09499931335449,29.114999771118164,29.114999771118164,25447
2023-03-20 15:39:00-04:00,29.114999771118164,29.1200008392334,29.104999542236328,29.11000061035156,29.11000061035156,11457
2023-03-20 15:40:00-04:00,29.114999771118164,29.114999771118164,29.100000381469727,29.11000061035156,29.11000061035156,25898
2023-03-20 15:41:00-04:00,29.104999542236328,29.1200008392334,29.104999542236328,29.11000061035156,29.11000061035156,20902
2023-03-20 15:42:00-04:00,29.114999771118164,29.1299991607666,29.114999771118164,29.125,29.125,15492
2023-03-20 15:43:00-04:00,29.125,29.1299991607666,29.114999771118164,29.1200008392334,29.1200008392334,22410
2023-03-20 15:44:00-04:00,29.12150001525879,29.13999938964844,29.1200008392334,29.1299991607666,29.1299991607666,22215
2023-03-20 15:45:00-04:00,29.125,29.13500022888184,29.11000061035156,29.13500022888184,29.13500022888184,41801
2023-03-20 15:46:00-04:00,29.13999938964844,29.149999618530277,29.1299991607666,29.149999618530277,29.149999618530277,36422
2023-03-20 15:47:00-04:00,29.149999618530277,29.18000030517578,29.140100479125977,29.18000030517578,29.18000030517578,41891
2023-03-20 15:48:00-04:00,29.170000076293945,29.188899993896484,29.170000076293945,29.184999465942383,29.184999465942383,47232
2023-03-20 15:49:00-04:00,29.18000030517578,29.190000534057617,29.170000076293945,29.190000534057617,29.190000534057617,62209
2023-03-20 15:50:00-04:00,29.190000534057617,29.229999542236328,29.190000534057617,29.225000381469727,29.225000381469727,109166
2023-03-20 15:51:00-04:00,29.225000381469727,29.229999542236328,29.21999931335449,29.225000381469727,29.225000381469727,70977
2023-03-20 15:52:00-04:00,29.225000381469727,29.25,29.21500015258789,29.2450008392334,29.2450008392334,102822
2023-03-20 15:53:00-04:00,29.2450008392334,29.25,29.239999771118164,29.25,29.25,62442
2023-03-20 15:54:00-04:00,29.2450008392334,29.25,29.229999542236328,29.23500061035156,29.23500061035156,121722
2023-03-20 15:55:00-04:00,29.229999542236328,29.239999771118164,29.165000915527344,29.165000915527344,29.165000915527344,158656
2023-03-20 15:56:00-04:00,29.165000915527344,29.18000030517578,29.149999618530277,29.15999984741211,29.15999984741211,119048
2023-03-20 15:57:00-04:00,29.15999984741211,29.170000076293945,29.149999618530277,29.16699981689453,29.16699981689453,93620
2023-03-20 15:58:00-04:00,29.15999984741211,29.18000030517578,29.15999984741211,29.165000915527344,29.165000915527344,131589
2023-03-20 15:59:00-04:00,29.170000076293945,29.170000076293945,29.149999618530277,29.170000076293945,29.170000076293945,278454
2023-03-21 09:30:00-04:00,29.440000534057617,29.61000061035156,29.420000076293945,29.530000686645508,29.530000686645508,128766
2023-03-21 09:31:00-04:00,29.540000915527344,29.57999992370605,29.51499938964844,29.53499984741211,29.53499984741211,29689
2023-03-21 09:32:00-04:00,29.530000686645508,29.530000686645508,29.479999542236328,29.5,29.5,23481
2023-03-21 09:33:00-04:00,29.51000022888184,29.51000022888184,29.479999542236328,29.5,29.5,12528
2023-03-21 09:34:00-04:00,29.489999771118164,29.524999618530277,29.489999771118164,29.51000022888184,29.51000022888184,13490
2023-03-21 09:35:00-04:00,29.520000457763672,29.55500030517578,29.5049991607666,29.524999618530277,29.524999618530277,27059
2023-03-21 09:36:00-04:00,29.520000457763672,29.530000686645508,29.490100860595703,29.51499938964844,29.51499938964844,34429
2023-03-21 09:37:00-04:00,29.520000457763672,29.549999237060547,29.520000457763672,29.540000915527344,29.540000915527344,21608
2023-03-21 09:38:00-04:00,29.545000076293945,29.549999237060547,29.530000686645508,29.53499984741211,29.53499984741211,14794
2023-03-21 09:39:00-04:00,29.53499984741211,29.540000915527344,29.5,29.51000022888184,29.51000022888184,134377
2023-03-21 09:40:00-04:00,29.51000022888184,29.55179977416992,29.5,29.540000915527344,29.540000915527344,325831
2023-03-21 09:41:00-04:00,29.549999237060547,29.559999465942383,29.5,29.5049991607666,29.5049991607666,63746
2023-03-21 09:42:00-04:00,29.51000022888184,29.530000686645508,29.45499992370605,29.46500015258789,29.46500015258789,27949
2023-03-21 09:43:00-04:00,29.46999931335449,29.520000457763672,29.46999931335449,29.5,29.5,14455
2023-03-21 09:44:00-04:00,29.5,29.51000022888184,29.479999542236328,29.5049991607666,29.5049991607666,11292
2023-03-21 09:45:00-04:00,29.51000022888184,29.51499938964844,29.459999084472656,29.459999084472656,29.459999084472656,16411
2023-03-21 09:46:00-04:00,29.459999084472656,29.479999542236328,29.450000762939453,29.46999931335449,29.46999931335449,19708
2023-03-21 09:47:00-04:00,29.459999084472656,29.47100067138672,29.440000534057617,29.450000762939453,29.450000762939453,32111
2023-03-21 09:48:00-04:00,29.45499992370605,29.479999542236328,29.440000534057617,29.440000534057617,29.440000534057617,20101
2023-03-21 09:49:00-04:00,29.440000534057617,29.459999084472656,29.440000534057617,29.459999084472656,29.459999084472656,19720
2023-03-21 09:50:00-04:00,29.450000762939453,29.459999084472656,29.440000534057617,29.440000534057617,29.440000534057617,27813
2023-03-21 09:51:00-04:00,29.44499969482422,29.459999084472656,29.43000030517578,29.440000534057617,29.440000534057617,19796
2023-03-21 09:52:00-04:00,29.434999465942383,29.450000762939453,29.420000076293945,29.420000076293945,29.420000076293945,12828
2023-03-21 09:53:00-04:00,29.424999237060547,29.424999237060547,29.38999938964844,29.399999618530277,29.399999618530277,14639
2023-03-21 09:54:00-04:00,29.405000686645508,29.40999984741211,29.38999938964844,29.40290069580078,29.40290069580078,20797
2023-03-21 09:55:00-04:00,29.40999984741211,29.459999084472656,29.40999984741211,29.459999084472656,29.459999084472656,46356
2023-03-21 09:56:00-04:00,29.46500015258789,29.46500015258789,29.44499969482422,29.459999084472656,29.459999084472656,20048
2023-03-21 09:57:00-04:00,29.46999931335449,29.520000457763672,29.46999931335449,29.51000022888184,29.51000022888184,36553
2023-03-21 09:58:00-04:00,29.51000022888184,29.520000457763672,29.489999771118164,29.489999771118164,29.489999771118164,14099
2023-03-21 09:59:00-04:00,29.4950008392334,29.5,29.479999542236328,29.48500061035156,29.48500061035156,10214
2023-03-21 10:00:00-04:00,29.489999771118164,29.4950008392334,29.434999465942383,29.440000534057617,29.440000534057617,66604
2023-03-21 10:01:00-04:00,29.440000534057617,29.46999931335449,29.440000534057617,29.45499992370605,29.45499992370605,39322
2023-03-21 10:02:00-04:00,29.450000762939453,29.450000762939453,29.40999984741211,29.440000534057617,29.440000534057617,21972
2023-03-21 10:03:00-04:00,29.44499969482422,29.46999931335449,29.44499969482422,29.44700050354004,29.44700050354004,29044
2023-03-21 10:04:00-04:00,29.44499969482422,29.459999084472656,29.43000030517578,29.44499969482422,29.44499969482422,46353
2023-03-21 10:05:00-04:00,29.4424991607666,29.489999771118164,29.440000534057617,29.479999542236328,29.479999542236328,39419
2023-03-21 10:06:00-04:00,29.489999771118164,29.489999771118164,29.440000534057617,29.44499969482422,29.44499969482422,20657
2023-03-21 10:07:00-04:00,29.44499969482422,29.46999931335449,29.44499969482422,29.45499992370605,29.45499992370605,14486
2023-03-21 10:08:00-04:00,29.450000762939453,29.46500015258789,29.43000030517578,29.46500015258789,29.46500015258789,43157
2023-03-21 10:09:00-04:00,29.459999084472656,29.459999084472656,29.424999237060547,29.424999237060547,29.424999237060547,11897
2023-03-21 10:10:00-04:00,29.43000030517578,29.475000381469727,29.420000076293945,29.46999931335449,29.46999931335449,24344
2023-03-21 10:11:00-04:00,29.479999542236328,29.479999542236328,29.45499992370605,29.45499992370605,29.45499992370605,20303
2023-03-21 10:12:00-04:00,29.450000762939453,29.459999084472656,29.43000030517578,29.434999465942383,29.434999465942383,12342
2023-03-21 10:13:00-04:00,29.43000030517578,29.450000762939453,29.420000076293945,29.420000076293945,29.420000076293945,20002
2023-03-21 10:14:00-04:00,29.420000076293945,29.420000076293945,29.3700008392334,29.3700008392334,29.3700008392334,19567
2023-03-21 10:15:00-04:00,29.375,29.38999938964844,29.36000061035156,29.3799991607666,29.3799991607666,17410
2023-03-21 10:16:00-04:00,29.3700008392334,29.3799991607666,29.36000061035156,29.375,29.375,32822
2023-03-21 10:17:00-04:00,29.3700008392334,29.3799991607666,29.364999771118164,29.364999771118164,29.364999771118164,14217
2023-03-21 10:18:00-04:00,29.364999771118164,29.395000457763672,29.36000061035156,29.395000457763672,29.395000457763672,32618
2023-03-21 10:19:00-04:00,29.38999938964844,29.405000686645508,29.38999938964844,29.399999618530277,29.399999618530277,14488
2023-03-21 10:20:00-04:00,29.38999938964844,29.43000030517578,29.38999938964844,29.424999237060547,29.424999237060547,13359
2023-03-21 10:21:00-04:00,29.420000076293945,29.420000076293945,29.399999618530277,29.420000076293945,29.420000076293945,23120
2023-03-21 10:22:00-04:00,29.420000076293945,29.420000076293945,29.38999938964844,29.405000686645508,29.405000686645508,20608
2023-03-21 10:23:00-04:00,29.405000686645508,29.405000686645508,29.3799991607666,29.405000686645508,29.405000686645508,22558
2023-03-21 10:24:00-04:00,29.405000686645508,29.405000686645508,29.3799991607666,29.38500022888184,29.38500022888184,7948
2023-03-21 10:25:00-04:00,29.38999938964844,29.405000686645508,29.3799991607666,29.405000686645508,29.405000686645508,11760
2023-03-21 10:26:00-04:00,29.401199340820312,29.420000076293945,29.38999938964844,29.38999938964844,29.38999938964844,26260
2023-03-21 10:27:00-04:00,29.395000457763672,29.395000457763672,29.36000061035156,29.38500022888184,29.38500022888184,31261
2023-03-21 10:28:00-04:00,29.38500022888184,29.399999618530277,29.375,29.38500022888184,29.38500022888184,22762
2023-03-21 10:29:00-04:00,29.38500022888184,29.38999938964844,29.3799991607666,29.38500022888184,29.38500022888184,4728
2023-03-21 10:30:00-04:00,29.38969993591309,29.43000030517578,29.375,29.43000030517578,29.43000030517578,48921
2023-03-21 10:31:00-04:00,29.424999237060547,29.43000030517578,29.420000076293945,29.43000030517578,29.43000030517578,7217
2023-03-21 10:32:00-04:00,29.43000030517578,29.440000534057617,29.415000915527344,29.434999465942383,29.434999465942383,35665
2023-03-21 10:33:00-04:00,29.43000030517578,29.43000030517578,29.395000457763672,29.415000915527344,29.415000915527344,48495
2023-03-21 10:34:00-04:00,29.415000915527344,29.420000076293945,29.395000457763672,29.405000686645508,29.405000686645508,28267
2023-03-21 10:35:00-04:00,29.405000686645508,29.405000686645508,29.364999771118164,29.364999771118164,29.364999771118164,29746
2023-03-21 10:36:00-04:00,29.3700008392334,29.3799991607666,29.36000061035156,29.360200881958008,29.360200881958008,33951
2023-03-21 10:37:00-04:00,29.364999771118164,29.38999938964844,29.362499237060547,29.38999938964844,29.38999938964844,20029
2023-03-21 10:38:00-04:00,29.399999618530277,29.40999984741211,29.395000457763672,29.395000457763672,29.395000457763672,22551
2023-03-21 10:39:00-04:00,29.399999618530277,29.420000076293945,29.38999938964844,29.415000915527344,29.415000915527344,16428
2023-03-21 10:40:00-04:00,29.415000915527344,29.43000030517578,29.405000686645508,29.424999237060547,29.424999237060547,9443
2023-03-21 10:41:00-04:00,29.424999237060547,29.440000534057617,29.420000076293945,29.424999237060547,29.424999237060547,15722
2023-03-21 10:42:00-04:00,29.420000076293945,29.420000076293945,29.38249969482422,29.38249969482422,29.38249969482422,9220
2023-03-21 10:43:00-04:00,29.38999938964844,29.38999938964844,29.362499237060547,29.375,29.375,13445
2023-03-21 10:44:00-04:00,29.3799991607666,29.38999938964844,29.375,29.38999938964844,29.38999938964844,10607
2023-03-21 10:45:00-04:00,29.38500022888184,29.424999237060547,29.38500022888184,29.424999237060547,29.424999237060547,13012
2023-03-21 10:46:00-04:00,29.43000030517578,29.45499992370605,29.43000030517578,29.450000762939453,29.450000762939453,24406
2023-03-21 10:47:00-04:00,29.440000534057617,29.44499969482422,29.43000030517578,29.44499969482422,29.44499969482422,12959
2023-03-21 10:48:00-04:00,29.44499969482422,29.450000762939453,29.434999465942383,29.434999465942383,29.434999465942383,18394
2023-03-21 10:49:00-04:00,29.440000534057617,29.44499969482422,29.440000534057617,29.44499969482422,29.44499969482422,7100
2023-03-21 10:50:00-04:00,29.44499969482422,29.44499969482422,29.424999237060547,29.43000030517578,29.43000030517578,14576
2023-03-21 10:51:00-04:00,29.43000030517578,29.434999465942383,29.399999618530277,29.405000686645508,29.405000686645508,15441
2023-03-21 10:52:00-04:00,29.399999618530277,29.40999984741211,29.3799991607666,29.40999984741211,29.40999984741211,17561
2023-03-21 10:53:00-04:00,29.420000076293945,29.420000076293945,29.405000686645508,29.420000076293945,29.420000076293945,14490
2023-03-21 10:54:00-04:00,29.43000030517578,29.43000030517578,29.415000915527344,29.420000076293945,29.420000076293945,16976
2023-03-21 10:55:00-04:00,29.424999237060547,29.434999465942383,29.40999984741211,29.43000030517578,29.43000030517578,17107
2023-03-21 10:56:00-04:00,29.43000030517578,29.450000762939453,29.424999237060547,29.44499969482422,29.44499969482422,18062
2023-03-21 10:57:00-04:00,29.440000534057617,29.44499969482422,29.43000030517578,29.44499969482422,29.44499969482422,15034
2023-03-21 10:58:00-04:00,29.44499969482422,29.450000762939453,29.420000076293945,29.43000030517578,29.43000030517578,17734
2023-03-21 10:59:00-04:00,29.434999465942383,29.46500015258789,29.434999465942383,29.44499969482422,29.44499969482422,18798
2023-03-21 11:00:00-04:00,29.450000762939453,29.450000762939453,29.43000030517578,29.440000534057617,29.440000534057617,11779
2023-03-21 11:01:00-04:00,29.434999465942383,29.44499969482422,29.430099487304688,29.434999465942383,29.434999465942383,12545
2023-03-21 11:02:00-04:00,29.434999465942383,29.440000534057617,29.420000076293945,29.420000076293945,29.420000076293945,13270
2023-03-21 11:03:00-04:00,29.420000076293945,29.424999237060547,29.395000457763672,29.399999618530277,29.399999618530277,20949
2023-03-21 11:04:00-04:00,29.40999984741211,29.40999984741211,29.38500022888184,29.38500022888184,29.38500022888184,18120
2023-03-21 11:05:00-04:00,29.38500022888184,29.40999984741211,29.3799991607666,29.40999984741211,29.40999984741211,19084
2023-03-21 11:06:00-04:00,29.40999984741211,29.420000076293945,29.399999618530277,29.399999618530277,29.399999618530277,11958
2023-03-21 11:07:00-04:00,29.399999618530277,29.40999984741211,29.38999938964844,29.40999984741211,29.40999984741211,25063
2023-03-21 11:08:00-04:00,29.405000686645508,29.405000686645508,29.38500022888184,29.38500022888184,29.38500022888184,17508
2023-03-21 11:09:00-04:00,29.3799991607666,29.38999938964844,29.364999771118164,29.38500022888184,29.38500022888184,45052
2023-03-21 11:10:00-04:00,29.38500022888184,29.38500022888184,29.36000061035156,29.3700008392334,29.3700008392334,26880
2023-03-21 11:11:00-04:00,29.375,29.40999984741211,29.372499465942383,29.40999984741211,29.40999984741211,18587
2023-03-21 11:12:00-04:00,29.405000686645508,29.43000030517578,29.405000686645508,29.424999237060547,29.424999237060547,15356
2023-03-21 11:13:00-04:00,29.43000030517578,29.44499969482422,29.415000915527344,29.420000076293945,29.420000076293945,47626
2023-03-21 11:14:00-04:00,29.420000076293945,29.440000534057617,29.420000076293945,29.43000030517578,29.43000030517578,11612
2023-03-21 11:15:00-04:00,29.43000030517578,29.440000534057617,29.420000076293945,29.424999237060547,29.424999237060547,8981
2023-03-21 11:16:00-04:00,29.424999237060547,29.440000534057617,29.40999984741211,29.420000076293945,29.420000076293945,17953
2023-03-21 11:17:00-04:00,29.415000915527344,29.420000076293945,29.405000686645508,29.415000915527344,29.415000915527344,11795
2023-03-21 11:18:00-04:00,29.415000915527344,29.420000076293945,29.399999618530277,29.405000686645508,29.405000686645508,11555
2023-03-21 11:19:00-04:00,29.399999618530277,29.43000030517578,29.399999618530277,29.420000076293945,29.420000076293945,21442
2023-03-21 11:20:00-04:00,29.420000076293945,29.420000076293945,29.38999938964844,29.399999618530277,29.399999618530277,9933
2023-03-21 11:21:00-04:00,29.399999618530277,29.399999618530277,29.3799991607666,29.3799991607666,29.3799991607666,7610
2023-03-21 11:22:00-04:00,29.38500022888184,29.38999938964844,29.3799991607666,29.3799991607666,29.3799991607666,5846
2023-03-21 11:23:00-04:00,29.38500022888184,29.40999984741211,29.3799991607666,29.399999618530277,29.399999618530277,19394
2023-03-21 11:24:00-04:00,29.399999618530277,29.41860008239746,29.399999618530277,29.415000915527344,29.415000915527344,18111
2023-03-21 11:25:00-04:00,29.415000915527344,29.415000915527344,29.38500022888184,29.38999938964844,29.38999938964844,11611
2023-03-21 11:26:00-04:00,29.395000457763672,29.399999618530277,29.375,29.38500022888184,29.38500022888184,17143
2023-03-21 11:27:00-04:00,29.3799991607666,29.38999938964844,29.3700008392334,29.3700008392334,29.3700008392334,16903
2023-03-21 11:28:00-04:00,29.3799991607666,29.40999984741211,29.3799991607666,29.3799991607666,29.3799991607666,18561
2023-03-21 11:29:00-04:00,29.38500022888184,29.38999938964844,29.3799991607666,29.38500022888184,29.38500022888184,5575
2023-03-21 11:30:00-04:00,29.38500022888184,29.38500022888184,29.350000381469727,29.350000381469727,29.350000381469727,104407
2023-03-21 11:31:00-04:00,29.350000381469727,29.350000381469727,29.32999992370605,29.32999992370605,29.32999992370605,16180
2023-03-21 11:32:00-04:00,29.32999992370605,29.32999992370605,29.325000762939453,29.325000762939453,29.325000762939453,49421
2023-03-21 11:33:00-04:00,29.325000762939453,29.32999992370605,29.309999465942383,29.31060028076172,29.31060028076172,44011
2023-03-21 11:34:00-04:00,29.315000534057617,29.315000534057617,29.295000076293945,29.295000076293945,29.295000076293945,25894
2023-03-21 11:35:00-04:00,29.295000076293945,29.299999237060547,29.280000686645508,29.280000686645508,29.280000686645508,9781
2023-03-21 11:36:00-04:00,29.280000686645508,29.280000686645508,29.26000022888184,29.26000022888184,29.26000022888184,14738
2023-03-21 11:37:00-04:00,29.26499938964844,29.280000686645508,29.26000022888184,29.280000686645508,29.280000686645508,50384
2023-03-21 11:38:00-04:00,29.280000686645508,29.28499984741211,29.21999931335449,29.21999931335449,29.21999931335449,53470
2023-03-21 11:39:00-04:00,29.21999931335449,29.229999542236328,29.19499969482422,29.21999931335449,29.21999931335449,39685
2023-03-21 11:40:00-04:00,29.21999931335449,29.229999542236328,29.19499969482422,29.200000762939453,29.200000762939453,16458
2023-03-21 11:41:00-04:00,29.200000762939453,29.200000762939453,29.170000076293945,29.18000030517578,29.18000030517578,19932
2023-03-21 11:42:00-04:00,29.170000076293945,29.190000534057617,29.165000915527344,29.170000076293945,29.170000076293945,73986
2023-03-21 11:43:00-04:00,29.165000915527344,29.200000762939453,29.165000915527344,29.18000030517578,29.18000030517578,65139
2023-03-21 11:44:00-04:00,29.18000030517578,29.18000030517578,29.1299991607666,29.13500022888184,29.13500022888184,63002
2023-03-21 11:45:00-04:00,29.1299991607666,29.1299991607666,29.114999771118164,29.125,29.125,144607
2023-03-21 11:46:00-04:00,29.1299991607666,29.155000686645508,29.114999771118164,29.13500022888184,29.13500022888184,51224
2023-03-21 11:47:00-04:00,29.13999938964844,29.18000030517578,29.13999938964844,29.174999237060547,29.174999237060547,26438
2023-03-21 11:48:00-04:00,29.18000030517578,29.184999465942383,29.165000915527344,29.165000915527344,29.165000915527344,14562
2023-03-21 11:49:00-04:00,29.165000915527344,29.185300827026367,29.165000915527344,29.18000030517578,29.18000030517578,20488
2023-03-21 11:50:00-04:00,29.18000030517578,29.209999084472656,29.18000030517578,29.200000762939453,29.200000762939453,10454
2023-03-21 11:51:00-04:00,29.200000762939453,29.200000762939453,29.190000534057617,29.190000534057617,29.190000534057617,21945
2023-03-21 11:52:00-04:00,29.19499969482422,29.200000762939453,29.165000915527344,29.165000915527344,29.165000915527344,21724
2023-03-21 11:53:00-04:00,29.170000076293945,29.18000030517578,29.15999984741211,29.165000915527344,29.165000915527344,9107
2023-03-21 11:54:00-04:00,29.165000915527344,29.170000076293945,29.15999984741211,29.16010093688965,29.16010093688965,8747
2023-03-21 11:55:00-04:00,29.15999984741211,29.18000030517578,29.149999618530277,29.149999618530277,29.149999618530277,22852
2023-03-21 11:56:00-04:00,29.149999618530277,29.15999984741211,29.145000457763672,29.145000457763672,29.145000457763672,7847
2023-03-21 11:57:00-04:00,29.145000457763672,29.155000686645508,29.13999938964844,29.149999618530277,29.149999618530277,10633
2023-03-21 11:58:00-04:00,29.155000686645508,29.170000076293945,29.13999938964844,29.170000076293945,29.170000076293945,12543
2023-03-21 11:59:00-04:00,29.165000915527344,29.170000076293945,29.15999984741211,29.165000915527344,29.165000915527344,4663
2023-03-21 12:00:00-04:00,29.15999984741211,29.190000534057617,29.155000686645508,29.174999237060547,29.174999237060547,23797
2023-03-21 12:01:00-04:00,29.170000076293945,29.170000076293945,29.149999618530277,29.155000686645508,29.155000686645508,12987
2023-03-21 12:02:00-04:00,29.15999984741211,29.15999984741211,29.13999938964844,29.149999618530277,29.149999618530277,13307
2023-03-21 12:03:00-04:00,29.13999938964844,29.155000686645508,29.13999938964844,29.13999938964844,29.13999938964844,15340
2023-03-21 12:04:00-04:00,29.145000457763672,29.149999618530277,29.1200008392334,29.1200008392334,29.1200008392334,5532
2023-03-21 12:05:00-04:00,29.125,29.125,29.1200008392334,29.1200008392334,29.1200008392334,4359
2023-03-21 12:06:00-04:00,29.1299991607666,29.13500022888184,29.104999542236328,29.11000061035156,29.11000061035156,60998
2023-03-21 12:07:00-04:00,29.1200008392334,29.1200008392334,29.09499931335449,29.100000381469727,29.100000381469727,27732
2023-03-21 12:08:00-04:00,29.11000061035156,29.13500022888184,29.102500915527344,29.13500022888184,29.13500022888184,11433
2023-03-21 12:09:00-04:00,29.13999938964844,29.155000686645508,29.13500022888184,29.145000457763672,29.145000457763672,12324
2023-03-21 12:10:00-04:00,29.145000457763672,29.15999984741211,29.145000457763672,29.15999984741211,29.15999984741211,9429
2023-03-21 12:11:00-04:00,29.155000686645508,29.170000076293945,29.149999618530277,29.165000915527344,29.165000915527344,14075
2023-03-21 12:12:00-04:00,29.165000915527344,29.165000915527344,29.155000686645508,29.165000915527344,29.165000915527344,11692
2023-03-21 12:13:00-04:00,29.165000915527344,29.165000915527344,29.15999984741211,29.165000915527344,29.165000915527344,2271
2023-03-21 12:14:00-04:00,29.165000915527344,29.167600631713867,29.13999938964844,29.13999938964844,29.13999938964844,18372
2023-03-21 12:15:00-04:00,29.149999618530277,29.149999618530277,29.13999938964844,29.149999618530277,29.149999618530277,10123
2023-03-21 12:16:00-04:00,29.145000457763672,29.165000915527344,29.140499114990234,29.165000915527344,29.165000915527344,11290
2023-03-21 12:17:00-04:00,29.165000915527344,29.174999237060547,29.15999984741211,29.165000915527344,29.165000915527344,9150
2023-03-21 12:18:00-04:00,29.15999984741211,29.165000915527344,29.155000686645508,29.155000686645508,29.155000686645508,6281
2023-03-21 12:19:00-04:00,29.155000686645508,29.155000686645508,29.149999618530277,29.149999618530277,29.149999618530277,2667
2023-03-21 12:20:00-04:00,29.149999618530277,29.15999984741211,29.145000457763672,29.155000686645508,29.155000686645508,12152
2023-03-21 12:21:00-04:00,29.155000686645508,29.18000030517578,29.155000686645508,29.18000030517578,29.18000030517578,14619
2023-03-21 12:22:00-04:00,29.174999237060547,29.174999237060547,29.155000686645508,29.170000076293945,29.170000076293945,21941
2023-03-21 12:23:00-04:00,29.165000915527344,29.174999237060547,29.165000915527344,29.174999237060547,29.174999237060547,7015
2023-03-21 12:24:00-04:00,29.174999237060547,29.184999465942383,29.15999984741211,29.165000915527344,29.165000915527344,12752
2023-03-21 12:25:00-04:00,29.165000915527344,29.18000030517578,29.165000915527344,29.174999237060547,29.174999237060547,8099
2023-03-21 12:26:00-04:00,29.174999237060547,29.19499969482422,29.174999237060547,29.19499969482422,29.19499969482422,16207
2023-03-21 12:27:00-04:00,29.200000762939453,29.209999084472656,29.184999465942383,29.184999465942383,29.184999465942383,22187
2023-03-21 12:28:00-04:00,29.184999465942383,29.190000534057617,29.18000030517578,29.183799743652344,29.183799743652344,1886
2023-03-21 12:29:00-04:00,29.184999465942383,29.190000534057617,29.18000030517578,29.190000534057617,29.190000534057617,4509
2023-03-21 12:30:00-04:00,29.184999465942383,29.200000762939453,29.184999465942383,29.184999465942383,29.184999465942383,36005
2023-03-21 12:31:00-04:00,29.184999465942383,29.190000534057617,29.184999465942383,29.184999465942383,29.184999465942383,1558
2023-03-21 12:32:00-04:00,29.184999465942383,29.190000534057617,29.170000076293945,29.170000076293945,29.170000076293945,27599
2023-03-21 12:33:00-04:00,29.170000076293945,29.170000076293945,29.15999984741211,29.15999984741211,29.15999984741211,12497
2023-03-21 12:34:00-04:00,29.165000915527344,29.170000076293945,29.13500022888184,29.13500022888184,29.13500022888184,39636
2023-03-21 12:35:00-04:00,29.13500022888184,29.13500022888184,29.09499931335449,29.100000381469727,29.100000381469727,65698
2023-03-21 12:36:00-04:00,29.09499931335449,29.100000381469727,29.09000015258789,29.09000015258789,29.09000015258789,23993
2023-03-21 12:37:00-04:00,29.09499931335449,29.100000381469727,29.09000015258789,29.098499298095703,29.098499298095703,2418
2023-03-21 12:38:00-04:00,29.09000015258789,29.09000015258789,29.059999465942383,29.059999465942383,29.059999465942383,20494
2023-03-21 12:39:00-04:00,29.059999465942383,29.059999465942383,29.030000686645508,29.040000915527344,29.040000915527344,28228
2023-03-21 12:40:00-04:00,29.040000915527344,29.065000534057617,29.024999618530277,29.065000534057617,29.065000534057617,37558
2023-03-21 12:41:00-04:00,29.065000534057617,29.075000762939453,29.049999237060547,29.075000762939453,29.075000762939453,33206
2023-03-21 12:42:00-04:00,29.075000762939453,29.07990074157715,29.059999465942383,29.065000534057617,29.065000534057617,6163
2023-03-21 12:43:00-04:00,29.065000534057617,29.07999992370605,29.05500030517578,29.075000762939453,29.075000762939453,18306
2023-03-21 12:44:00-04:00,29.075000762939453,29.075000762939453,29.075000762939453,29.075000762939453,29.075000762939453,1621
2023-03-21 12:45:00-04:00,29.075000762939453,29.084999084472656,29.06999969482422,29.084999084472656,29.084999084472656,32454
2023-03-21 12:46:00-04:00,29.07999992370605,29.07999992370605,29.06999969482422,29.075000762939453,29.075000762939453,7249
2023-03-21 12:47:00-04:00,29.07999992370605,29.11000061035156,29.075000762939453,29.09499931335449,29.09499931335449,56924
2023-03-21 12:48:00-04:00,29.100000381469727,29.11000061035156,29.100000381469727,29.11000061035156,29.11000061035156,5675
2023-03-21 12:49:00-04:00,29.11000061035156,29.125,29.100000381469727,29.125,29.125,22754
2023-03-21 12:50:00-04:00,29.1299991607666,29.1299991607666,29.11000061035156,29.114999771118164,29.114999771118164,14111
2023-03-21 12:51:00-04:00,29.114999771118164,29.145000457763672,29.114999771118164,29.145000457763672,29.145000457763672,19755
2023-03-21 12:52:00-04:00,29.145000457763672,29.147899627685547,29.1299991607666,29.13500022888184,29.13500022888184,18849
2023-03-21 12:53:00-04:00,29.13999938964844,29.155000686645508,29.13500022888184,29.155000686645508,29.155000686645508,9188
2023-03-21 12:54:00-04:00,29.149999618530277,29.15999984741211,29.149999618530277,29.155000686645508,29.155000686645508,12971
2023-03-21 12:55:00-04:00,29.155000686645508,29.165000915527344,29.13999938964844,29.165000915527344,29.165000915527344,14131
2023-03-21 12:56:00-04:00,29.170000076293945,29.170000076293945,29.15999984741211,29.165000915527344,29.165000915527344,3413
2023-03-21 12:57:00-04:00,29.165000915527344,29.174999237060547,29.15999984741211,29.165000915527344,29.165000915527344,14865
2023-03-21 12:58:00-04:00,29.165000915527344,29.165000915527344,29.149999618530277,29.155000686645508,29.155000686645508,12169
2023-03-21 12:59:00-04:00,29.15089988708496,29.15999984741211,29.1299991607666,29.13500022888184,29.13500022888184,27252
2023-03-21 13:00:00-04:00,29.13500022888184,29.15999984741211,29.1299991607666,29.155000686645508,29.155000686645508,22378
2023-03-21 13:01:00-04:00,29.155000686645508,29.155000686645508,29.1299991607666,29.13500022888184,29.13500022888184,12279
2023-03-21 13:02:00-04:00,29.1299991607666,29.13500022888184,29.1299991607666,29.1299991607666,29.1299991607666,4599
2023-03-21 13:03:00-04:00,29.1299991607666,29.13999938964844,29.1299991607666,29.13500022888184,29.13500022888184,40684
2023-03-21 13:04:00-04:00,29.13500022888184,29.13999938964844,29.1299991607666,29.13999938964844,29.13999938964844,7535
2023-03-21 13:05:00-04:00,29.1299991607666,29.145000457763672,29.1299991607666,29.13500022888184,29.13500022888184,18292
2023-03-21 13:06:00-04:00,29.13500022888184,29.170000076293945,29.1299991607666,29.170000076293945,29.170000076293945,24445
2023-03-21 13:07:00-04:00,29.165000915527344,29.18000030517578,29.165000915527344,29.174999237060547,29.174999237060547,11135
2023-03-21 13:08:00-04:00,29.178300857543945,29.178300857543945,29.15999984741211,29.170000076293945,29.170000076293945,11493
2023-03-21 13:09:00-04:00,29.15999984741211,29.165000915527344,29.13999938964844,29.15999984741211,29.15999984741211,40670
2023-03-21 13:10:00-04:00,29.15999984741211,29.170000076293945,29.145000457763672,29.170000076293945,29.170000076293945,134815
2023-03-21 13:11:00-04:00,29.165000915527344,29.165000915527344,29.155000686645508,29.155000686645508,29.155000686645508,12610
2023-03-21 13:12:00-04:00,29.155000686645508,29.18000030517578,29.149999618530277,29.17300033569336,29.17300033569336,19962
2023-03-21 13:13:00-04:00,29.170000076293945,29.18000030517578,29.170000076293945,29.174999237060547,29.174999237060547,8180
2023-03-21 13:14:00-04:00,29.174999237060547,29.174999237060547,29.149999618530277,29.149999618530277,29.149999618530277,10838
2023-03-21 13:15:00-04:00,29.15999984741211,29.15999984741211,29.149999618530277,29.155000686645508,29.155000686645508,5887
2023-03-21 13:16:00-04:00,29.155000686645508,29.15999984741211,29.13999938964844,29.145000457763672,29.145000457763672,8271
2023-03-21 13:17:00-04:00,29.145000457763672,29.149999618530277,29.13999938964844,29.145000457763672,29.145000457763672,21857
2023-03-21 13:18:00-04:00,29.145000457763672,29.149999618530277,29.1299991607666,29.149999618530277,29.149999618530277,26007
2023-03-21 13:19:00-04:00,29.155000686645508,29.15999984741211,29.13999938964844,29.145000457763672,29.145000457763672,7486
2023-03-21 13:20:00-04:00,29.145000457763672,29.165000915527344,29.145000457763672,29.165000915527344,29.165000915527344,24232
2023-03-21 13:21:00-04:00,29.165000915527344,29.170000076293945,29.15999984741211,29.165000915527344,29.165000915527344,16855
2023-03-21 13:22:00-04:00,29.165000915527344,29.165000915527344,29.15999984741211,29.165000915527344,29.165000915527344,3645
2023-03-21 13:23:00-04:00,29.15999984741211,29.165000915527344,29.155000686645508,29.15999984741211,29.15999984741211,18702
2023-03-21 13:24:00-04:00,29.170000076293945,29.170000076293945,29.13500022888184,29.13500022888184,29.13500022888184,36408
2023-03-21 13:25:00-04:00,29.13500022888184,29.149999618530277,29.1299991607666,29.145000457763672,29.145000457763672,18912
2023-03-21 13:26:00-04:00,29.145000457763672,29.149999618530277,29.13999938964844,29.145000457763672,29.145000457763672,3641
2023-03-21 13:27:00-04:00,29.145000457763672,29.149999618530277,29.13999938964844,29.145000457763672,29.145000457763672,4019
2023-03-21 13:28:00-04:00,29.145000457763672,29.15999984741211,29.145000457763672,29.155000686645508,29.155000686645508,16921
2023-03-21 13:29:00-04:00,29.155000686645508,29.15999984741211,29.145000457763672,29.145000457763672,29.145000457763672,19287
2023-03-21 13:30:00-04:00,29.149999618530277,29.149999618530277,29.13999938964844,29.145000457763672,29.145000457763672,9187
2023-03-21 13:31:00-04:00,29.145000457763672,29.170000076293945,29.13999938964844,29.15999984741211,29.15999984741211,53113
2023-03-21 13:32:00-04:00,29.15999984741211,29.170000076293945,29.15999984741211,29.165000915527344,29.165000915527344,8687
2023-03-21 13:33:00-04:00,29.165000915527344,29.170000076293945,29.15999984741211,29.170000076293945,29.170000076293945,5765
2023-03-21 13:34:00-04:00,29.165000915527344,29.18000030517578,29.15999984741211,29.18000030517578,29.18000030517578,15637
2023-03-21 13:35:00-04:00,29.174999237060547,29.18000030517578,29.174999237060547,29.174999237060547,29.174999237060547,12222
2023-03-21 13:36:00-04:00,29.174999237060547,29.200000762939453,29.174999237060547,29.184999465942383,29.184999465942383,28446
2023-03-21 13:37:00-04:00,29.18000030517578,29.18000030517578,29.165000915527344,29.170000076293945,29.170000076293945,13441
2023-03-21 13:38:00-04:00,29.170000076293945,29.18000030517578,29.170000076293945,29.18000030517578,29.18000030517578,12999
2023-03-21 13:39:00-04:00,29.174999237060547,29.174999237060547,29.165000915527344,29.165000915527344,29.165000915527344,11079
2023-03-21 13:40:00-04:00,29.170000076293945,29.170000076293945,29.15999984741211,29.165000915527344,29.165000915527344,6515
2023-03-21 13:41:00-04:00,29.165000915527344,29.165000915527344,29.155000686645508,29.155000686645508,29.155000686645508,16367
2023-03-21 13:42:00-04:00,29.155000686645508,29.165000915527344,29.149999618530277,29.165000915527344,29.165000915527344,10570
2023-03-21 13:43:00-04:00,29.165000915527344,29.170000076293945,29.15999984741211,29.165000915527344,29.165000915527344,11259
2023-03-21 13:44:00-04:00,29.165000915527344,29.170000076293945,29.149999618530277,29.155000686645508,29.155000686645508,31665
2023-03-21 13:45:00-04:00,29.155000686645508,29.15999984741211,29.149999618530277,29.15250015258789,29.15250015258789,36805
2023-03-21 13:46:00-04:00,29.155000686645508,29.184999465942383,29.155000686645508,29.174999237060547,29.174999237060547,42713
2023-03-21 13:47:00-04:00,29.170000076293945,29.170000076293945,29.145000457763672,29.149999618530277,29.149999618530277,21418
2023-03-21 13:48:00-04:00,29.15999984741211,29.15999984741211,29.149999618530277,29.15999984741211,29.15999984741211,9996
2023-03-21 13:49:00-04:00,29.155000686645508,29.165000915527344,29.149999618530277,29.165000915527344,29.165000915527344,19727
2023-03-21 13:50:00-04:00,29.15999984741211,29.165000915527344,29.149999618530277,29.155000686645508,29.155000686645508,30510
2023-03-21 13:51:00-04:00,29.155000686645508,29.15999984741211,29.152299880981445,29.15999984741211,29.15999984741211,7373
2023-03-21 13:52:00-04:00,29.15999984741211,29.15999984741211,29.149999618530277,29.15999984741211,29.15999984741211,15489
2023-03-21 13:53:00-04:00,29.155000686645508,29.15999984741211,29.15250015258789,29.155000686645508,29.155000686645508,5735
2023-03-21 13:54:00-04:00,29.155000686645508,29.15999984741211,29.13999938964844,29.145000457763672,29.145000457763672,20507
2023-03-21 13:55:00-04:00,29.149999618530277,29.149999618530277,29.13999938964844,29.149999618530277,29.149999618530277,16441
2023-03-21 13:56:00-04:00,29.145000457763672,29.149999618530277,29.13999938964844,29.13999938964844,29.13999938964844,14042
2023-03-21 13:57:00-04:00,29.13999938964844,29.149999618530277,29.121700286865234,29.13500022888184,29.13500022888184,63075
2023-03-21 13:58:00-04:00,29.13999938964844,29.149999618530277,29.13999938964844,29.145000457763672,29.145000457763672,13280
2023-03-21 13:59:00-04:00,29.149999618530277,29.149999618530277,29.13999938964844,29.145000457763672,29.145000457763672,16106
2023-03-21 14:00:00-04:00,29.145000457763672,29.149999618530277,29.13999938964844,29.145000457763672,29.145000457763672,9268
2023-03-21 14:01:00-04:00,29.149999618530277,29.170000076293945,29.149999618530277,29.155000686645508,29.155000686645508,23821
2023-03-21 14:02:00-04:00,29.15999984741211,29.174999237060547,29.15010070800781,29.174999237060547,29.174999237060547,28141
2023-03-21 14:03:00-04:00,29.15999984741211,29.170000076293945,29.15999984741211,29.15999984741211,29.15999984741211,22962
2023-03-21 14:04:00-04:00,29.15999984741211,29.165000915527344,29.149999618530277,29.15080070495605,29.15080070495605,21302
2023-03-21 14:05:00-04:00,29.149999618530277,29.170000076293945,29.145000457763672,29.165000915527344,29.165000915527344,28839
2023-03-21 14:06:00-04:00,29.15999984741211,29.170000076293945,29.149999618530277,29.149999618530277,29.149999618530277,15215
2023-03-21 14:07:00-04:00,29.155000686645508,29.155000686645508,29.13999938964844,29.145000457763672,29.145000457763672,16535
2023-03-21 14:08:00-04:00,29.145000457763672,29.149999618530277,29.13999938964844,29.13999938964844,29.13999938964844,10604
2023-03-21 14:09:00-04:00,29.149999618530277,29.15999984741211,29.13999938964844,29.155000686645508,29.155000686645508,22757
2023-03-21 14:10:00-04:00,29.15999984741211,29.15999984741211,29.155000686645508,29.15999984741211,29.15999984741211,5643
2023-03-21 14:11:00-04:00,29.15999984741211,29.15999984741211,29.149999618530277,29.149999618530277,29.149999618530277,10979
2023-03-21 14:12:00-04:00,29.155000686645508,29.15999984741211,29.145000457763672,29.15399932861328,29.15399932861328,29113
2023-03-21 14:13:00-04:00,29.155000686645508,29.15999984741211,29.155000686645508,29.15999984741211,29.15999984741211,12319
2023-03-21 14:14:00-04:00,29.15999984741211,29.15999984741211,29.13999938964844,29.13999938964844,29.13999938964844,25495
2023-03-21 14:15:00-04:00,29.145000457763672,29.149999618530277,29.13500022888184,29.145000457763672,29.145000457763672,31994
2023-03-21 14:16:00-04:00,29.145000457763672,29.165000915527344,29.145000457763672,29.165000915527344,29.165000915527344,22373
2023-03-21 14:17:00-04:00,29.170000076293945,29.170000076293945,29.149999618530277,29.155000686645508,29.155000686645508,25904
2023-03-21 14:18:00-04:00,29.149999618530277,29.15999984741211,29.149999618530277,29.15999984741211,29.15999984741211,27572
2023-03-21 14:19:00-04:00,29.155000686645508,29.155000686645508,29.149999618530277,29.155000686645508,29.155000686645508,6556
2023-03-21 14:20:00-04:00,29.15999984741211,29.184999465942383,29.149999618530277,29.174999237060547,29.174999237060547,33094
2023-03-21 14:21:00-04:00,29.174999237060547,29.18000030517578,29.149999618530277,29.15999984741211,29.15999984741211,78186
2023-03-21 14:22:00-04:00,29.15999984741211,29.165000915527344,29.14859962463379,29.149999618530277,29.149999618530277,33102
2023-03-21 14:23:00-04:00,29.155000686645508,29.15999984741211,29.149999618530277,29.15999984741211,29.15999984741211,3821
2023-03-21 14:24:00-04:00,29.15999984741211,29.174999237060547,29.155000686645508,29.174999237060547,29.174999237060547,25193
2023-03-21 14:25:00-04:00,29.174999237060547,29.190000534057617,29.174999237060547,29.190000534057617,29.190000534057617,17524
2023-03-21 14:26:00-04:00,29.190000534057617,29.21999931335449,29.18000030517578,29.21500015258789,29.21500015258789,29244
2023-03-21 14:27:00-04:00,29.21500015258789,29.21999931335449,29.21500015258789,29.21500015258789,29.21500015258789,2623
2023-03-21 14:28:00-04:00,29.209999084472656,29.21999931335449,29.15999984741211,29.20499992370605,29.20499992370605,65147
2023-03-21 14:29:00-04:00,29.20499992370605,29.209999084472656,29.200000762939453,29.200000762939453,29.200000762939453,20092
2023-03-21 14:30:00-04:00,29.20499992370605,29.21500015258789,29.200000762939453,29.21500015258789,29.21500015258789,26736
2023-03-21 14:31:00-04:00,29.21500015258789,29.21500015258789,29.19499969482422,29.209999084472656,29.209999084472656,29683
2023-03-21 14:32:00-04:00,29.209999084472656,29.229999542236328,29.20499992370605,29.229999542236328,29.229999542236328,35570
2023-03-21 14:33:00-04:00,29.229999542236328,29.23500061035156,29.225000381469727,29.23500061035156,29.23500061035156,9235
2023-03-21 14:34:00-04:00,29.23500061035156,29.23500061035156,29.225000381469727,29.225000381469727,29.225000381469727,11503
2023-03-21 14:35:00-04:00,29.225000381469727,29.23500061035156,29.21999931335449,29.225000381469727,29.225000381469727,28285
2023-03-21 14:36:00-04:00,29.225000381469727,29.229999542236328,29.21999931335449,29.229999542236328,29.229999542236328,5062
2023-03-21 14:37:00-04:00,29.229999542236328,29.2549991607666,29.229999542236328,29.239999771118164,29.239999771118164,29998
2023-03-21 14:38:00-04:00,29.2450008392334,29.2450008392334,29.23500061035156,29.2450008392334,29.2450008392334,12903
2023-03-21 14:39:00-04:00,29.239999771118164,29.25,29.229999542236328,29.23500061035156,29.23500061035156,21382
2023-03-21 14:40:00-04:00,29.23500061035156,29.239999771118164,29.21999931335449,29.225000381469727,29.225000381469727,14010
2023-03-21 14:41:00-04:00,29.225000381469727,29.239999771118164,29.225000381469727,29.239999771118164,29.239999771118164,15450
2023-03-21 14:42:00-04:00,29.239999771118164,29.25,29.23500061035156,29.2450008392334,29.2450008392334,8539
2023-03-21 14:43:00-04:00,29.2450008392334,29.25,29.239999771118164,29.25,29.25,8888
2023-03-21 14:44:00-04:00,29.25,29.26000022888184,29.2450008392334,29.26000022888184,29.26000022888184,12211
2023-03-21 14:45:00-04:00,29.2549991607666,29.274999618530277,29.2549991607666,29.274999618530277,29.274999618530277,13165
2023-03-21 14:46:00-04:00,29.274999618530277,29.274999618530277,29.26000022888184,29.26499938964844,29.26499938964844,11981
2023-03-21 14:47:00-04:00,29.26499938964844,29.270000457763672,29.2549991607666,29.26499938964844,29.26499938964844,15226
2023-03-21 14:48:00-04:00,29.26499938964844,29.280000686645508,29.26000022888184,29.275999069213867,29.275999069213867,20146
2023-03-21 14:49:00-04:00,29.274999618530277,29.27869987487793,29.270000457763672,29.274999618530277,29.274999618530277,3949
2023-03-21 14:50:00-04:00,29.280000686645508,29.280000686645508,29.239999771118164,29.239999771118164,29.239999771118164,19441
2023-03-21 14:51:00-04:00,29.2450008392334,29.2549991607666,29.243000030517575,29.2549991607666,29.2549991607666,18124
2023-03-21 14:52:00-04:00,29.2549991607666,29.259899139404297,29.239999771118164,29.2450008392334,29.2450008392334,9398
2023-03-21 14:53:00-04:00,29.2450008392334,29.25,29.225000381469727,29.229999542236328,29.229999542236328,15162
2023-03-21 14:54:00-04:00,29.225000381469727,29.239999771118164,29.225000381469727,29.23500061035156,29.23500061035156,16136
2023-03-21 14:55:00-04:00,29.23500061035156,29.25,29.23500061035156,29.2450008392334,29.2450008392334,20223
2023-03-21 14:56:00-04:00,29.25,29.26000022888184,29.2450008392334,29.26000022888184,29.26000022888184,15057
2023-03-21 14:57:00-04:00,29.26000022888184,29.280000686645508,29.25,29.280000686645508,29.280000686645508,11103
2023-03-21 14:58:00-04:00,29.274999618530277,29.295000076293945,29.274999618530277,29.290000915527344,29.290000915527344,20695
2023-03-21 14:59:00-04:00,29.290000915527344,29.290000915527344,29.274999618530277,29.274999618530277,29.274999618530277,22427
2023-03-21 15:00:00-04:00,29.280000686645508,29.299999237060547,29.274999618530277,29.295000076293945,29.295000076293945,13291
2023-03-21 15:01:00-04:00,29.299999237060547,29.31999969482422,29.299999237060547,29.315000534057617,29.315000534057617,12727
2023-03-21 15:02:00-04:00,29.315000534057617,29.31999969482422,29.299999237060547,29.309999465942383,29.309999465942383,21071
2023-03-21 15:03:00-04:00,29.309999465942383,29.309999465942383,29.299999237060547,29.30500030517578,29.30500030517578,13882
2023-03-21 15:04:00-04:00,29.309999465942383,29.31999969482422,29.30500030517578,29.315000534057617,29.315000534057617,20605
2023-03-21 15:05:00-04:00,29.31999969482422,29.31999969482422,29.299999237060547,29.299999237060547,29.299999237060547,16734
2023-03-21 15:06:00-04:00,29.30500030517578,29.30500030517578,29.299999237060547,29.30500030517578,29.30500030517578,10730
2023-03-21 15:07:00-04:00,29.30500030517578,29.309999465942383,29.295000076293945,29.295000076293945,29.295000076293945,21201
2023-03-21 15:08:00-04:00,29.299999237060547,29.309999465942383,29.299999237060547,29.30500030517578,29.30500030517578,11088
2023-03-21 15:09:00-04:00,29.30500030517578,29.309999465942383,29.299999237060547,29.30500030517578,29.30500030517578,7600
2023-03-21 15:10:00-04:00,29.30500030517578,29.309999465942383,29.295000076293945,29.295000076293945,29.295000076293945,15409
2023-03-21 15:11:00-04:00,29.295000076293945,29.309999465942383,29.295000076293945,29.30500030517578,29.30500030517578,18070
2023-03-21 15:12:00-04:00,29.30500030517578,29.34000015258789,29.30500030517578,29.334999084472656,29.334999084472656,75070
2023-03-21 15:13:00-04:00,29.334999084472656,29.34000015258789,29.31999969482422,29.325000762939453,29.325000762939453,30063
2023-03-21 15:14:00-04:00,29.325000762939453,29.32999992370605,29.309999465942383,29.315000534057617,29.315000534057617,14642
2023-03-21 15:15:00-04:00,29.315000534057617,29.31999969482422,29.295000076293945,29.295000076293945,29.295000076293945,38349
2023-03-21 15:16:00-04:00,29.295000076293945,29.299999237060547,29.290000915527344,29.295000076293945,29.295000076293945,7242
2023-03-21 15:17:00-04:00,29.295000076293945,29.309999465942383,29.295000076293945,29.30500030517578,29.30500030517578,22048
2023-03-21 15:18:00-04:00,29.30500030517578,29.309999465942383,29.30500030517578,29.30500030517578,29.30500030517578,14191
2023-03-21 15:19:00-04:00,29.30500030517578,29.309999465942383,29.302499771118164,29.30500030517578,29.30500030517578,20334
2023-03-21 15:20:00-04:00,29.30500030517578,29.31999969482422,29.30500030517578,29.315000534057617,29.315000534057617,23116
2023-03-21 15:21:00-04:00,29.315000534057617,29.31999969482422,29.315000534057617,29.315000534057617,29.315000534057617,6122
2023-03-21 15:22:00-04:00,29.315000534057617,29.315000534057617,29.290000915527344,29.290000915527344,29.290000915527344,19385
2023-03-21 15:23:00-04:00,29.290000915527344,29.295000076293945,29.270000457763672,29.270000457763672,29.270000457763672,19203
2023-03-21 15:24:00-04:00,29.270000457763672,29.274999618530277,29.25,29.26000022888184,29.26000022888184,49082
2023-03-21 15:25:00-04:00,29.26000022888184,29.26499938964844,29.239999771118164,29.2450008392334,29.2450008392334,21273
2023-03-21 15:26:00-04:00,29.2450008392334,29.25,29.2450008392334,29.2450008392334,29.2450008392334,15215
2023-03-21 15:27:00-04:00,29.2450008392334,29.26499938964844,29.239999771118164,29.2549991607666,29.2549991607666,36659
2023-03-21 15:28:00-04:00,29.2549991607666,29.26499938964844,29.2450008392334,29.26499938964844,29.26499938964844,23836
2023-03-21 15:29:00-04:00,29.26000022888184,29.26849937438965,29.2450008392334,29.2450008392334,29.2450008392334,21419
2023-03-21 15:30:00-04:00,29.2450008392334,29.280000686645508,29.2450008392334,29.280000686645508,29.280000686645508,34715
2023-03-21 15:31:00-04:00,29.280000686645508,29.280000686645508,29.270000457763672,29.274999618530277,29.274999618530277,12882
2023-03-21 15:32:00-04:00,29.274999618530277,29.299999237060547,29.274999618530277,29.299999237060547,29.299999237060547,46812
2023-03-21 15:33:00-04:00,29.295000076293945,29.295000076293945,29.28499984741211,29.290000915527344,29.290000915527344,33376
2023-03-21 15:34:00-04:00,29.28499984741211,29.290000915527344,29.270000457763672,29.274999618530277,29.274999618530277,34680
2023-03-21 15:35:00-04:00,29.274999618530277,29.290000915527344,29.26000022888184,29.290000915527344,29.290000915527344,59699
2023-03-21 15:36:00-04:00,29.28499984741211,29.299999237060547,29.28499984741211,29.295000076293945,29.295000076293945,17389
2023-03-21 15:37:00-04:00,29.299999237060547,29.299999237060547,29.29010009765625,29.299999237060547,29.299999237060547,9486
2023-03-21 15:38:00-04:00,29.299999237060547,29.309999465942383,29.295000076293945,29.30500030517578,29.30500030517578,70134
2023-03-21 15:39:00-04:00,29.30500030517578,29.315000534057617,29.299999237060547,29.30500030517578,29.30500030517578,42985
2023-03-21 15:40:00-04:00,29.30500030517578,29.32999992370605,29.299999237060547,29.325000762939453,29.325000762939453,85483
2023-03-21 15:41:00-04:00,29.325000762939453,29.34000015258789,29.325000762939453,29.334999084472656,29.334999084472656,33845
2023-03-21 15:42:00-04:00,29.334999084472656,29.34499931335449,29.32999992370605,29.34499931335449,29.34499931335449,38840
2023-03-21 15:43:00-04:00,29.34499931335449,29.350000381469727,29.32999992370605,29.350000381469727,29.350000381469727,40822
2023-03-21 15:44:00-04:00,29.350000381469727,29.36000061035156,29.34000015258789,29.36000061035156,29.36000061035156,40190
2023-03-21 15:45:00-04:00,29.36000061035156,29.3700008392334,29.350000381469727,29.364999771118164,29.364999771118164,32882
2023-03-21 15:46:00-04:00,29.364999771118164,29.3700008392334,29.34499931335449,29.36000061035156,29.36000061035156,60810
2023-03-21 15:47:00-04:00,29.364999771118164,29.399999618530277,29.364999771118164,29.3799991607666,29.3799991607666,157866
2023-03-21 15:48:00-04:00,29.375,29.3799991607666,29.354999542236328,29.354999542236328,29.354999542236328,48027
2023-03-21 15:49:00-04:00,29.354999542236328,29.36000061035156,29.34000015258789,29.34499931335449,29.34499931335449,60462
2023-03-21 15:50:00-04:00,29.34499931335449,29.34499931335449,29.309999465942383,29.334999084472656,29.334999084472656,132420
2023-03-21 15:51:00-04:00,29.334999084472656,29.350000381469727,29.32999992370605,29.34499931335449,29.34499931335449,93496
2023-03-21 15:52:00-04:00,29.34499931335449,29.36000061035156,29.334999084472656,29.334999084472656,29.334999084472656,60994
2023-03-21 15:53:00-04:00,29.334999084472656,29.34000015258789,29.31999969482422,29.325000762939453,29.325000762939453,54032
2023-03-21 15:54:00-04:00,29.325000762939453,29.354999542236328,29.31999969482422,29.34499931335449,29.34499931335449,188134
2023-03-21 15:55:00-04:00,29.34499931335449,29.350000381469727,29.31999969482422,29.325000762939453,29.325000762939453,73349
2023-03-21 15:56:00-04:00,29.325000762939453,29.32999992370605,29.309999465942383,29.315000534057617,29.315000534057617,120674
2023-03-21 15:57:00-04:00,29.315000534057617,29.31999969482422,29.309999465942383,29.315000534057617,29.315000534057617,89834
2023-03-21 15:58:00-04:00,29.315000534057617,29.31999969482422,29.280000686645508,29.28499984741211,29.28499984741211,220662
2023-03-21 15:59:00-04:00,29.290000915527344,29.31999969482422,29.274999618530277,29.315000534057617,29.315000534057617,432847
2023-03-22 09:30:00-04:00,29.36000061035156,29.3799991607666,29.31999969482422,29.34000015258789,29.34000015258789,150639
2023-03-22 09:31:00-04:00,29.3700008392334,29.40999984741211,29.34000015258789,29.40999984741211,29.40999984741211,24818
2023-03-22 09:32:00-04:00,29.399999618530277,29.409099578857425,29.34499931335449,29.36000061035156,29.36000061035156,22856
2023-03-22 09:33:00-04:00,29.364999771118164,29.38500022888184,29.36000061035156,29.38500022888184,29.38500022888184,22902
2023-03-22 09:34:00-04:00,29.38999938964844,29.395000457763672,29.350000381469727,29.375,29.375,24455
2023-03-22 09:35:00-04:00,29.3799991607666,29.40999984741211,29.3799991607666,29.399999618530277,29.399999618530277,54679
2023-03-22 09:36:00-04:00,29.40999984741211,29.43000030517578,29.405000686645508,29.424999237060547,29.424999237060547,13463
2023-03-22 09:37:00-04:00,29.420000076293945,29.44499969482422,29.420000076293945,29.44499969482422,29.44499969482422,31693
2023-03-22 09:38:00-04:00,29.450000762939453,29.45499992370605,29.399999618530277,29.420000076293945,29.420000076293945,39717
2023-03-22 09:39:00-04:00,29.420000076293945,29.420000076293945,29.399999618530277,29.399999618530277,29.399999618530277,20604
2023-03-22 09:40:00-04:00,29.399999618530277,29.405000686645508,29.31999969482422,29.32999992370605,29.32999992370605,55255
2023-03-22 09:41:00-04:00,29.325000762939453,29.34000015258789,29.31999969482422,29.34000015258789,29.34000015258789,8084
2023-03-22 09:42:00-04:00,29.334999084472656,29.350000381469727,29.32999992370605,29.34499931335449,29.34499931335449,15634
2023-03-22 09:43:00-04:00,29.3400993347168,29.3700008392334,29.3400993347168,29.364999771118164,29.364999771118164,21291
2023-03-22 09:44:00-04:00,29.36000061035156,29.364999771118164,29.31999969482422,29.32999992370605,29.32999992370605,30308
2023-03-22 09:45:00-04:00,29.32999992370605,29.3799991607666,29.32999992370605,29.3799991607666,29.3799991607666,12664
2023-03-22 09:46:00-04:00,29.375,29.375,29.315000534057617,29.325000762939453,29.325000762939453,29168
2023-03-22 09:47:00-04:00,29.325000762939453,29.325000762939453,29.274999618530277,29.280000686645508,29.280000686645508,35760
2023-03-22 09:48:00-04:00,29.274999618530277,29.290000915527344,29.270000457763672,29.270000457763672,29.270000457763672,17992
2023-03-22 09:49:00-04:00,29.270000457763672,29.28499984741211,29.26000022888184,29.270000457763672,29.270000457763672,17472
2023-03-22 09:50:00-04:00,29.280000686645508,29.299999237060547,29.274999618530277,29.299999237060547,29.299999237060547,20899
2023-03-22 09:51:00-04:00,29.299999237060547,29.299999237060547,29.25,29.25,29.25,41356
2023-03-22 09:52:00-04:00,29.25,29.26000022888184,29.232500076293945,29.232500076293945,29.232500076293945,13344
2023-03-22 09:53:00-04:00,29.239999771118164,29.25,29.18000030517578,29.190000534057617,29.190000534057617,30837
2023-03-22 09:54:00-04:00,29.190000534057617,29.25,29.190000534057617,29.25,29.25,27032
2023-03-22 09:55:00-04:00,29.2450008392334,29.270000457763672,29.239999771118164,29.26499938964844,29.26499938964844,15847
2023-03-22 09:56:00-04:00,29.270000457763672,29.280000686645508,29.26000022888184,29.270000457763672,29.270000457763672,11534
2023-03-22 09:57:00-04:00,29.270000457763672,29.309999465942383,29.270000457763672,29.299999237060547,29.299999237060547,27407
2023-03-22 09:58:00-04:00,29.299999237060547,29.309999465942383,29.290000915527344,29.302499771118164,29.302499771118164,12330
2023-03-22 09:59:00-04:00,29.302499771118164,29.315000534057617,29.299999237060547,29.309999465942383,29.309999465942383,41742
2023-03-22 10:00:00-04:00,29.31999969482422,29.325000762939453,29.309999465942383,29.32150077819824,29.32150077819824,17035
2023-03-22 10:01:00-04:00,29.325000762939453,29.325000762939453,29.28249931335449,29.28499984741211,29.28499984741211,25947
2023-03-22 10:02:00-04:00,29.28499984741211,29.290000915527344,29.280000686645508,29.28249931335449,29.28249931335449,25108
2023-03-22 10:03:00-04:00,29.280000686645508,29.28499984741211,29.232500076293945,29.232500076293945,29.232500076293945,26547
2023-03-22 10:04:00-04:00,29.229999542236328,29.26000022888184,29.229999542236328,29.26000022888184,29.26000022888184,28690
2023-03-22 10:05:00-04:00,29.266000747680664,29.28499984741211,29.26499938964844,29.28499984741211,29.28499984741211,13204
2023-03-22 10:06:00-04:00,29.290000915527344,29.30500030517578,29.290000915527344,29.295000076293945,29.295000076293945,12442
2023-03-22 10:07:00-04:00,29.290000915527344,29.31999969482422,29.290000915527344,29.315000534057617,29.315000534057617,17617
2023-03-22 10:08:00-04:00,29.31999969482422,29.32999992370605,29.31999969482422,29.32250022888184,29.32250022888184,8481
2023-03-22 10:09:00-04:00,29.325000762939453,29.32999992370605,29.309999465942383,29.325000762939453,29.325000762939453,34818
2023-03-22 10:10:00-04:00,29.325000762939453,29.32999992370605,29.31999969482422,29.320600509643555,29.320600509643555,7433
2023-03-22 10:11:00-04:00,29.31999969482422,29.31999969482422,29.292499542236328,29.30340003967285,29.30340003967285,15439
2023-03-22 10:12:00-04:00,29.299999237060547,29.299999237060547,29.2549991607666,29.2549991607666,29.2549991607666,8736
2023-03-22 10:13:00-04:00,29.25,29.26000022888184,29.25,29.252500534057617,29.252500534057617,3650
2023-03-22 10:14:00-04:00,29.25,29.26799964904785,29.25,29.26499938964844,29.26499938964844,27309
2023-03-22 10:15:00-04:00,29.26499938964844,29.290000915527344,29.26140022277832,29.28499984741211,29.28499984741211,18214
2023-03-22 10:16:00-04:00,29.28499984741211,29.299999237060547,29.280000686645508,29.299999237060547,29.299999237060547,4926
2023-03-22 10:17:00-04:00,29.295000076293945,29.309999465942383,29.290000915527344,29.299999237060547,29.299999237060547,9367
2023-03-22 10:18:00-04:00,29.299999237060547,29.31999969482422,29.299999237060547,29.309999465942383,29.309999465942383,14740
2023-03-22 10:19:00-04:00,29.309999465942383,29.32999992370605,29.309999465942383,29.325000762939453,29.325000762939453,16624
2023-03-22 10:20:00-04:00,29.325000762939453,29.32999992370605,29.309999465942383,29.315000534057617,29.315000534057617,14261
2023-03-22 10:21:00-04:00,29.31999969482422,29.31999969482422,29.299999237060547,29.302499771118164,29.302499771118164,8257
2023-03-22 10:22:00-04:00,29.309999465942383,29.309999465942383,29.280000686645508,29.290000915527344,29.290000915527344,38549
2023-03-22 10:23:00-04:00,29.280000686645508,29.290000915527344,29.270000457763672,29.290000915527344,29.290000915527344,15172
2023-03-22 10:24:00-04:00,29.28499984741211,29.299999237060547,29.28499984741211,29.295000076293945,29.295000076293945,11430
2023-03-22 10:25:00-04:00,29.295000076293945,29.299999237060547,29.272499084472656,29.272499084472656,29.272499084472656,6165
2023-03-22 10:26:00-04:00,29.280000686645508,29.28499984741211,29.274999618530277,29.274999618530277,29.274999618530277,9604
2023-03-22 10:27:00-04:00,29.270000457763672,29.280000686645508,29.270000457763672,29.274999618530277,29.274999618530277,22305
2023-03-22 10:28:00-04:00,29.272499084472656,29.325000762939453,29.270000457763672,29.315000534057617,29.315000534057617,30475
2023-03-22 10:29:00-04:00,29.31999969482422,29.31999969482422,29.309999465942383,29.315000534057617,29.315000534057617,3150
2023-03-22 10:30:00-04:00,29.315000534057617,29.31999969482422,29.302499771118164,29.31999969482422,29.31999969482422,12108
2023-03-22 10:31:00-04:00,29.31999969482422,29.350000381469727,29.31999969482422,29.341699600219727,29.341699600219727,19804
2023-03-22 10:32:00-04:00,29.350000381469727,29.36000061035156,29.34000015258789,29.34499931335449,29.34499931335449,8000
2023-03-22 10:33:00-04:00,29.34499931335449,29.34499931335449,29.32999992370605,29.334999084472656,29.334999084472656,14359
2023-03-22 10:34:00-04:00,29.34000015258789,29.34499931335449,29.32999992370605,29.340999603271484,29.340999603271484,19677
2023-03-22 10:35:00-04:00,29.34499931335449,29.34499931335449,29.32999992370605,29.334999084472656,29.334999084472656,7642
2023-03-22 10:36:00-04:00,29.32999992370605,29.334999084472656,29.309999465942383,29.315000534057617,29.315000534057617,24779
2023-03-22 10:37:00-04:00,29.309999465942383,29.31999969482422,29.299999237060547,29.315000534057617,29.315000534057617,7944
2023-03-22 10:38:00-04:00,29.315000534057617,29.34499931335449,29.31060028076172,29.34499931335449,29.34499931335449,18918
2023-03-22 10:39:00-04:00,29.34499931335449,29.34499931335449,29.34000015258789,29.34499931335449,29.34499931335449,2142
2023-03-22 10:40:00-04:00,29.34499931335449,29.34499931335449,29.31999969482422,29.334999084472656,29.334999084472656,18952
2023-03-22 10:41:00-04:00,29.32999992370605,29.334999084472656,29.299999237060547,29.30500030517578,29.30500030517578,24348
2023-03-22 10:42:00-04:00,29.30500030517578,29.30500030517578,29.280000686645508,29.290000915527344,29.290000915527344,25613
2023-03-22 10:43:00-04:00,29.299999237060547,29.299999237060547,29.28499984741211,29.295000076293945,29.295000076293945,19481
2023-03-22 10:44:00-04:00,29.299999237060547,29.30990028381348,29.292499542236328,29.30500030517578,29.30500030517578,8164
2023-03-22 10:45:00-04:00,29.299999237060547,29.30500030517578,29.292499542236328,29.299999237060547,29.299999237060547,12030
2023-03-22 10:46:00-04:00,29.26000022888184,29.26000022888184,29.26000022888184,29.26000022888184,29.26000022888184,12706
2023-03-22 10:47:00-04:00,29.25,29.26000022888184,29.2450008392334,29.26000022888184,29.26000022888184,20675
2023-03-22 10:48:00-04:00,29.2549991607666,29.26000022888184,29.239999771118164,29.239999771118164,29.239999771118164,16531
2023-03-22 10:49:00-04:00,29.2450008392334,29.2549991607666,29.239999771118164,29.25,29.25,6268
2023-03-22 10:50:00-04:00,29.25,29.26000022888184,29.239999771118164,29.239999771118164,29.239999771118164,13593
2023-03-22 10:51:00-04:00,29.239999771118164,29.249900817871094,29.229999542236328,29.2450008392334,29.2450008392334,19419
2023-03-22 10:52:00-04:00,29.2450008392334,29.280000686645508,29.2450008392334,29.280000686645508,29.280000686645508,27402
2023-03-22 10:53:00-04:00,29.280000686645508,29.290000915527344,29.262500762939453,29.262500762939453,29.262500762939453,11563
2023-03-22 10:54:00-04:00,29.26000022888184,29.28499984741211,29.26000022888184,29.284799575805664,29.284799575805664,7139
2023-03-22 10:55:00-04:00,29.28499984741211,29.295000076293945,29.28009986877441,29.295000076293945,29.295000076293945,12156
2023-03-22 10:56:00-04:00,29.295000076293945,29.315000534057617,29.290000915527344,29.295000076293945,29.295000076293945,28369
2023-03-22 10:57:00-04:00,29.299999237060547,29.299999237060547,29.280000686645508,29.280000686645508,29.280000686645508,29037
2023-03-22 10:58:00-04:00,29.280000686645508,29.280000686645508,29.270000457763672,29.280000686645508,29.280000686645508,6814
2023-03-22 10:59:00-04:00,29.280000686645508,29.280000686645508,29.25,29.25,29.25,19013
2023-03-22 11:00:00-04:00,29.2549991607666,29.26499938964844,29.25,29.25,29.25,18087
2023-03-22 11:01:00-04:00,29.239999771118164,29.239999771118164,29.209999084472656,29.21999931335449,29.21999931335449,16362
2023-03-22 11:02:00-04:00,29.21999931335449,29.21999931335449,29.200000762939453,29.21500015258789,29.21500015258789,781667
2023-03-22 11:03:00-04:00,29.21999931335449,29.225000381469727,29.190000534057617,29.200000762939453,29.200000762939453,32820
2023-03-22 11:04:00-04:00,29.190000534057617,29.190000534057617,29.18000030517578,29.184999465942383,29.184999465942383,7083
2023-03-22 11:05:00-04:00,29.190000534057617,29.229999542236328,29.184999465942383,29.229999542236328,29.229999542236328,25010
2023-03-22 11:06:00-04:00,29.229999542236328,29.2450008392334,29.209999084472656,29.209999084472656,29.209999084472656,134257
2023-03-22 11:07:00-04:00,29.209999084472656,29.209999084472656,29.200000762939453,29.20499992370605,29.20499992370605,3879
2023-03-22 11:08:00-04:00,29.20499992370605,29.209999084472656,29.18000030517578,29.18000030517578,29.18000030517578,28920
2023-03-22 11:09:00-04:00,29.18000030517578,29.18589973449707,29.149999618530277,29.149999618530277,29.149999618530277,12678
2023-03-22 11:10:00-04:00,29.15999984741211,29.15999984741211,29.149999618530277,29.155000686645508,29.155000686645508,3127
2023-03-22 11:11:00-04:00,29.15999984741211,29.165000915527344,29.13999938964844,29.13999938964844,29.13999938964844,21561
2023-03-22 11:12:00-04:00,29.145000457763672,29.149999618530277,29.125,29.125,29.125,7934
2023-03-22 11:13:00-04:00,29.125,29.1299991607666,29.100000381469727,29.1299991607666,29.1299991607666,22224
2023-03-22 11:14:00-04:00,29.1299991607666,29.149999618530277,29.1299991607666,29.149999618530277,29.149999618530277,24075
2023-03-22 11:15:00-04:00,29.149999618530277,29.165000915527344,29.149999618530277,29.149999618530277,29.149999618530277,17119
2023-03-22 11:16:00-04:00,29.15250015258789,29.15250015258789,29.13999938964844,29.13999938964844,29.13999938964844,6050
2023-03-22 11:17:00-04:00,29.1299991607666,29.13999938964844,29.1200008392334,29.13999938964844,29.13999938964844,20712
2023-03-22 11:18:00-04:00,29.13999938964844,29.145000457763672,29.1299991607666,29.13999938964844,29.13999938964844,6984
2023-03-22 11:19:00-04:00,29.13500022888184,29.13500022888184,29.1200008392334,29.1200008392334,29.1200008392334,10097
2023-03-22 11:20:00-04:00,29.125,29.125,29.100000381469727,29.114999771118164,29.114999771118164,25016
2023-03-22 11:21:00-04:00,29.1200008392334,29.1200008392334,29.112499237060547,29.112499237060547,29.112499237060547,2532
2023-03-22 11:22:00-04:00,29.1200008392334,29.1200008392334,29.102500915527344,29.10610008239746,29.10610008239746,7963
2023-03-22 11:23:00-04:00,29.102500915527344,29.11000061035156,29.100000381469727,29.100000381469727,29.100000381469727,31425
2023-03-22 11:24:00-04:00,29.100000381469727,29.1200008392334,29.100000381469727,29.1200008392334,29.1200008392334,17281
2023-03-22 11:25:00-04:00,29.1200008392334,29.1200008392334,29.09000015258789,29.09000015258789,29.09000015258789,18605
2023-03-22 11:26:00-04:00,29.07999992370605,29.09499931335449,29.07999992370605,29.09499931335449,29.09499931335449,6145
2023-03-22 11:27:00-04:00,29.09000015258789,29.11000061035156,29.07999992370605,29.100000381469727,29.100000381469727,19701
2023-03-22 11:28:00-04:00,29.100000381469727,29.100000381469727,29.09000015258789,29.100000381469727,29.100000381469727,9747
2023-03-22 11:29:00-04:00,29.100000381469727,29.100000381469727,29.09000015258789,29.09000015258789,29.09000015258789,5056
2023-03-22 11:30:00-04:00,29.09000015258789,29.104999542236328,29.07999992370605,29.07999992370605,29.07999992370605,17367
2023-03-22 11:31:00-04:00,29.09000015258789,29.09000015258789,29.07999992370605,29.09000015258789,29.09000015258789,9551
2023-03-22 11:32:00-04:00,29.09000015258789,29.09499931335449,29.07999992370605,29.07999992370605,29.07999992370605,9553
2023-03-22 11:33:00-04:00,29.09000015258789,29.09499931335449,29.07999992370605,29.07999992370605,29.07999992370605,19247
2023-03-22 11:34:00-04:00,29.07999992370605,29.07999992370605,29.06999969482422,29.06999969482422,29.06999969482422,17886
2023-03-22 11:35:00-04:00,29.06999969482422,29.06999969482422,29.040000915527344,29.045000076293945,29.045000076293945,27550
2023-03-22 11:36:00-04:00,29.045000076293945,29.059999465942383,29.0,29.059999465942383,29.059999465942383,795644
2023-03-22 11:37:00-04:00,29.059999465942383,29.06999969482422,29.045000076293945,29.045000076293945,29.045000076293945,43437
2023-03-22 11:38:00-04:00,29.040000915527344,29.05500030517578,29.030000686645508,29.049999237060547,29.049999237060547,62113
2023-03-22 11:39:00-04:00,29.049999237060547,29.049999237060547,29.01000022888184,29.01499938964844,29.01499938964844,156605
2023-03-22 11:40:00-04:00,29.01499938964844,29.040000915527344,29.0,29.03499984741211,29.03499984741211,18016
2023-03-22 11:41:00-04:00,29.03179931640625,29.03499984741211,29.01000022888184,29.01000022888184,29.01000022888184,14911
2023-03-22 11:42:00-04:00,29.020000457763672,29.024999618530277,29.01499938964844,29.020000457763672,29.020000457763672,21455
2023-03-22 11:43:00-04:00,29.020000457763672,29.020000457763672,29.0,29.0049991607666,29.0049991607666,7595
2023-03-22 11:44:00-04:00,29.0049991607666,29.01499938964844,29.0,29.01499938964844,29.01499938964844,37407
2023-03-22 11:45:00-04:00,29.01000022888184,29.024999618530277,29.0049991607666,29.01000022888184,29.01000022888184,19424
2023-03-22 11:46:00-04:00,29.0049991607666,29.018999099731445,29.0,29.01000022888184,29.01000022888184,13006
2023-03-22 11:47:00-04:00,29.020000457763672,29.020000457763672,29.0039005279541,29.020000457763672,29.020000457763672,36790
2023-03-22 11:48:00-04:00,29.020000457763672,29.040000915527344,29.020000457763672,29.03499984741211,29.03499984741211,9002
2023-03-22 11:49:00-04:00,29.03499984741211,29.040000915527344,29.0049991607666,29.01000022888184,29.01000022888184,29297
2023-03-22 11:50:00-04:00,29.01000022888184,29.024999618530277,29.01000022888184,29.020000457763672,29.020000457763672,10432
2023-03-22 11:51:00-04:00,29.024999618530277,29.045000076293945,29.024999618530277,29.03779983520508,29.03779983520508,19596
2023-03-22 11:52:00-04:00,29.03499984741211,29.03499984741211,29.024999618530277,29.030000686645508,29.030000686645508,6461
2023-03-22 11:53:00-04:00,29.030000686645508,29.030000686645508,29.020000457763672,29.020000457763672,29.020000457763672,356391
2023-03-22 11:54:00-04:00,29.024999618530277,29.03499984741211,29.01499938964844,29.020000457763672,29.020000457763672,27225
2023-03-22 11:55:00-04:00,29.019899368286133,29.024999618530277,29.01499938964844,29.024999618530277,29.024999618530277,4985
2023-03-22 11:56:00-04:00,29.020000457763672,29.030000686645508,29.020000457763672,29.024999618530277,29.024999618530277,29577
2023-03-22 11:57:00-04:00,29.020000457763672,29.030000686645508,29.020000457763672,29.024999618530277,29.024999618530277,12576
2023-03-22 11:58:00-04:00,29.020000457763672,29.030000686645508,29.01499938964844,29.020000457763672,29.020000457763672,19665
2023-03-22 11:59:00-04:00,29.024999618530277,29.024999618530277,28.9950008392334,29.0,29.0,59526
2023-03-22 12:00:00-04:00,29.0049991607666,29.01499938964844,29.0049991607666,29.0049991607666,29.0049991607666,34471
2023-03-22 12:01:00-04:00,29.0049991607666,29.0049991607666,28.979999542236328,28.98500061035156,28.98500061035156,9725
2023-03-22 12:02:00-04:00,28.98500061035156,29.040000915527344,28.98500061035156,29.030000686645508,29.030000686645508,58638
2023-03-22 12:03:00-04:00,29.030000686645508,29.040000915527344,29.024999618530277,29.040000915527344,29.040000915527344,13620
2023-03-22 12:04:00-04:00,29.040000915527344,29.040000915527344,29.030000686645508,29.040000915527344,29.040000915527344,8926
2023-03-22 12:05:00-04:00,29.040000915527344,29.059999465942383,29.03499984741211,29.040000915527344,29.040000915527344,34411
2023-03-22 12:06:00-04:00,29.03249931335449,29.040000915527344,29.01499938964844,29.01499938964844,29.01499938964844,33810
2023-03-22 12:07:00-04:00,29.020000457763672,29.030000686645508,29.020000457763672,29.030000686645508,29.030000686645508,5827
2023-03-22 12:09:00-04:00,29.0049991607666,29.0049991607666,29.0,29.0049991607666,29.0049991607666,30058
2023-03-22 12:10:00-04:00,29.0,29.020000457763672,29.0,29.020000457763672,29.020000457763672,18594
2023-03-22 12:11:00-04:00,29.020000457763672,29.030000686645508,29.020000457763672,29.024999618530277,29.024999618530277,11517
2023-03-22 12:12:00-04:00,29.030000686645508,29.040000915527344,29.024999618530277,29.024999618530277,29.024999618530277,26777
2023-03-22 12:13:00-04:00,29.024999618530277,29.024999618530277,29.0,29.0049991607666,29.0049991607666,109178
2023-03-22 12:14:00-04:00,29.0049991607666,29.01499938964844,29.0,29.0049991607666,29.0049991607666,20858
2023-03-22 12:15:00-04:00,29.0049991607666,29.01000022888184,29.0,29.0049991607666,29.0049991607666,9873
2023-03-22 12:16:00-04:00,29.0049991607666,29.0049991607666,28.989999771118164,28.9950008392334,28.9950008392334,10756
2023-03-22 12:17:00-04:00,28.9950008392334,28.9950008392334,28.96999931335449,28.973899841308597,28.973899841308597,50064
2023-03-22 12:18:00-04:00,28.96999931335449,28.989999771118164,28.96500015258789,28.979999542236328,28.979999542236328,23059
2023-03-22 12:19:00-04:00,28.975000381469727,28.989999771118164,28.975000381469727,28.989999771118164,28.989999771118164,4045
2023-03-22 12:21:00-04:00,29.0049991607666,29.030000686645508,29.0,29.024999618530277,29.024999618530277,37880
2023-03-22 12:22:00-04:00,29.024999618530277,29.030000686645508,29.020000457763672,29.024999618530277,29.024999618530277,9156
2023-03-22 12:23:00-04:00,29.024999618530277,29.030000686645508,29.01000022888184,29.030000686645508,29.030000686645508,16550
2023-03-22 12:24:00-04:00,29.024999618530277,29.05500030517578,29.020099639892575,29.045000076293945,29.045000076293945,52608
2023-03-22 12:25:00-04:00,29.045000076293945,29.049999237060547,29.024999618530277,29.024999618530277,29.024999618530277,9575
2023-03-22 12:26:00-04:00,29.024999618530277,29.049999237060547,29.024999618530277,29.049999237060547,29.049999237060547,8425
2023-03-22 12:27:00-04:00,29.045000076293945,29.049999237060547,29.030000686645508,29.040000915527344,29.040000915527344,17671
2023-03-22 12:28:00-04:00,29.040000915527344,29.045000076293945,29.020000457763672,29.020000457763672,29.020000457763672,13287
2023-03-22 12:29:00-04:00,29.020000457763672,29.030000686645508,29.01000022888184,29.01499938964844,29.01499938964844,27721
2023-03-22 12:30:00-04:00,29.01000022888184,29.030000686645508,29.0,29.030000686645508,29.030000686645508,32728
2023-03-22 12:31:00-04:00,29.024999618530277,29.045000076293945,29.024999618530277,29.03499984741211,29.03499984741211,14677
2023-03-22 12:32:00-04:00,29.030000686645508,29.030000686645508,29.01000022888184,29.01499938964844,29.01499938964844,7560
2023-03-22 12:33:00-04:00,29.01499938964844,29.024999618530277,29.01000022888184,29.01499938964844,29.01499938964844,12257
2023-03-22 12:34:00-04:00,29.01000022888184,29.030000686645508,29.01000022888184,29.024999618530277,29.024999618530277,25631
2023-03-22 12:35:00-04:00,29.024999618530277,29.030000686645508,29.020000457763672,29.024999618530277,29.024999618530277,6285
2023-03-22 12:36:00-04:00,29.024999618530277,29.030000686645508,29.01000022888184,29.01000022888184,29.01000022888184,18232
2023-03-22 12:37:00-04:00,29.01000022888184,29.040000915527344,29.01000022888184,29.024999618530277,29.024999618530277,23618
2023-03-22 12:38:00-04:00,29.028499603271484,29.028499603271484,29.01000022888184,29.01499938964844,29.01499938964844,14181
2023-03-22 12:39:00-04:00,29.01499938964844,29.06999969482422,29.01000022888184,29.05500030517578,29.05500030517578,107778
2023-03-22 12:40:00-04:00,29.049999237060547,29.059999465942383,29.03499984741211,29.03499984741211,29.03499984741211,12428
2023-03-22 12:41:00-04:00,29.040000915527344,29.049999237060547,29.030000686645508,29.040000915527344,29.040000915527344,15851
2023-03-22 12:42:00-04:00,29.045000076293945,29.05500030517578,29.040000915527344,29.049999237060547,29.049999237060547,13057
2023-03-22 12:43:00-04:00,29.040000915527344,29.059999465942383,29.040000915527344,29.049999237060547,29.049999237060547,17054
2023-03-22 12:44:00-04:00,29.049999237060547,29.059999465942383,29.040000915527344,29.045000076293945,29.045000076293945,13443
2023-03-22 12:45:00-04:00,29.04990005493164,29.049999237060547,29.040000915527344,29.040000915527344,29.040000915527344,7327
2023-03-22 12:46:00-04:00,29.040000915527344,29.045000076293945,29.020000457763672,29.024999618530277,29.024999618530277,41341
2023-03-22 12:47:00-04:00,29.020000457763672,29.030000686645508,29.020000457763672,29.024999618530277,29.024999618530277,17550
2023-03-22 12:48:00-04:00,29.020000457763672,29.024999618530277,29.0,29.0,29.0,19260
2023-03-22 12:49:00-04:00,29.0,29.0049991607666,28.989999771118164,28.9950008392334,28.9950008392334,11570
2023-03-22 12:50:00-04:00,28.9950008392334,29.0,28.98500061035156,28.98500061035156,28.98500061035156,37096
2023-03-22 12:51:00-04:00,28.98500061035156,28.9950008392334,28.979999542236328,28.9950008392334,28.9950008392334,24509
2023-03-22 12:52:00-04:00,28.989999771118164,29.0,28.98500061035156,28.98500061035156,28.98500061035156,23893
2023-03-22 12:53:00-04:00,28.989999771118164,28.989999771118164,28.95499992370605,28.979999542236328,28.979999542236328,110578
2023-03-22 12:54:00-04:00,28.979999542236328,28.979999542236328,28.95499992370605,28.959999084472656,28.959999084472656,60894
2023-03-22 12:55:00-04:00,28.959999084472656,28.959999084472656,28.950000762939453,28.950000762939453,28.950000762939453,7016
2023-03-22 12:56:00-04:00,28.950000762939453,28.95499992370605,28.950000762939453,28.950000762939453,28.950000762939453,10303
2023-03-22 12:57:00-04:00,28.95499992370605,28.95499992370605,28.940000534057617,28.940000534057617,28.940000534057617,5577
2023-03-22 12:58:00-04:00,28.94499969482422,28.950000762939453,28.920000076293945,28.940000534057617,28.940000534057617,34672
2023-03-22 12:59:00-04:00,28.94499969482422,28.95499992370605,28.940000534057617,28.95499992370605,28.95499992370605,24127
2023-03-22 13:00:00-04:00,28.959999084472656,28.959999084472656,28.94499969482422,28.95499992370605,28.95499992370605,17757
2023-03-22 13:01:00-04:00,28.950000762939453,28.950000762939453,28.940000534057617,28.940000534057617,28.940000534057617,3722
2023-03-22 13:02:00-04:00,28.940000534057617,28.940000534057617,28.93000030517578,28.93000030517578,28.93000030517578,7053
2023-03-22 13:03:00-04:00,28.93000030517578,28.93000030517578,28.90999984741211,28.920000076293945,28.920000076293945,20473
2023-03-22 13:04:00-04:00,28.9143009185791,28.915000915527344,28.899999618530277,28.899999618530277,28.899999618530277,9449
2023-03-22 13:05:00-04:00,28.899999618530277,28.90999984741211,28.89249992370605,28.895000457763672,28.895000457763672,6244
2023-03-22 13:06:00-04:00,28.88999938964844,28.895000457763672,28.8799991607666,28.895000457763672,28.895000457763672,8918
2023-03-22 13:07:00-04:00,28.895000457763672,28.905000686645508,28.88999938964844,28.905000686645508,28.905000686645508,19891
2023-03-22 13:08:00-04:00,28.90999984741211,28.93000030517578,28.905000686645508,28.93000030517578,28.93000030517578,16095
2023-03-22 13:09:00-04:00,28.93000030517578,28.934999465942383,28.920000076293945,28.934999465942383,28.934999465942383,24803
2023-03-22 13:10:00-04:00,28.934999465942383,28.94499969482422,28.920000076293945,28.940000534057617,28.940000534057617,32063
2023-03-22 13:11:00-04:00,28.94499969482422,28.95499992370605,28.940000534057617,28.95499992370605,28.95499992370605,18722
2023-03-22 13:12:00-04:00,28.94499969482422,28.94750022888184,28.940000534057617,28.94499969482422,28.94499969482422,1011989
2023-03-22 13:13:00-04:00,28.94499969482422,28.96500015258789,28.94499969482422,28.96500015258789,28.96500015258789,17123
2023-03-22 13:14:00-04:00,28.96500015258789,28.96999931335449,28.950000762939453,28.95499992370605,28.95499992370605,19971
2023-03-22 13:15:00-04:00,28.95499992370605,28.96500015258789,28.95499992370605,28.96500015258789,28.96500015258789,15280
2023-03-22 13:16:00-04:00,28.959999084472656,28.959999084472656,28.940000534057617,28.940000534057617,28.940000534057617,8536
2023-03-22 13:17:00-04:00,28.940000534057617,28.94499969482422,28.920000076293945,28.924999237060547,28.924999237060547,21337
2023-03-22 13:18:00-04:00,28.93000030517578,28.93000030517578,28.90999984741211,28.924999237060547,28.924999237060547,37346
2023-03-22 13:19:00-04:00,28.924999237060547,28.93000030517578,28.920000076293945,28.924999237060547,28.924999237060547,6042
2023-03-22 13:20:00-04:00,28.924999237060547,28.93000030517578,28.920000076293945,28.924999237060547,28.924999237060547,4929
2023-03-22 13:21:00-04:00,28.93000030517578,28.950000762939453,28.920000076293945,28.94499969482422,28.94499969482422,33231
2023-03-22 13:22:00-04:00,28.94499969482422,28.950000762939453,28.940000534057617,28.94499969482422,28.94499969482422,2480
2023-03-22 13:23:00-04:00,28.94499969482422,28.94750022888184,28.93000030517578,28.934999465942383,28.934999465942383,10875
2023-03-22 13:24:00-04:00,28.934999465942383,28.940000534057617,28.920000076293945,28.920000076293945,28.920000076293945,18765
2023-03-22 13:25:00-04:00,28.920000076293945,28.93000030517578,28.90999984741211,28.90999984741211,28.90999984741211,14558
2023-03-22 13:26:00-04:00,28.90999984741211,28.90999984741211,28.8799991607666,28.8799991607666,28.8799991607666,24135
2023-03-22 13:27:00-04:00,28.88500022888184,28.88999938964844,28.8799991607666,28.88999938964844,28.88999938964844,18594
2023-03-22 13:28:00-04:00,28.88999938964844,28.88999938964844,28.881999969482425,28.887500762939453,28.887500762939453,9395
2023-03-22 13:29:00-04:00,28.88999938964844,28.88999938964844,28.8799991607666,28.882099151611328,28.882099151611328,6245
2023-03-22 13:30:00-04:00,28.88500022888184,28.899999618530277,28.8799991607666,28.88999938964844,28.88999938964844,62783
2023-03-22 13:31:00-04:00,28.895000457763672,28.93000030517578,28.895000457763672,28.90999984741211,28.90999984741211,67031
2023-03-22 13:32:00-04:00,28.90999984741211,28.90999984741211,28.895000457763672,28.895000457763672,28.895000457763672,12308
2023-03-22 13:33:00-04:00,28.899999618530277,28.905000686645508,28.88500022888184,28.905000686645508,28.905000686645508,30933
2023-03-22 13:34:00-04:00,28.90999984741211,28.920000076293945,28.899999618530277,28.899999618530277,28.899999618530277,11241
2023-03-22 13:35:00-04:00,28.905000686645508,28.905000686645508,28.88999938964844,28.895000457763672,28.895000457763672,15211
2023-03-22 13:36:00-04:00,28.895000457763672,28.899900436401367,28.862499237060547,28.864999771118164,28.864999771118164,20121
2023-03-22 13:37:00-04:00,28.86000061035156,28.8700008392334,28.86000061035156,28.8700008392334,28.8700008392334,30483
2023-03-22 13:38:00-04:00,28.864999771118164,28.875,28.86000061035156,28.86000061035156,28.86000061035156,16279
2023-03-22 13:39:00-04:00,28.8700008392334,28.8700008392334,28.854999542236328,28.854999542236328,28.854999542236328,17461
2023-03-22 13:40:00-04:00,28.850000381469727,28.850000381469727,28.834999084472656,28.84499931335449,28.84499931335449,46414
2023-03-22 13:41:00-04:00,28.84499931335449,28.854999542236328,28.84000015258789,28.850000381469727,28.850000381469727,30061
2023-03-22 13:42:00-04:00,28.84499931335449,28.850000381469727,28.84000015258789,28.84000015258789,28.84000015258789,20609
2023-03-22 13:43:00-04:00,28.84000015258789,28.86000061035156,28.82999992370605,28.86000061035156,28.86000061035156,31799
2023-03-22 13:44:00-04:00,28.86000061035156,28.88999938964844,28.854999542236328,28.88999938964844,28.88999938964844,15447
2023-03-22 13:45:00-04:00,28.88500022888184,28.899999618530277,28.8799991607666,28.899999618530277,28.899999618530277,31862
2023-03-22 13:46:00-04:00,28.895000457763672,28.899999618530277,28.8700008392334,28.88500022888184,28.88500022888184,20600
2023-03-22 13:47:00-04:00,28.88500022888184,28.88500022888184,28.864999771118164,28.8700008392334,28.8700008392334,24228
2023-03-22 13:48:00-04:00,28.875,28.875,28.854999542236328,28.864999771118164,28.864999771118164,15651
2023-03-22 13:49:00-04:00,28.86000061035156,28.875,28.854999542236328,28.875,28.875,32895
2023-03-22 13:50:00-04:00,28.8799991607666,28.8799991607666,28.86000061035156,28.86000061035156,28.86000061035156,23068
2023-03-22 13:51:00-04:00,28.864999771118164,28.8799991607666,28.864999771118164,28.87360000610352,28.87360000610352,17150
2023-03-22 13:52:00-04:00,28.8799991607666,28.8799991607666,28.8700008392334,28.8700008392334,28.8700008392334,10103
2023-03-22 13:53:00-04:00,28.8700008392334,28.8700008392334,28.86000061035156,28.864999771118164,28.864999771118164,20714
2023-03-22 13:54:00-04:00,28.86000061035156,28.8799991607666,28.86000061035156,28.8799991607666,28.8799991607666,43292
2023-03-22 13:55:00-04:00,28.8700008392334,28.8799991607666,28.8700008392334,28.8799991607666,28.8799991607666,5991
2023-03-22 13:56:00-04:00,28.8700008392334,28.88500022888184,28.8700008392334,28.8700008392334,28.8700008392334,19520
2023-03-22 13:57:00-04:00,28.8700008392334,28.8799991607666,28.850000381469727,28.850000381469727,28.850000381469727,15262
2023-03-22 13:58:00-04:00,28.850000381469727,28.86000061035156,28.84000015258789,28.850000381469727,28.850000381469727,17984
2023-03-22 13:59:00-04:00,28.850000381469727,28.875,28.850000381469727,28.864999771118164,28.864999771118164,19081
2023-03-22 14:00:00-04:00,28.8700008392334,29.049999237060547,28.8700008392334,29.040000915527344,29.040000915527344,111023
2023-03-22 14:01:00-04:00,29.040000915527344,29.040000915527344,28.96999931335449,29.030000686645508,29.030000686645508,59208
2023-03-22 14:02:00-04:00,29.020000457763672,29.020000457763672,28.940000534057617,28.959999084472656,28.959999084472656,29598
2023-03-22 14:03:00-04:00,28.96999931335449,29.0,28.96500015258789,28.9950008392334,28.9950008392334,44447
2023-03-22 14:04:00-04:00,29.0,29.049999237060547,29.0,29.039899826049805,29.039899826049805,22479
2023-03-22 14:05:00-04:00,29.03499984741211,29.100000381469727,29.03499984741211,29.07999992370605,29.07999992370605,74672
2023-03-22 14:06:00-04:00,29.075000762939453,29.11000061035156,29.06999969482422,29.06999969482422,29.06999969482422,202252
2023-03-22 14:07:00-04:00,29.06999969482422,29.07999992370605,29.040000915527344,29.042400360107425,29.042400360107425,43385
2023-03-22 14:08:00-04:00,29.040000915527344,29.040000915527344,28.96999931335449,28.98500061035156,28.98500061035156,23569
2023-03-22 14:09:00-04:00,28.989999771118164,29.01000022888184,28.979999542236328,28.989999771118164,28.989999771118164,24158
2023-03-22 14:10:00-04:00,28.9950008392334,29.01000022888184,28.979999542236328,29.0,29.0,57072
2023-03-22 14:11:00-04:00,29.0,29.01000022888184,28.950000762939453,28.959999084472656,28.959999084472656,24230
2023-03-22 14:12:00-04:00,28.96999931335449,29.01000022888184,28.959999084472656,28.979999542236328,28.979999542236328,27477
2023-03-22 14:13:00-04:00,28.979999542236328,29.0,28.924999237060547,28.94499969482422,28.94499969482422,59427
2023-03-22 14:14:00-04:00,28.950000762939453,28.950000762939453,28.920000076293945,28.94499969482422,28.94499969482422,61117
2023-03-22 14:15:00-04:00,28.950000762939453,29.0,28.940000534057617,28.9950008392334,28.9950008392334,31589
2023-03-22 14:16:00-04:00,28.989999771118164,29.0,28.959999084472656,28.975000381469727,28.975000381469727,17583
2023-03-22 14:17:00-04:00,28.96999931335449,28.98500061035156,28.959999084472656,28.96999931335449,28.96999931335449,14076
2023-03-22 14:18:00-04:00,28.96999931335449,29.0,28.96999931335449,28.9950008392334,28.9950008392334,11256
2023-03-22 14:19:00-04:00,29.0,29.03499984741211,28.9950008392334,29.020000457763672,29.020000457763672,67038
2023-03-22 14:20:00-04:00,29.020000457763672,29.024999618530277,28.96999931335449,28.96999931335449,28.96999931335449,23298
2023-03-22 14:21:00-04:00,28.96999931335449,29.0049991607666,28.96999931335449,29.0,29.0,24362
2023-03-22 14:22:00-04:00,28.989999771118164,28.9950008392334,28.979999542236328,28.9950008392334,28.9950008392334,17482
2023-03-22 14:23:00-04:00,28.9950008392334,29.01000022888184,28.979999542236328,28.989999771118164,28.989999771118164,26343
2023-03-22 14:24:00-04:00,28.979999542236328,28.98500061035156,28.959999084472656,28.979999542236328,28.979999542236328,19138
2023-03-22 14:25:00-04:00,28.979999542236328,28.9950008392334,28.96500015258789,28.96999931335449,28.96999931335449,23631
2023-03-22 14:26:00-04:00,28.96500015258789,28.979999542236328,28.96150016784668,28.975000381469727,28.975000381469727,17996
2023-03-22 14:27:00-04:00,28.975000381469727,29.0,28.975000381469727,28.989999771118164,28.989999771118164,519865
2023-03-22 14:28:00-04:00,28.98500061035156,29.0,28.96999931335449,28.96999931335449,28.96999931335449,41675
2023-03-22 14:29:00-04:00,28.975000381469727,28.9950008392334,28.975000381469727,28.98500061035156,28.98500061035156,15356
2023-03-22 14:30:00-04:00,28.98500061035156,29.0,28.959999084472656,28.959999084472656,28.959999084472656,28753
2023-03-22 14:31:00-04:00,28.950000762939453,29.05500030517578,28.94499969482422,29.040000915527344,29.040000915527344,56241
2023-03-22 14:32:00-04:00,29.040000915527344,29.059999465942383,28.96500015258789,28.975000381469727,28.975000381469727,98225
2023-03-22 14:33:00-04:00,28.975000381469727,28.975000381469727,28.940000534057617,28.959999084472656,28.959999084472656,47595
2023-03-22 14:34:00-04:00,28.950000762939453,28.989999771118164,28.94499969482422,28.975000381469727,28.975000381469727,17133
2023-03-22 14:35:00-04:00,28.96999931335449,28.96999931335449,28.8799991607666,28.905000686645508,28.905000686645508,69630
2023-03-22 14:36:00-04:00,28.905000686645508,28.920000076293945,28.84499931335449,28.915000915527344,28.915000915527344,84608
2023-03-22 14:37:00-04:00,28.915000915527344,28.979999542236328,28.88500022888184,28.96999931335449,28.96999931335449,56653
2023-03-22 14:38:00-04:00,28.96999931335449,29.030000686645508,28.96500015258789,29.0049991607666,29.0049991607666,62332
2023-03-22 14:39:00-04:00,29.0,29.0,28.959999084472656,28.96999931335449,28.96999931335449,26258
2023-03-22 14:40:00-04:00,28.975000381469727,29.045000076293945,28.96999931335449,29.01499938964844,29.01499938964844,55959
2023-03-22 14:41:00-04:00,29.01499938964844,29.06999969482422,28.9950008392334,29.05500030517578,29.05500030517578,111514
2023-03-22 14:42:00-04:00,29.059999465942383,29.09499931335449,29.03499984741211,29.075000762939453,29.075000762939453,101690
2023-03-22 14:43:00-04:00,29.09000015258789,29.09499931335449,29.049999237060547,29.07999992370605,29.07999992370605,57056
2023-03-22 14:44:00-04:00,29.065000534057617,29.09000015258789,29.01000022888184,29.040000915527344,29.040000915527344,79299
2023-03-22 14:45:00-04:00,29.040000915527344,29.059999465942383,29.0049991607666,29.05500030517578,29.05500030517578,33240
2023-03-22 14:46:00-04:00,29.05500030517578,29.11000061035156,29.05500030517578,29.084999084472656,29.084999084472656,236807
2023-03-22 14:47:00-04:00,29.084999084472656,29.11000061035156,29.06999969482422,29.09000015258789,29.09000015258789,69516
2023-03-22 14:48:00-04:00,29.09499931335449,29.100000381469727,29.07999992370605,29.084999084472656,29.084999084472656,73589
2023-03-22 14:49:00-04:00,29.084999084472656,29.100000381469727,29.05500030517578,29.065000534057617,29.065000534057617,64586
2023-03-22 14:50:00-04:00,29.065000534057617,29.09000015258789,29.059999465942383,29.07999992370605,29.07999992370605,35665
2023-03-22 14:51:00-04:00,29.09000015258789,29.09499931335449,29.05500030517578,29.05500030517578,29.05500030517578,81555
2023-03-22 14:52:00-04:00,29.05500030517578,29.07999992370605,29.05500030517578,29.06999969482422,29.06999969482422,76930
2023-03-22 14:53:00-04:00,29.059999465942383,29.059999465942383,28.979999542236328,28.979999542236328,28.979999542236328,79886
2023-03-22 14:54:00-04:00,28.98500061035156,29.01000022888184,28.940000534057617,28.959999084472656,28.959999084472656,29918
2023-03-22 14:55:00-04:00,28.959999084472656,28.979999542236328,28.940000534057617,28.96999931335449,28.96999931335449,103227
2023-03-22 14:56:00-04:00,28.979999542236328,28.989999771118164,28.940000534057617,28.975000381469727,28.975000381469727,43781
2023-03-22 14:57:00-04:00,28.979999542236328,29.0,28.959999084472656,28.96500015258789,28.96500015258789,90218
2023-03-22 14:58:00-04:00,28.96999931335449,28.979999542236328,28.93000030517578,28.940000534057617,28.940000534057617,39308
2023-03-22 14:59:00-04:00,28.940000534057617,28.940000534057617,28.899999618530277,28.899999618530277,28.899999618530277,46987
2023-03-22 15:00:00-04:00,28.895000457763672,28.90999984741211,28.8700008392334,28.895000457763672,28.895000457763672,46547
2023-03-22 15:01:00-04:00,28.899999618530277,28.905000686645508,28.815000534057617,28.82999992370605,28.82999992370605,55132
2023-03-22 15:02:00-04:00,28.81999969482422,28.8700008392334,28.815000534057617,28.86000061035156,28.86000061035156,78501
2023-03-22 15:03:00-04:00,28.864999771118164,28.88500022888184,28.84000015258789,28.84499931335449,28.84499931335449,87104
2023-03-22 15:04:00-04:00,28.84499931335449,28.854999542236328,28.76000022888184,28.76499938964844,28.76499938964844,71572
2023-03-22 15:05:00-04:00,28.76000022888184,28.799999237060547,28.75,28.770000457763672,28.770000457763672,54957
2023-03-22 15:06:00-04:00,28.770000457763672,28.774999618530277,28.7450008392334,28.770000457763672,28.770000457763672,63395
2023-03-22 15:07:00-04:00,28.770000457763672,28.770000457763672,28.739999771118164,28.75,28.75,44783
2023-03-22 15:08:00-04:00,28.739999771118164,28.739999771118164,28.700000762939453,28.71999931335449,28.71999931335449,59072
2023-03-22 15:09:00-04:00,28.71500015258789,28.73040008544922,28.68000030517578,28.73040008544922,28.73040008544922,42263
2023-03-22 15:10:00-04:00,28.73500061035156,28.770000457763672,28.725000381469727,28.725000381469727,28.725000381469727,61904
2023-03-22 15:11:00-04:00,28.71999931335449,28.71999931335449,28.674999237060547,28.674999237060547,28.674999237060547,33278
2023-03-22 15:12:00-04:00,28.68000030517578,28.71780014038086,28.65999984741211,28.69499969482422,28.69499969482422,57293
2023-03-22 15:13:00-04:00,28.69499969482422,28.729999542236328,28.690000534057617,28.71500015258789,28.71500015258789,30748
2023-03-22 15:14:00-04:00,28.709999084472656,28.770000457763672,28.700000762939453,28.76499938964844,28.76499938964844,45307
2023-03-22 15:15:00-04:00,28.76499938964844,28.799999237060547,28.76499938964844,28.774999618530277,28.774999618530277,98516
2023-03-22 15:16:00-04:00,28.774999618530277,28.825000762939453,28.76499938964844,28.81999969482422,28.81999969482422,99821
2023-03-22 15:17:00-04:00,28.82999992370605,28.875,28.82999992370605,28.84499931335449,28.84499931335449,118092
2023-03-22 15:18:00-04:00,28.84000015258789,28.84000015258789,28.809999465942383,28.82999992370605,28.82999992370605,25103
2023-03-22 15:19:00-04:00,28.834999084472656,28.84000015258789,28.80500030517578,28.81999969482422,28.81999969482422,69537
2023-03-22 15:20:00-04:00,28.825000762939453,28.86000061035156,28.799999237060547,28.854999542236328,28.854999542236328,115337
2023-03-22 15:21:00-04:00,28.86000061035156,28.90999984741211,28.854999542236328,28.88500022888184,28.88500022888184,158871
2023-03-22 15:22:00-04:00,28.8799991607666,28.895000457763672,28.84000015258789,28.8700008392334,28.8700008392334,451589
2023-03-22 15:23:00-04:00,28.875,28.895000457763672,28.850000381469727,28.86000061035156,28.86000061035156,60629
2023-03-22 15:24:00-04:00,28.86000061035156,28.8700008392334,28.815000534057617,28.82999992370605,28.82999992370605,60360
2023-03-22 15:25:00-04:00,28.82999992370605,28.850000381469727,28.80500030517578,28.82999992370605,28.82999992370605,72036
2023-03-22 15:26:00-04:00,28.81999969482422,28.834999084472656,28.795000076293945,28.825000762939453,28.825000762939453,80475
2023-03-22 15:27:00-04:00,28.825000762939453,28.84000015258789,28.795000076293945,28.834999084472656,28.834999084472656,71503
2023-03-22 15:28:00-04:00,28.84000015258789,28.8799991607666,28.82999992370605,28.854999542236328,28.854999542236328,54546
2023-03-22 15:29:00-04:00,28.854999542236328,28.8700008392334,28.850000381469727,28.854999542236328,28.854999542236328,24041
2023-03-22 15:30:00-04:00,28.854999542236328,28.864999771118164,28.81999969482422,28.825000762939453,28.825000762939453,95543
2023-03-22 15:31:00-04:00,28.825000762939453,28.825000762939453,28.739999771118164,28.76000022888184,28.76000022888184,62077
2023-03-22 15:32:00-04:00,28.7549991607666,28.76000022888184,28.73500061035156,28.76000022888184,28.76000022888184,52800
2023-03-22 15:33:00-04:00,28.76000022888184,28.774999618530277,28.725000381469727,28.7450008392334,28.7450008392334,76295
2023-03-22 15:34:00-04:00,28.7450008392334,28.75,28.709999084472656,28.729999542236328,28.729999542236328,71079
2023-03-22 15:35:00-04:00,28.73500061035156,28.76000022888184,28.700000762939453,28.700000762939453,28.700000762939453,2420243
2023-03-22 15:36:00-04:00,28.70499992370605,28.70499992370605,28.649999618530277,28.665000915527344,28.665000915527344,71972
2023-03-22 15:37:00-04:00,28.665000915527344,28.684999465942383,28.645000457763672,28.665000915527344,28.665000915527344,62799
2023-03-22 15:38:00-04:00,28.670000076293945,28.674999237060547,28.6200008392334,28.63999938964844,28.63999938964844,46913
2023-03-22 15:39:00-04:00,28.63500022888184,28.65999984741211,28.625,28.645000457763672,28.645000457763672,45207
2023-03-22 15:40:00-04:00,28.645000457763672,28.65999984741211,28.625,28.645000457763672,28.645000457763672,187251
2023-03-22 15:41:00-04:00,28.645000457763672,28.649999618530277,28.614999771118164,28.625,28.625,42758
2023-03-22 15:42:00-04:00,28.625,28.65999984741211,28.614999771118164,28.655000686645508,28.655000686645508,88262
2023-03-22 15:43:00-04:00,28.655000686645508,28.670000076293945,28.63500022888184,28.65999984741211,28.65999984741211,102647
2023-03-22 15:44:00-04:00,28.655000686645508,28.65999984741211,28.565000534057617,28.565000534057617,28.565000534057617,91005
2023-03-22 15:45:00-04:00,28.56999969482422,28.56999969482422,28.51000022888184,28.520000457763672,28.520000457763672,146510
2023-03-22 15:46:00-04:00,28.520000457763672,28.559999465942383,28.5,28.53499984741211,28.53499984741211,87334
2023-03-22 15:47:00-04:00,28.53499984741211,28.545000076293945,28.51000022888184,28.51499938964844,28.51499938964844,57113
2023-03-22 15:48:00-04:00,28.51000022888184,28.524999618530277,28.489999771118164,28.5049991607666,28.5049991607666,109378
2023-03-22 15:49:00-04:00,28.51000022888184,28.520000457763672,28.489999771118164,28.520000457763672,28.520000457763672,78228
2023-03-22 15:50:00-04:00,28.51499938964844,28.51499938964844,28.43000030517578,28.44499969482422,28.44499969482422,232962
2023-03-22 15:51:00-04:00,28.450000762939453,28.459999084472656,28.420000076293945,28.440000534057617,28.440000534057617,141434
2023-03-22 15:52:00-04:00,28.43000030517578,28.434999465942383,28.3700008392334,28.3799991607666,28.3799991607666,130356
2023-03-22 15:53:00-04:00,28.3799991607666,28.38500022888184,28.34000015258789,28.375,28.375,137263
2023-03-22 15:54:00-04:00,28.375,28.3799991607666,28.31999969482422,28.325000762939453,28.325000762939453,180531
2023-03-22 15:55:00-04:00,28.325000762939453,28.34000015258789,28.280000686645508,28.309999465942383,28.309999465942383,342753
2023-03-22 15:56:00-04:00,28.309999465942383,28.31999969482422,28.280000686645508,28.309999465942383,28.309999465942383,272060
2023-03-22 15:57:00-04:00,28.30500030517578,28.31999969482422,28.290000915527344,28.30500030517578,28.30500030517578,246422
2023-03-22 15:58:00-04:00,28.30500030517578,28.309999465942383,28.290000915527344,28.30500030517578,28.30500030517578,181547
2023-03-22 15:59:00-04:00,28.309999465942383,28.31999969482422,28.26000022888184,28.270000457763672,28.270000457763672,707670
2023-03-23 09:30:00-04:00,28.350000381469727,28.399999618530277,28.350000381469727,28.3700008392334,28.3700008392334,145607
2023-03-23 09:31:00-04:00,28.3700008392334,28.40999984741211,28.3700008392334,28.3799991607666,28.3799991607666,22258
2023-03-23 09:32:00-04:00,28.3799991607666,28.399999618530277,28.31999969482422,28.325000762939453,28.325000762939453,40953
2023-03-23 09:33:00-04:00,28.32999992370605,28.34499931335449,28.270000457763672,28.290000915527344,28.290000915527344,55704
2023-03-23 09:34:00-04:00,28.290000915527344,28.299999237060547,28.21999931335449,28.21999931335449,28.21999931335449,51212
2023-03-23 09:35:00-04:00,28.229999542236328,28.23500061035156,28.209999084472656,28.21999931335449,28.21999931335449,45031
2023-03-23 09:36:00-04:00,28.225000381469727,28.23500061035156,28.18000030517578,28.21500015258789,28.21500015258789,89447
2023-03-23 09:37:00-04:00,28.21999931335449,28.280000686645508,28.21999931335449,28.26499938964844,28.26499938964844,72699
2023-03-23 09:38:00-04:00,28.25,28.25,28.19499969482422,28.209999084472656,28.209999084472656,19911
2023-03-23 09:39:00-04:00,28.21500015258789,28.25609970092773,28.209999084472656,28.21999931335449,28.21999931335449,69019
2023-03-23 09:40:00-04:00,28.225000381469727,28.229999542236328,28.1299991607666,28.145000457763672,28.145000457763672,69930
2023-03-23 09:41:00-04:00,28.149999618530277,28.209999084472656,28.13999938964844,28.190000534057617,28.190000534057617,31980
2023-03-23 09:42:00-04:00,28.19499969482422,28.25,28.19499969482422,28.239999771118164,28.239999771118164,40388
2023-03-23 09:43:00-04:00,28.239999771118164,28.34000015258789,28.225000381469727,28.309999465942383,28.309999465942383,42124
2023-03-23 09:44:00-04:00,28.30500030517578,28.30500030517578,28.26499938964844,28.270000457763672,28.270000457763672,20831
2023-03-23 09:45:00-04:00,28.274999618530277,28.290000915527344,28.26499938964844,28.26799964904785,28.26799964904785,45465
2023-03-23 09:46:00-04:00,28.26499938964844,28.26499938964844,28.229999542236328,28.25,28.25,43813
2023-03-23 09:47:00-04:00,28.2450008392334,28.26000022888184,28.229999542236328,28.23500061035156,28.23500061035156,26738
2023-03-23 09:48:00-04:00,28.229999542236328,28.25,28.200000762939453,28.23500061035156,28.23500061035156,36997
2023-03-23 09:49:00-04:00,28.23500061035156,28.26499938964844,28.229999542236328,28.25749969482422,28.25749969482422,23406
2023-03-23 09:50:00-04:00,28.26000022888184,28.270000457763672,28.20499992370605,28.20499992370605,28.20499992370605,33921
2023-03-23 09:51:00-04:00,28.200000762939453,28.209999084472656,28.170000076293945,28.170000076293945,28.170000076293945,15691
2023-03-23 09:52:00-04:00,28.18000030517578,28.200000762939453,28.18000030517578,28.190000534057617,28.190000534057617,29334
2023-03-23 09:53:00-04:00,28.19499969482422,28.209999084472656,28.149999618530277,28.15999984741211,28.15999984741211,36818
2023-03-23 09:54:00-04:00,28.170000076293945,28.190000534057617,28.155000686645508,28.155000686645508,28.155000686645508,27676
2023-03-23 09:55:00-04:00,28.15250015258789,28.15999984741211,28.09499931335449,28.0984001159668,28.0984001159668,43697
2023-03-23 09:56:00-04:00,28.09499931335449,28.100000381469727,28.0,28.040000915527344,28.040000915527344,75313
2023-03-23 09:57:00-04:00,28.024999618530277,28.040000915527344,27.989999771118164,28.030000686645508,28.030000686645508,74855
2023-03-23 09:58:00-04:00,28.040000915527344,28.09000015258789,28.020000457763672,28.065000534057617,28.065000534057617,103250
2023-03-23 09:59:00-04:00,28.059999465942383,28.11000061035156,28.059999465942383,28.065000534057617,28.065000534057617,37369
2023-03-23 10:00:00-04:00,28.06999969482422,28.131999969482425,28.06999969482422,28.1299991607666,28.1299991607666,32929
2023-03-23 10:01:00-04:00,28.13999938964844,28.13999938964844,28.09499931335449,28.104999542236328,28.104999542236328,19859
2023-03-23 10:02:00-04:00,28.100000381469727,28.11000061035156,28.06999969482422,28.09000015258789,28.09000015258789,38010
2023-03-23 10:03:00-04:00,28.09000015258789,28.11009979248047,28.07999992370605,28.09499931335449,28.09499931335449,40179
2023-03-23 10:04:00-04:00,28.09499931335449,28.09499931335449,28.03499984741211,28.05500030517578,28.05500030517578,74869
2023-03-23 10:05:00-04:00,28.05500030517578,28.06999969482422,28.040000915527344,28.06999969482422,28.06999969482422,62834
2023-03-23 10:06:00-04:00,28.07999992370605,28.11000061035156,28.07999992370605,28.104999542236328,28.104999542236328,87623
2023-03-23 10:07:00-04:00,28.11000061035156,28.11000061035156,28.07999992370605,28.07999992370605,28.07999992370605,14783
2023-03-23 10:08:00-04:00,28.06999969482422,28.075000762939453,28.059999465942383,28.059999465942383,28.059999465942383,48889
2023-03-23 10:09:00-04:00,28.059999465942383,28.084999084472656,28.049999237060547,28.075000762939453,28.075000762939453,57266
2023-03-23 10:10:00-04:00,28.07999992370605,28.145000457763672,28.07999992370605,28.13999938964844,28.13999938964844,47380
2023-03-23 10:11:00-04:00,28.13500022888184,28.155000686645508,28.104999542236328,28.11199951171875,28.11199951171875,80097
2023-03-23 10:12:00-04:00,28.114999771118164,28.13999938964844,28.100000381469727,28.100000381469727,28.100000381469727,32135
2023-03-23 10:13:00-04:00,28.104999542236328,28.13999938964844,28.104999542236328,28.13500022888184,28.13500022888184,14465
2023-03-23 10:14:00-04:00,28.13500022888184,28.149999618530277,28.13500022888184,28.13999938964844,28.13999938964844,132139
2023-03-23 10:15:00-04:00,28.145000457763672,28.18000030517578,28.145000457763672,28.170000076293945,28.170000076293945,60963
2023-03-23 10:16:00-04:00,28.170000076293945,28.200000762939453,28.15999984741211,28.19499969482422,28.19499969482422,69735
2023-03-23 10:17:00-04:00,28.19499969482422,28.21999931335449,28.190000534057617,28.19499969482422,28.19499969482422,123503
2023-03-23 10:18:00-04:00,28.19099998474121,28.21500015258789,28.18000030517578,28.19499969482422,28.19499969482422,77067
2023-03-23 10:19:00-04:00,28.200000762939453,28.200000762939453,28.149999618530277,28.174999237060547,28.174999237060547,103844
2023-03-23 10:20:00-04:00,28.174999237060547,28.18000030517578,28.15999984741211,28.174999237060547,28.174999237060547,61294
2023-03-23 10:21:00-04:00,28.184999465942383,28.190000534057617,28.13500022888184,28.15999984741211,28.15999984741211,43661
2023-03-23 10:22:00-04:00,28.15999984741211,28.170000076293945,28.145000457763672,28.145000457763672,28.145000457763672,24133
2023-03-23 10:23:00-04:00,28.145000457763672,28.165000915527344,28.13999938964844,28.149999618530277,28.149999618530277,18980
2023-03-23 10:24:00-04:00,28.15999984741211,28.18000030517578,28.155000686645508,28.174999237060547,28.174999237060547,18901
2023-03-23 10:25:00-04:00,28.174999237060547,28.200000762939453,28.165000915527344,28.18000030517578,28.18000030517578,27422
2023-03-23 10:26:00-04:00,28.18000030517578,28.18000030517578,28.145000457763672,28.15999984741211,28.15999984741211,26191
2023-03-23 10:27:00-04:00,28.15999984741211,28.174999237060547,28.149999618530277,28.165000915527344,28.165000915527344,69102
2023-03-23 10:28:00-04:00,28.170000076293945,28.190000534057617,28.15999984741211,28.190000534057617,28.190000534057617,18351
2023-03-23 10:29:00-04:00,28.18000030517578,28.190000534057617,28.145000457763672,28.145000457763672,28.145000457763672,67454
2023-03-23 10:30:00-04:00,28.145000457763672,28.170000076293945,28.1200008392334,28.149999618530277,28.149999618530277,50242
2023-03-23 10:31:00-04:00,28.149999618530277,28.170000076293945,28.149999618530277,28.149999618530277,28.149999618530277,32139
2023-03-23 10:32:00-04:00,28.15010070800781,28.170000076293945,28.145000457763672,28.15999984741211,28.15999984741211,33324
2023-03-23 10:33:00-04:00,28.15999984741211,28.174999237060547,28.145000457763672,28.165000915527344,28.165000915527344,33893
2023-03-23 10:34:00-04:00,28.165000915527344,28.18000030517578,28.15999984741211,28.174999237060547,28.174999237060547,29858
2023-03-23 10:35:00-04:00,28.174999237060547,28.20499992370605,28.174999237060547,28.200000762939453,28.200000762939453,33236
2023-03-23 10:36:00-04:00,28.19499969482422,28.229999542236328,28.190000534057617,28.225000381469727,28.225000381469727,29916
2023-03-23 10:37:00-04:00,28.229999542236328,28.229999542236328,28.200000762939453,28.200000762939453,28.200000762939453,13317
2023-03-23 10:38:00-04:00,28.200000762939453,28.239999771118164,28.190000534057617,28.229999542236328,28.229999542236328,99403
2023-03-23 10:39:00-04:00,28.23500061035156,28.23500061035156,28.21999931335449,28.229999542236328,28.229999542236328,29625
2023-03-23 10:40:00-04:00,28.229999542236328,28.25,28.21999931335449,28.225000381469727,28.225000381469727,32163
2023-03-23 10:41:00-04:00,28.225000381469727,28.225000381469727,28.18000030517578,28.18000030517578,28.18000030517578,18669
2023-03-23 10:42:00-04:00,28.184999465942383,28.20499992370605,28.18000030517578,28.200000762939453,28.200000762939453,21953
2023-03-23 10:43:00-04:00,28.200000762939453,28.239999771118164,28.200000762939453,28.229999542236328,28.229999542236328,22161
2023-03-23 10:44:00-04:00,28.239999771118164,28.247499465942383,28.229999542236328,28.229999542236328,28.229999542236328,14773
2023-03-23 10:45:00-04:00,28.23500061035156,28.26000022888184,28.225000381469727,28.26000022888184,28.26000022888184,78652
2023-03-23 10:46:00-04:00,28.26000022888184,28.309999465942383,28.2549991607666,28.30500030517578,28.30500030517578,28836
2023-03-23 10:47:00-04:00,28.299999237060547,28.30500030517578,28.280000686645508,28.280000686645508,28.280000686645508,57116
2023-03-23 10:48:00-04:00,28.290000915527344,28.32999992370605,28.28499984741211,28.325000762939453,28.325000762939453,25097
2023-03-23 10:49:00-04:00,28.32999992370605,28.350000381469727,28.309999465942383,28.34000015258789,28.34000015258789,39715
2023-03-23 10:50:00-04:00,28.34000015258789,28.350000381469727,28.34000015258789,28.350000381469727,28.350000381469727,10226
2023-03-23 10:51:00-04:00,28.350000381469727,28.3799991607666,28.34000015258789,28.375,28.375,19119
2023-03-23 10:52:00-04:00,28.3799991607666,28.399999618530277,28.3799991607666,28.399999618530277,28.399999618530277,31268
2023-03-23 10:53:00-04:00,28.399999618530277,28.450000762939453,28.399999618530277,28.450000762939453,28.450000762939453,23932
2023-03-23 10:54:00-04:00,28.450000762939453,28.489999771118164,28.450000762939453,28.479999542236328,28.479999542236328,84601
2023-03-23 10:55:00-04:00,28.479999542236328,28.48500061035156,28.45499992370605,28.48500061035156,28.48500061035156,40654
2023-03-23 10:56:00-04:00,28.489999771118164,28.5,28.46999931335449,28.48500061035156,28.48500061035156,32968
2023-03-23 10:57:00-04:00,28.48500061035156,28.48500061035156,28.420000076293945,28.420000076293945,28.420000076293945,40899
2023-03-23 10:58:00-04:00,28.43000030517578,28.43000030517578,28.420000076293945,28.420000076293945,28.420000076293945,1969
2023-03-23 10:59:00-04:00,28.405000686645508,28.40999984741211,28.38999938964844,28.40999984741211,28.40999984741211,63715
2023-03-23 11:00:00-04:00,28.405000686645508,28.440000534057617,28.405000686645508,28.43000030517578,28.43000030517578,47692
2023-03-23 11:01:00-04:00,28.434999465942383,28.434999465942383,28.40999984741211,28.415000915527344,28.415000915527344,20363
2023-03-23 11:02:00-04:00,28.415000915527344,28.424999237060547,28.399999618530277,28.405000686645508,28.405000686645508,16742
2023-03-23 11:03:00-04:00,28.40999984741211,28.40999984741211,28.395000457763672,28.399999618530277,28.399999618530277,10993
2023-03-23 11:04:00-04:00,28.405000686645508,28.41939926147461,28.405000686645508,28.40999984741211,28.40999984741211,16339
2023-03-23 11:05:00-04:00,28.40999984741211,28.45499992370605,28.40999984741211,28.450000762939453,28.450000762939453,45583
2023-03-23 11:06:00-04:00,28.45499992370605,28.479999542236328,28.45499992370605,28.479999542236328,28.479999542236328,17774
2023-03-23 11:07:00-04:00,28.479999542236328,28.5,28.46999931335449,28.5,28.5,20395
2023-03-23 11:08:00-04:00,28.5,28.5,28.45499992370605,28.459999084472656,28.459999084472656,47087
2023-03-23 11:09:00-04:00,28.45499992370605,28.46999931335449,28.450000762939453,28.459999084472656,28.459999084472656,18100
2023-03-23 11:10:00-04:00,28.46500015258789,28.46820068359375,28.459999084472656,28.46500015258789,28.46500015258789,8788
2023-03-23 11:11:00-04:00,28.46500015258789,28.4950008392334,28.459999084472656,28.4950008392334,28.4950008392334,11371
2023-03-23 11:12:00-04:00,28.489999771118164,28.4950008392334,28.475000381469727,28.489999771118164,28.489999771118164,36741
2023-03-23 11:13:00-04:00,28.5,28.5,28.479999542236328,28.479999542236328,28.479999542236328,33700
2023-03-23 11:14:00-04:00,28.479999542236328,28.489999771118164,28.46999931335449,28.481000900268555,28.481000900268555,25679
2023-03-23 11:15:00-04:00,28.489999771118164,28.5049991607666,28.46999931335449,28.479999542236328,28.479999542236328,60053
2023-03-23 11:16:00-04:00,28.48500061035156,28.4950008392334,28.450000762939453,28.450000762939453,28.450000762939453,16027
2023-03-23 11:17:00-04:00,28.45499992370605,28.46999931335449,28.45499992370605,28.46500015258789,28.46500015258789,10044
2023-03-23 11:18:00-04:00,28.459999084472656,28.46500015258789,28.450000762939453,28.450000762939453,28.450000762939453,11605
2023-03-23 11:19:00-04:00,28.450000762939453,28.45499992370605,28.415000915527344,28.415000915527344,28.415000915527344,66090
2023-03-23 11:20:00-04:00,28.420000076293945,28.44499969482422,28.415000915527344,28.434999465942383,28.434999465942383,43667
2023-03-23 11:21:00-04:00,28.440000534057617,28.45499992370605,28.420000076293945,28.45499992370605,28.45499992370605,19055
2023-03-23 11:22:00-04:00,28.450000762939453,28.465999603271484,28.44499969482422,28.45499992370605,28.45499992370605,16319
2023-03-23 11:23:00-04:00,28.45499992370605,28.459999084472656,28.440000534057617,28.45499992370605,28.45499992370605,19363
2023-03-23 11:24:00-04:00,28.450000762939453,28.475000381469727,28.450000762939453,28.46999931335449,28.46999931335449,19819
2023-03-23 11:25:00-04:00,28.479999542236328,28.48500061035156,28.459999084472656,28.46500015258789,28.46500015258789,37250
2023-03-23 11:26:00-04:00,28.461200714111328,28.46500015258789,28.43000030517578,28.440000534057617,28.440000534057617,61620
2023-03-23 11:27:00-04:00,28.44499969482422,28.46999931335449,28.434999465942383,28.45499992370605,28.45499992370605,47524
2023-03-23 11:28:00-04:00,28.45499992370605,28.475000381469727,28.45499992370605,28.46500015258789,28.46500015258789,21434
2023-03-23 11:29:00-04:00,28.459999084472656,28.459999084472656,28.424999237060547,28.434999465942383,28.434999465942383,16300
2023-03-23 11:30:00-04:00,28.440000534057617,28.46500015258789,28.440000534057617,28.46150016784668,28.46150016784668,49494
2023-03-23 11:31:00-04:00,28.459999084472656,28.475000381469727,28.45499992370605,28.475000381469727,28.475000381469727,12907
2023-03-23 11:32:00-04:00,28.475000381469727,28.489900588989254,28.475000381469727,28.475000381469727,28.475000381469727,57461
2023-03-23 11:33:00-04:00,28.475000381469727,28.475000381469727,28.450000762939453,28.45499992370605,28.45499992370605,15424
2023-03-23 11:34:00-04:00,28.450000762939453,28.459999084472656,28.440000534057617,28.459999084472656,28.459999084472656,12439
2023-03-23 11:35:00-04:00,28.459999084472656,28.46999931335449,28.45499992370605,28.46500015258789,28.46500015258789,45317
2023-03-23 11:36:00-04:00,28.46999931335449,28.5,28.46500015258789,28.475000381469727,28.475000381469727,63183
2023-03-23 11:37:00-04:00,28.47780036926269,28.489999771118164,28.475000381469727,28.479999542236328,28.479999542236328,13323
2023-03-23 11:38:00-04:00,28.479999542236328,28.5,28.479999542236328,28.48500061035156,28.48500061035156,27289
2023-03-23 11:39:00-04:00,28.479999542236328,28.489999771118164,28.46500015258789,28.475000381469727,28.475000381469727,17655
2023-03-23 11:40:00-04:00,28.46999931335449,28.48500061035156,28.46999931335449,28.479999542236328,28.479999542236328,8746
2023-03-23 11:41:00-04:00,28.479999542236328,28.489999771118164,28.46999931335449,28.479999542236328,28.479999542236328,11303
2023-03-23 11:42:00-04:00,28.479999542236328,28.479999542236328,28.45499992370605,28.475000381469727,28.475000381469727,38736
2023-03-23 11:43:00-04:00,28.475000381469727,28.479999542236328,28.459999084472656,28.479999542236328,28.479999542236328,13921
2023-03-23 11:44:00-04:00,28.479999542236328,28.48500061035156,28.459999084472656,28.479999542236328,28.479999542236328,20018
2023-03-23 11:45:00-04:00,28.479999542236328,28.4950008392334,28.479999542236328,28.489999771118164,28.489999771118164,10550
2023-03-23 11:46:00-04:00,28.46500015258789,28.46999931335449,28.45499992370605,28.46999931335449,28.46999931335449,58491
2023-03-23 11:47:00-04:00,28.46999931335449,28.5049991607666,28.46999931335449,28.4950008392334,28.4950008392334,40963
2023-03-23 11:48:00-04:00,28.5,28.5,28.479999542236328,28.4950008392334,28.4950008392334,31349
2023-03-23 11:49:00-04:00,28.5,28.5049991607666,28.489999771118164,28.5,28.5,10335
2023-03-23 11:50:00-04:00,28.5,28.51000022888184,28.5,28.5049991607666,28.5049991607666,47836
2023-03-23 11:51:00-04:00,28.51000022888184,28.51000022888184,28.480100631713867,28.48500061035156,28.48500061035156,52100
2023-03-23 11:52:00-04:00,28.479999542236328,28.51000022888184,28.479999542236328,28.5,28.5,82769
2023-03-23 11:53:00-04:00,28.5,28.5049991607666,28.4950008392334,28.5049991607666,28.5049991607666,34098
2023-03-23 11:55:00-04:00,28.4950008392334,28.51000022888184,28.489999771118164,28.5,28.5,92650
2023-03-23 11:56:00-04:00,28.5,28.5049991607666,28.489999771118164,28.4950008392334,28.4950008392334,42960
2023-03-23 11:57:00-04:00,28.4950008392334,28.4950008392334,28.46999931335449,28.479999542236328,28.479999542236328,30396
2023-03-23 11:58:00-04:00,28.479999542236328,28.479999542236328,28.46500015258789,28.46999931335449,28.46999931335449,13565
2023-03-23 11:59:00-04:00,28.459999084472656,28.479999542236328,28.459999084472656,28.46500015258789,28.46500015258789,15405
2023-03-23 12:00:00-04:00,28.46999931335449,28.46999931335449,28.44499969482422,28.450000762939453,28.450000762939453,17987
2023-03-23 12:01:00-04:00,28.450000762939453,28.459999084472656,28.450000762939453,28.459999084472656,28.459999084472656,6801
2023-03-23 12:03:00-04:00,28.45499992370605,28.45499992370605,28.440000534057617,28.440000534057617,28.440000534057617,48533
2023-03-23 12:04:00-04:00,28.440000534057617,28.45499992370605,28.440000534057617,28.45499992370605,28.45499992370605,8387
2023-03-23 12:05:00-04:00,28.459999084472656,28.459999084472656,28.43000030517578,28.45499992370605,28.45499992370605,19059
2023-03-23 12:06:00-04:00,28.450000762939453,28.45499992370605,28.43000030517578,28.434999465942383,28.434999465942383,15485
2023-03-23 12:07:00-04:00,28.43000030517578,28.440000534057617,28.424999237060547,28.43000030517578,28.43000030517578,19179
2023-03-23 12:08:00-04:00,28.434999465942383,28.45499992370605,28.43000030517578,28.45499992370605,28.45499992370605,22834
2023-03-23 12:09:00-04:00,28.45499992370605,28.46500015258789,28.450000762939453,28.459999084472656,28.459999084472656,7165
2023-03-23 12:10:00-04:00,28.45499992370605,28.459999084472656,28.440000534057617,28.45499992370605,28.45499992370605,33710
2023-03-23 12:11:00-04:00,28.450000762939453,28.468900680541992,28.450000762939453,28.46500015258789,28.46500015258789,30516
2023-03-23 12:12:00-04:00,28.459999084472656,28.46999931335449,28.450000762939453,28.458799362182617,28.458799362182617,12603
2023-03-23 12:13:00-04:00,28.450000762939453,28.45499992370605,28.415000915527344,28.420000076293945,28.420000076293945,10673
2023-03-23 12:14:00-04:00,28.420000076293945,28.424999237060547,28.405000686645508,28.40999984741211,28.40999984741211,14106
2023-03-23 12:15:00-04:00,28.40999984741211,28.415000915527344,28.399999618530277,28.399999618530277,28.399999618530277,29706
2023-03-23 12:16:00-04:00,28.405000686645508,28.40999984741211,28.38999938964844,28.40999984741211,28.40999984741211,36607
2023-03-23 12:17:00-04:00,28.40999984741211,28.424999237060547,28.40999984741211,28.420000076293945,28.420000076293945,9398
2023-03-23 12:18:00-04:00,28.420000076293945,28.420000076293945,28.399999618530277,28.399999618530277,28.399999618530277,17358
2023-03-23 12:19:00-04:00,28.399999618530277,28.420000076293945,28.399999618530277,28.420000076293945,28.420000076293945,18731
2023-03-23 12:20:00-04:00,28.424999237060547,28.424999237060547,28.399999618530277,28.40999984741211,28.40999984741211,17128
2023-03-23 12:21:00-04:00,28.405000686645508,28.415000915527344,28.399999618530277,28.399999618530277,28.399999618530277,5030
2023-03-23 12:22:00-04:00,28.399999618530277,28.420000076293945,28.395000457763672,28.420000076293945,28.420000076293945,18067
2023-03-23 12:23:00-04:00,28.420000076293945,28.420000076293945,28.38999938964844,28.405000686645508,28.405000686645508,22689
2023-03-23 12:24:00-04:00,28.40999984741211,28.420000076293945,28.405000686645508,28.40999984741211,28.40999984741211,17645
2023-03-23 12:25:00-04:00,28.40999984741211,28.43000030517578,28.40999984741211,28.40999984741211,28.40999984741211,21519
2023-03-23 12:26:00-04:00,28.415000915527344,28.43000030517578,28.40999984741211,28.424999237060547,28.424999237060547,42225
2023-03-23 12:27:00-04:00,28.424999237060547,28.424999237060547,28.40999984741211,28.415000915527344,28.415000915527344,5937
2023-03-23 12:28:00-04:00,28.420000076293945,28.43000030517578,28.415000915527344,28.420000076293945,28.420000076293945,11640
2023-03-23 12:29:00-04:00,28.420000076293945,28.420000076293945,28.3799991607666,28.395000457763672,28.395000457763672,24451
2023-03-23 12:30:00-04:00,28.395000457763672,28.399999618530277,28.38500022888184,28.38500022888184,28.38500022888184,18602
2023-03-23 12:31:00-04:00,28.38999938964844,28.40999984741211,28.38500022888184,28.40999984741211,28.40999984741211,14562
2023-03-23 12:32:00-04:00,28.415000915527344,28.43000030517578,28.415000915527344,28.420000076293945,28.420000076293945,38704
2023-03-23 12:33:00-04:00,28.420000076293945,28.43000030517578,28.420000076293945,28.420000076293945,28.420000076293945,5778
2023-03-23 12:34:00-04:00,28.43000030517578,28.43000030517578,28.399999618530277,28.405000686645508,28.405000686645508,21203
2023-03-23 12:35:00-04:00,28.40999984741211,28.415000915527344,28.399999618530277,28.405000686645508,28.405000686645508,32122
2023-03-23 12:36:00-04:00,28.405000686645508,28.415000915527344,28.38999938964844,28.405000686645508,28.405000686645508,27114
2023-03-23 12:37:00-04:00,28.405000686645508,28.40999984741211,28.399999618530277,28.405000686645508,28.405000686645508,8374
2023-03-23 12:38:00-04:00,28.407699584960938,28.407699584960938,28.399999618530277,28.399999618530277,28.399999618530277,8157
2023-03-23 12:39:00-04:00,28.40999984741211,28.424999237060547,28.40999984741211,28.420000076293945,28.420000076293945,17435
2023-03-23 12:40:00-04:00,28.420000076293945,28.43000030517578,28.40999984741211,28.40999984741211,28.40999984741211,18189
2023-03-23 12:41:00-04:00,28.40999984741211,28.415000915527344,28.375,28.375,28.375,21649
2023-03-23 12:42:00-04:00,28.3700008392334,28.399999618530277,28.3700008392334,28.399999618530277,28.399999618530277,11388
2023-03-23 12:43:00-04:00,28.38999938964844,28.415000915527344,28.38999938964844,28.415000915527344,28.415000915527344,10007
2023-03-23 12:44:00-04:00,28.420000076293945,28.440000534057617,28.415000915527344,28.43000030517578,28.43000030517578,16701
2023-03-23 12:45:00-04:00,28.424999237060547,28.424999237060547,28.38999938964844,28.38999938964844,28.38999938964844,29292
2023-03-23 12:46:00-04:00,28.38999938964844,28.38999938964844,28.3700008392334,28.375,28.375,9204
2023-03-23 12:47:00-04:00,28.3700008392334,28.3700008392334,28.350000381469727,28.354999542236328,28.354999542236328,33963
2023-03-23 12:48:00-04:00,28.354999542236328,28.3700008392334,28.350000381469727,28.36849975585937,28.36849975585937,11485
2023-03-23 12:49:00-04:00,28.3700008392334,28.375,28.34499931335449,28.3700008392334,28.3700008392334,39900
2023-03-23 12:50:00-04:00,28.3700008392334,28.3700008392334,28.334999084472656,28.334999084472656,28.334999084472656,17606
2023-03-23 12:51:00-04:00,28.334999084472656,28.350000381469727,28.32999992370605,28.34000015258789,28.34000015258789,27426
2023-03-23 12:52:00-04:00,28.334999084472656,28.354999542236328,28.334999084472656,28.354999542236328,28.354999542236328,16352
2023-03-23 12:53:00-04:00,28.350000381469727,28.36000061035156,28.34000015258789,28.34499931335449,28.34499931335449,26174
2023-03-23 12:54:00-04:00,28.34499931335449,28.34499931335449,28.31999969482422,28.31999969482422,28.31999969482422,25029
2023-03-23 12:55:00-04:00,28.31999969482422,28.31999969482422,28.30500030517578,28.309999465942383,28.309999465942383,29358
2023-03-23 12:56:00-04:00,28.309999465942383,28.32889938354492,28.299999237060547,28.299999237060547,28.299999237060547,15146
2023-03-23 12:57:00-04:00,28.295000076293945,28.309999465942383,28.295000076293945,28.309999465942383,28.309999465942383,29591
2023-03-23 12:58:00-04:00,28.315000534057617,28.34000015258789,28.315000534057617,28.34000015258789,28.34000015258789,28852
2023-03-23 12:59:00-04:00,28.334999084472656,28.350000381469727,28.334999084472656,28.34000015258789,28.34000015258789,7693
2023-03-23 13:00:00-04:00,28.34499931335449,28.350000381469727,28.334999084472656,28.34000015258789,28.34000015258789,17343
2023-03-23 13:01:00-04:00,28.34000015258789,28.354999542236328,28.32999992370605,28.334999084472656,28.334999084472656,19489
2023-03-23 13:02:00-04:00,28.34000015258789,28.350000381469727,28.34000015258789,28.34000015258789,28.34000015258789,5530
2023-03-23 13:03:00-04:00,28.34499931335449,28.36000061035156,28.34000015258789,28.354999542236328,28.354999542236328,13255
2023-03-23 13:04:00-04:00,28.36000061035156,28.395000457763672,28.36000061035156,28.38999938964844,28.38999938964844,9064
2023-03-23 13:05:00-04:00,28.399999618530277,28.415000915527344,28.399999618530277,28.399999618530277,28.399999618530277,15844
2023-03-23 13:06:00-04:00,28.405000686645508,28.40999984741211,28.399999618530277,28.405000686645508,28.405000686645508,5588
2023-03-23 13:07:00-04:00,28.40999984741211,28.40999984741211,28.375,28.3799991607666,28.3799991607666,30656
2023-03-23 13:08:00-04:00,28.3700008392334,28.375,28.354999542236328,28.3700008392334,28.3700008392334,12920
2023-03-23 13:09:00-04:00,28.3700008392334,28.3700008392334,28.34000015258789,28.350000381469727,28.350000381469727,17857
2023-03-23 13:10:00-04:00,28.350000381469727,28.354999542236328,28.32999992370605,28.32999992370605,28.32999992370605,29021
2023-03-23 13:11:00-04:00,28.334999084472656,28.334999084472656,28.31999969482422,28.31999969482422,28.31999969482422,4729
2023-03-23 13:12:00-04:00,28.31999969482422,28.31999969482422,28.291000366210938,28.299999237060547,28.299999237060547,25138
2023-03-23 13:13:00-04:00,28.299999237060547,28.334999084472656,28.299999237060547,28.31999969482422,28.31999969482422,10710
2023-03-23 13:14:00-04:00,28.32999992370605,28.340599060058597,28.31999969482422,28.325000762939453,28.325000762939453,19087
2023-03-23 13:15:00-04:00,28.31999969482422,28.325000762939453,28.30500030517578,28.309999465942383,28.309999465942383,28166
2023-03-23 13:16:00-04:00,28.309999465942383,28.315000534057617,28.280000686645508,28.299999237060547,28.299999237060547,30621
2023-03-23 13:17:00-04:00,28.299999237060547,28.315000534057617,28.295000076293945,28.309999465942383,28.309999465942383,14240
2023-03-23 13:18:00-04:00,28.309999465942383,28.309999465942383,28.299999237060547,28.309999465942383,28.309999465942383,7879
2023-03-23 13:19:00-04:00,28.315000534057617,28.334999084472656,28.309999465942383,28.32999992370605,28.32999992370605,14822
2023-03-23 13:20:00-04:00,28.32999992370605,28.350000381469727,28.31999969482422,28.34499931335449,28.34499931335449,13802
2023-03-23 13:21:00-04:00,28.350000381469727,28.36000061035156,28.334999084472656,28.36000061035156,28.36000061035156,21474
2023-03-23 13:22:00-04:00,28.36000061035156,28.3700008392334,28.354999542236328,28.364999771118164,28.364999771118164,35135
2023-03-23 13:23:00-04:00,28.364999771118164,28.3700008392334,28.36000061035156,28.364999771118164,28.364999771118164,6679
2023-03-23 13:24:00-04:00,28.3700008392334,28.3700008392334,28.34000015258789,28.34000015258789,28.34000015258789,19392
2023-03-23 13:25:00-04:00,28.350000381469727,28.350000381469727,28.274999618530277,28.28499984741211,28.28499984741211,63796
2023-03-23 13:26:00-04:00,28.280000686645508,28.290000915527344,28.26000022888184,28.270000457763672,28.270000457763672,16371
2023-03-23 13:27:00-04:00,28.270000457763672,28.280000686645508,28.2549991607666,28.270000457763672,28.270000457763672,21023
2023-03-23 13:28:00-04:00,28.26499938964844,28.325000762939453,28.26499938964844,28.325000762939453,28.325000762939453,25766
2023-03-23 13:29:00-04:00,28.31999969482422,28.31999969482422,28.299999237060547,28.30500030517578,28.30500030517578,11153
2023-03-23 13:30:00-04:00,28.299999237060547,28.32999992370605,28.295000076293945,28.32999992370605,28.32999992370605,17600
2023-03-23 13:31:00-04:00,28.32999992370605,28.334999084472656,28.315000534057617,28.325000762939453,28.325000762939453,33264
2023-03-23 13:32:00-04:00,28.31999969482422,28.34000015258789,28.31999969482422,28.32999992370605,28.32999992370605,15805
2023-03-23 13:33:00-04:00,28.34000015258789,28.34499931335449,28.325000762939453,28.32999992370605,28.32999992370605,16622
2023-03-23 13:34:00-04:00,28.334999084472656,28.334999084472656,28.31999969482422,28.31999969482422,28.31999969482422,6183
2023-03-23 13:35:00-04:00,28.31999969482422,28.34000015258789,28.309999465942383,28.34000015258789,28.34000015258789,28042
2023-03-23 13:36:00-04:00,28.34499931335449,28.36000061035156,28.334999084472656,28.36000061035156,28.36000061035156,19003
2023-03-23 13:37:00-04:00,28.3700008392334,28.3799991607666,28.3700008392334,28.375,28.375,4506
2023-03-23 13:38:00-04:00,28.375,28.38999938964844,28.3700008392334,28.3799991607666,28.3799991607666,590798
2023-03-23 13:39:00-04:00,28.38999938964844,28.415000915527344,28.38999938964844,28.405000686645508,28.405000686645508,26851
2023-03-23 13:40:00-04:00,28.405000686645508,28.43000030517578,28.399999618530277,28.424999237060547,28.424999237060547,22583
2023-03-23 13:41:00-04:00,28.424999237060547,28.46500015258789,28.420000076293945,28.46500015258789,28.46500015258789,25892
2023-03-23 13:42:00-04:00,28.46999931335449,28.479999542236328,28.46999931335449,28.475000381469727,28.475000381469727,10981
2023-03-23 13:43:00-04:00,28.475000381469727,28.489999771118164,28.46500015258789,28.489999771118164,28.489999771118164,15710
2023-03-23 13:44:00-04:00,28.489999771118164,28.5,28.479999542236328,28.48500061035156,28.48500061035156,23219
2023-03-23 13:45:00-04:00,28.479999542236328,28.4950008392334,28.479999542236328,28.4950008392334,28.4950008392334,12058
2023-03-23 13:46:00-04:00,28.4950008392334,28.4950008392334,28.440000534057617,28.440000534057617,28.440000534057617,30170
2023-03-23 13:47:00-04:00,28.440000534057617,28.44499969482422,28.40999984741211,28.434999465942383,28.434999465942383,26998
2023-03-23 13:48:00-04:00,28.43000030517578,28.434999465942383,28.40999984741211,28.424999237060547,28.424999237060547,15985
2023-03-23 13:49:00-04:00,28.43000030517578,28.440000534057617,28.420000076293945,28.440000534057617,28.440000534057617,10804
2023-03-23 13:50:00-04:00,28.450000762939453,28.45929908752441,28.420000076293945,28.43000030517578,28.43000030517578,27561
2023-03-23 13:51:00-04:00,28.43000030517578,28.43000030517578,28.399999618530277,28.415000915527344,28.415000915527344,10629
2023-03-23 13:52:00-04:00,28.40999984741211,28.415000915527344,28.38500022888184,28.399999618530277,28.399999618530277,11850
2023-03-23 13:53:00-04:00,28.399999618530277,28.434999465942383,28.399999618530277,28.43000030517578,28.43000030517578,11338
2023-03-23 13:54:00-04:00,28.43930053710937,28.43930053710937,28.38500022888184,28.38999938964844,28.38999938964844,24979
2023-03-23 13:55:00-04:00,28.38999938964844,28.38999938964844,28.375,28.3799991607666,28.3799991607666,12993
2023-03-23 13:56:00-04:00,28.38500022888184,28.40999984741211,28.38500022888184,28.40999984741211,28.40999984741211,16279
2023-03-23 13:57:00-04:00,28.40999984741211,28.415000915527344,28.38999938964844,28.405000686645508,28.405000686645508,16043
2023-03-23 13:58:00-04:00,28.405000686645508,28.415000915527344,28.38500022888184,28.38500022888184,28.38500022888184,40802
2023-03-23 13:59:00-04:00,28.38500022888184,28.399999618530277,28.3799991607666,28.38999938964844,28.38999938964844,18592
2023-03-23 14:00:00-04:00,28.399999618530277,28.434999465942383,28.395000457763672,28.424999237060547,28.424999237060547,25064
2023-03-23 14:01:00-04:00,28.43000030517578,28.450000762939453,28.43000030517578,28.440000534057617,28.440000534057617,21816
2023-03-23 14:02:00-04:00,28.434999465942383,28.45499992370605,28.399999618530277,28.399999618530277,28.399999618530277,19643
2023-03-23 14:03:00-04:00,28.399999618530277,28.415000915527344,28.395000457763672,28.415000915527344,28.415000915527344,24117
2023-03-23 14:04:00-04:00,28.40999984741211,28.420000076293945,28.40999984741211,28.420000076293945,28.420000076293945,21045
2023-03-23 14:05:00-04:00,28.420000076293945,28.440000534057617,28.399999618530277,28.405000686645508,28.405000686645508,30397
2023-03-23 14:06:00-04:00,28.40800094604492,28.420000076293945,28.3799991607666,28.3799991607666,28.3799991607666,48900
2023-03-23 14:07:00-04:00,28.38999938964844,28.405000686645508,28.38500022888184,28.405000686645508,28.405000686645508,10913
2023-03-23 14:08:00-04:00,28.399999618530277,28.399999618530277,28.3799991607666,28.38500022888184,28.38500022888184,12267
2023-03-23 14:09:00-04:00,28.3799991607666,28.399999618530277,28.375,28.3799991607666,28.3799991607666,20805
2023-03-23 14:10:00-04:00,28.38500022888184,28.386999130249023,28.36000061035156,28.36000061035156,28.36000061035156,24610
2023-03-23 14:11:00-04:00,28.3700008392334,28.375,28.36000061035156,28.364999771118164,28.364999771118164,21712
2023-03-23 14:12:00-04:00,28.364999771118164,28.375,28.36000061035156,28.3700008392334,28.3700008392334,15867
2023-03-23 14:13:00-04:00,28.375,28.38999938964844,28.3700008392334,28.38500022888184,28.38500022888184,18796
2023-03-23 14:14:00-04:00,28.3799991607666,28.38999938964844,28.3700008392334,28.3700008392334,28.3700008392334,12889
2023-03-23 14:15:00-04:00,28.3700008392334,28.375,28.36000061035156,28.364999771118164,28.364999771118164,18153
2023-03-23 14:16:00-04:00,28.36000061035156,28.38500022888184,28.36000061035156,28.3700008392334,28.3700008392334,23524
2023-03-23 14:17:00-04:00,28.3700008392334,28.3700008392334,28.350000381469727,28.350000381469727,28.350000381469727,16397
2023-03-23 14:18:00-04:00,28.350000381469727,28.364999771118164,28.34499931335449,28.36000061035156,28.36000061035156,27213
2023-03-23 14:19:00-04:00,28.3700008392334,28.38500022888184,28.364999771118164,28.364999771118164,28.364999771118164,28361
2023-03-23 14:20:00-04:00,28.364999771118164,28.3700008392334,28.350000381469727,28.350000381469727,28.350000381469727,18710
2023-03-23 14:21:00-04:00,28.354999542236328,28.354999542236328,28.325000762939453,28.325000762939453,28.325000762939453,28579
2023-03-23 14:22:00-04:00,28.325000762939453,28.34499931335449,28.325000762939453,28.32999992370605,28.32999992370605,27533
2023-03-23 14:23:00-04:00,28.34000015258789,28.34000015258789,28.299999237060547,28.299999237060547,28.299999237060547,46540
2023-03-23 14:24:00-04:00,28.299999237060547,28.30500030517578,28.270000457763672,28.270000457763672,28.270000457763672,33322
2023-03-23 14:25:00-04:00,28.280000686645508,28.280000686645508,28.239999771118164,28.239999771118164,28.239999771118164,19836
2023-03-23 14:26:00-04:00,28.239999771118164,28.274999618530277,28.239999771118164,28.274999618530277,28.274999618530277,21543
2023-03-23 14:27:00-04:00,28.274999618530277,28.274999618530277,28.229999542236328,28.23500061035156,28.23500061035156,23027
2023-03-23 14:28:00-04:00,28.229999542236328,28.239999771118164,28.225000381469727,28.23500061035156,28.23500061035156,11562
2023-03-23 14:29:00-04:00,28.229999542236328,28.229999542236328,28.20499992370605,28.20499992370605,28.20499992370605,22061
2023-03-23 14:30:00-04:00,28.200000762939453,28.2450008392334,28.200000762939453,28.2450008392334,28.2450008392334,20708
2023-03-23 14:31:00-04:00,28.239999771118164,28.239999771118164,28.209999084472656,28.21999931335449,28.21999931335449,14116
2023-03-23 14:32:00-04:00,28.225000381469727,28.225000381469727,28.165000915527344,28.170000076293945,28.170000076293945,26712
2023-03-23 14:33:00-04:00,28.170000076293945,28.18000030517578,28.149999618530277,28.165000915527344,28.165000915527344,23897
2023-03-23 14:34:00-04:00,28.15999984741211,28.174999237060547,28.149999618530277,28.174999237060547,28.174999237060547,19314
2023-03-23 14:35:00-04:00,28.170000076293945,28.20499992370605,28.170000076293945,28.19499969482422,28.19499969482422,28115
2023-03-23 14:36:00-04:00,28.200000762939453,28.20499992370605,28.170000076293945,28.170000076293945,28.170000076293945,21986
2023-03-23 14:37:00-04:00,28.170000076293945,28.190000534057617,28.170000076293945,28.18000030517578,28.18000030517578,12106
2023-03-23 14:38:00-04:00,28.18000030517578,28.19499969482422,28.13999938964844,28.13999938964844,28.13999938964844,22773
2023-03-23 14:39:00-04:00,28.149999618530277,28.155000686645508,28.13999938964844,28.13999938964844,28.13999938964844,29255
2023-03-23 14:40:00-04:00,28.145000457763672,28.155000686645508,28.11000061035156,28.125,28.125,20998
2023-03-23 14:41:00-04:00,28.1200008392334,28.1200008392334,28.09000015258789,28.100000381469727,28.100000381469727,33055
2023-03-23 14:42:00-04:00,28.100000381469727,28.11000061035156,28.09000015258789,28.09000015258789,28.09000015258789,18457
2023-03-23 14:43:00-04:00,28.09000015258789,28.100000381469727,28.075000762939453,28.07999992370605,28.07999992370605,12608
2023-03-23 14:44:00-04:00,28.07999992370605,28.07999992370605,28.05500030517578,28.05500030517578,28.05500030517578,18759
2023-03-23 14:45:00-04:00,28.059999465942383,28.1200008392334,28.059999465942383,28.11000061035156,28.11000061035156,24699
2023-03-23 14:46:00-04:00,28.1200008392334,28.125,28.09000015258789,28.09499931335449,28.09499931335449,23009
2023-03-23 14:47:00-04:00,28.09000015258789,28.09499931335449,28.040000915527344,28.040000915527344,28.040000915527344,18322
2023-03-23 14:48:00-04:00,28.040000915527344,28.059999465942383,28.030000686645508,28.05500030517578,28.05500030517578,37003
2023-03-23 14:49:00-04:00,28.05500030517578,28.06999969482422,28.040000915527344,28.06999969482422,28.06999969482422,26308
2023-03-23 14:50:00-04:00,28.065000534057617,28.06999969482422,28.049999237060547,28.065000534057617,28.065000534057617,37725
2023-03-23 14:51:00-04:00,28.06999969482422,28.089399337768555,28.059999465942383,28.084999084472656,28.084999084472656,21959
2023-03-23 14:52:00-04:00,28.09000015258789,28.09000015258789,28.049999237060547,28.05500030517578,28.05500030517578,50758
2023-03-23 14:53:00-04:00,28.05500030517578,28.075000762939453,28.049999237060547,28.059999465942383,28.059999465942383,24418
2023-03-23 14:54:00-04:00,28.059999465942383,28.059999465942383,28.030000686645508,28.038799285888672,28.038799285888672,20367
2023-03-23 14:55:00-04:00,28.030000686645508,28.03499984741211,28.020000457763672,28.03499984741211,28.03499984741211,30834
2023-03-23 14:56:00-04:00,28.030000686645508,28.040000915527344,28.01000022888184,28.040000915527344,28.040000915527344,26060
2023-03-23 14:57:00-04:00,28.045000076293945,28.06999969482422,28.045000076293945,28.065000534057617,28.065000534057617,18992
2023-03-23 14:58:00-04:00,28.065000534057617,28.09000015258789,28.05500030517578,28.09000015258789,28.09000015258789,23761
2023-03-23 14:59:00-04:00,28.100000381469727,28.13999938964844,28.09499931335449,28.13999938964844,28.13999938964844,21955
2023-03-23 15:00:00-04:00,28.13999938964844,28.315000534057617,28.13500022888184,28.30500030517578,28.30500030517578,152625
2023-03-23 15:01:00-04:00,28.30500030517578,28.34000015258789,28.2450008392334,28.274999618530277,28.274999618530277,157907
2023-03-23 15:02:00-04:00,28.280000686645508,28.280000686645508,28.155000686645508,28.170000076293945,28.170000076293945,36115
2023-03-23 15:03:00-04:00,28.174999237060547,28.225000381469727,28.174999237060547,28.21999931335449,28.21999931335449,35170
2023-03-23 15:04:00-04:00,28.21500015258789,28.21500015258789,28.18000030517578,28.190000534057617,28.190000534057617,28564
2023-03-23 15:05:00-04:00,28.200000762939453,28.20499992370605,28.15999984741211,28.165000915527344,28.165000915527344,23938
2023-03-23 15:06:00-04:00,28.15999984741211,28.19499969482422,28.15999984741211,28.165000915527344,28.165000915527344,25314
2023-03-23 15:07:00-04:00,28.170000076293945,28.174999237060547,28.1299991607666,28.13500022888184,28.13500022888184,30004
2023-03-23 15:08:00-04:00,28.13500022888184,28.149999618530277,28.11000061035156,28.149999618530277,28.149999618530277,129516
2023-03-23 15:09:00-04:00,28.149999618530277,28.21500015258789,28.149999618530277,28.21500015258789,28.21500015258789,35102
2023-03-23 15:10:00-04:00,28.21500015258789,28.23500061035156,28.209999084472656,28.225000381469727,28.225000381469727,40864
2023-03-23 15:11:00-04:00,28.225000381469727,28.25,28.20499992370605,28.209999084472656,28.209999084472656,80961
2023-03-23 15:12:00-04:00,28.21500015258789,28.23500061035156,28.200000762939453,28.209999084472656,28.209999084472656,34579
2023-03-23 15:13:00-04:00,28.20499992370605,28.20499992370605,28.15999984741211,28.165000915527344,28.165000915527344,42396
2023-03-23 15:14:00-04:00,28.170000076293945,28.18000030517578,28.149999618530277,28.18000030517578,28.18000030517578,33596
2023-03-23 15:15:00-04:00,28.174999237060547,28.209999084472656,28.154300689697266,28.155000686645508,28.155000686645508,30858
2023-03-23 15:16:00-04:00,28.15999984741211,28.174999237060547,28.1299991607666,28.13999938964844,28.13999938964844,34460
2023-03-23 15:17:00-04:00,28.145000457763672,28.18000030517578,28.13500022888184,28.13999938964844,28.13999938964844,42769
2023-03-23 15:18:00-04:00,28.13500022888184,28.145000457763672,28.084999084472656,28.09000015258789,28.09000015258789,90867
2023-03-23 15:19:00-04:00,28.09499931335449,28.100000381469727,28.045000076293945,28.05500030517578,28.05500030517578,47234
2023-03-23 15:20:00-04:00,28.045000076293945,28.059999465942383,28.0,28.0,28.0,82531
2023-03-23 15:21:00-04:00,27.9950008392334,28.01499938964844,27.979999542236328,27.9950008392334,27.9950008392334,144694
2023-03-23 15:22:00-04:00,27.989999771118164,28.059999465942383,27.989999771118164,28.05500030517578,28.05500030517578,47166
2023-03-23 15:23:00-04:00,28.049999237060547,28.09000015258789,28.030000686645508,28.075000762939453,28.075000762939453,57152
2023-03-23 15:24:00-04:00,28.075000762939453,28.104999542236328,28.065000534057617,28.104999542236328,28.104999542236328,37648
2023-03-23 15:25:00-04:00,28.104999542236328,28.1200008392334,28.084999084472656,28.11000061035156,28.11000061035156,42089
2023-03-23 15:26:00-04:00,28.11000061035156,28.1200008392334,28.09499931335449,28.104999542236328,28.104999542236328,25652
2023-03-23 15:27:00-04:00,28.104999542236328,28.149999618530277,28.104999542236328,28.1299991607666,28.1299991607666,82325
2023-03-23 15:28:00-04:00,28.1299991607666,28.13500022888184,28.09000015258789,28.11000061035156,28.11000061035156,74318
2023-03-23 15:29:00-04:00,28.11000061035156,28.1200008392334,28.100000381469727,28.100000381469727,28.100000381469727,28176
2023-03-23 15:30:00-04:00,28.100000381469727,28.11000061035156,28.07999992370605,28.07999992370605,28.07999992370605,70339
2023-03-23 15:31:00-04:00,28.075000762939453,28.100000381469727,28.049999237060547,28.07999992370605,28.07999992370605,67481
2023-03-23 15:32:00-04:00,28.07999992370605,28.1299991607666,28.07999992370605,28.100000381469727,28.100000381469727,46230
2023-03-23 15:33:00-04:00,28.11000061035156,28.11000061035156,28.06999969482422,28.07999992370605,28.07999992370605,46937
2023-03-23 15:34:00-04:00,28.07999992370605,28.104999542236328,28.075000762939453,28.09499931335449,28.09499931335449,47210
2023-03-23 15:35:00-04:00,28.100000381469727,28.13999938964844,28.09499931335449,28.1200008392334,28.1200008392334,52346
2023-03-23 15:36:00-04:00,28.1200008392334,28.15999984741211,28.100000381469727,28.1299991607666,28.1299991607666,41030
2023-03-23 15:37:00-04:00,28.13999938964844,28.149999618530277,28.1200008392334,28.1299991607666,28.1299991607666,39818
2023-03-23 15:38:00-04:00,28.13500022888184,28.13500022888184,28.09000015258789,28.100000381469727,28.100000381469727,43124
2023-03-23 15:39:00-04:00,28.11000061035156,28.1200008392334,28.09499931335449,28.10140037536621,28.10140037536621,30591
2023-03-23 15:40:00-04:00,28.100000381469727,28.104999542236328,28.059999465942383,28.059999465942383,28.059999465942383,64696
2023-03-23 15:41:00-04:00,28.06010055541992,28.104999542236328,28.049999237060547,28.09000015258789,28.09000015258789,72471
2023-03-23 15:42:00-04:00,28.084999084472656,28.09499931335449,28.05500030517578,28.09499931335449,28.09499931335449,45024
2023-03-23 15:43:00-04:00,28.09499931335449,28.114999771118164,28.07999992370605,28.09000015258789,28.09000015258789,39612
2023-03-23 15:44:00-04:00,28.100000381469727,28.100000381469727,28.06999969482422,28.084999084472656,28.084999084472656,26800
2023-03-23 15:45:00-04:00,28.07999992370605,28.13999938964844,28.07999992370605,28.11000061035156,28.11000061035156,57935
2023-03-23 15:46:00-04:00,28.114999771118164,28.149999618530277,28.11000061035156,28.13500022888184,28.13500022888184,63753
2023-03-23 15:47:00-04:00,28.13500022888184,28.159900665283203,28.125,28.145000457763672,28.145000457763672,48248
2023-03-23 15:48:00-04:00,28.13999938964844,28.145000457763672,28.09000015258789,28.11000061035156,28.11000061035156,88134
2023-03-23 15:49:00-04:00,28.104999542236328,28.11000061035156,28.09000015258789,28.100000381469727,28.100000381469727,46304
2023-03-23 15:50:00-04:00,28.09000015258789,28.20499992370605,28.09000015258789,28.184999465942383,28.184999465942383,174478
2023-03-23 15:51:00-04:00,28.184999465942383,28.190000534057617,28.13500022888184,28.13999938964844,28.13999938964844,94881
2023-03-23 15:52:00-04:00,28.13999938964844,28.145000457763672,28.11000061035156,28.114999771118164,28.114999771118164,115576
2023-03-23 15:53:00-04:00,28.11000061035156,28.149999618530277,28.100000381469727,28.149999618530277,28.149999618530277,113460
2023-03-23 15:54:00-04:00,28.149999618530277,28.15999984741211,28.114999771118164,28.125,28.125,192022
2023-03-23 15:55:00-04:00,28.125,28.13999938964844,28.07999992370605,28.09499931335449,28.09499931335449,170495
2023-03-23 15:56:00-04:00,28.09499931335449,28.11000061035156,28.07999992370605,28.084999084472656,28.084999084472656,131639
2023-03-23 15:57:00-04:00,28.07999992370605,28.11000061035156,28.07999992370605,28.09499931335449,28.09499931335449,204757
2023-03-23 15:58:00-04:00,28.09499931335449,28.114999771118164,28.06999969482422,28.06999969482422,28.06999969482422,241644
2023-03-23 15:59:00-04:00,28.06999969482422,28.07999992370605,28.040000915527344,28.06999969482422,28.06999969482422,820354
2023-03-24 09:30:00-04:00,27.780000686645508,27.84000015258789,27.670000076293945,27.780000686645508,27.780000686645508,150487
2023-03-24 09:31:00-04:00,27.770000457763672,27.78499984741211,27.709999084472656,27.780000686645508,27.780000686645508,40589
2023-03-24 09:32:00-04:00,27.780000686645508,27.84000015258789,27.774999618530277,27.83989906311035,27.83989906311035,46370
2023-03-24 09:33:00-04:00,27.834999084472656,27.834999084472656,27.770000457763672,27.774999618530277,27.774999618530277,21507
2023-03-24 09:34:00-04:00,27.780000686645508,27.81999969482422,27.780000686645508,27.815000534057617,27.815000534057617,17820
2023-03-24 09:35:00-04:00,27.815000534057617,27.850000381469727,27.809999465942383,27.850000381469727,27.850000381469727,25967
2023-03-24 09:36:00-04:00,27.850000381469727,27.88500022888184,27.84499931335449,27.8799991607666,27.8799991607666,16178
2023-03-24 09:37:00-04:00,27.875,27.895000457763672,27.854999542236328,27.8700008392334,27.8700008392334,17605
2023-03-24 09:38:00-04:00,27.8700008392334,27.8799991607666,27.84000015258789,27.84000015258789,27.84000015258789,18961
2023-03-24 09:39:00-04:00,27.84499931335449,27.86000061035156,27.809999465942383,27.84000015258789,27.84000015258789,56079
2023-03-24 09:40:00-04:00,27.84000015258789,27.850000381469727,27.81999969482422,27.84000015258789,27.84000015258789,15015
2023-03-24 09:41:00-04:00,27.84000015258789,27.850000381469727,27.81999969482422,27.82999992370605,27.82999992370605,32951
2023-03-24 09:42:00-04:00,27.82999992370605,27.82999992370605,27.790000915527344,27.799999237060547,27.799999237060547,30224
2023-03-24 09:43:00-04:00,27.799999237060547,27.799999237060547,27.76000022888184,27.774999618530277,27.774999618530277,22630
2023-03-24 09:44:00-04:00,27.774999618530277,27.790000915527344,27.75,27.76000022888184,27.76000022888184,35741
2023-03-24 09:45:00-04:00,27.76000022888184,27.76000022888184,27.68000030517578,27.71999931335449,27.71999931335449,74341
2023-03-24 09:46:00-04:00,27.71999931335449,27.73500061035156,27.68090057373047,27.690000534057617,27.690000534057617,27800
2023-03-24 09:47:00-04:00,27.700000762939453,27.71999931335449,27.649999618530277,27.65999984741211,27.65999984741211,50860
2023-03-24 09:48:00-04:00,27.65999984741211,27.668800354003903,27.6299991607666,27.63999938964844,27.63999938964844,27889
2023-03-24 09:49:00-04:00,27.63999938964844,27.65999984741211,27.600000381469727,27.655000686645508,27.655000686645508,73149
2023-03-24 09:50:00-04:00,27.649999618530277,27.709999084472656,27.649999618530277,27.700000762939453,27.700000762939453,40247
2023-03-24 09:51:00-04:00,27.70499992370605,27.729999542236328,27.69499969482422,27.700000762939453,27.700000762939453,32589
2023-03-24 09:52:00-04:00,27.70890045166016,27.729999542236328,27.700000762939453,27.71999931335449,27.71999931335449,51038
2023-03-24 09:53:00-04:00,27.71999931335449,27.7549991607666,27.70499992370605,27.70499992370605,27.70499992370605,32900
2023-03-24 09:54:00-04:00,27.709999084472656,27.71999931335449,27.690000534057617,27.709999084472656,27.709999084472656,47174
2023-03-24 09:55:00-04:00,27.71500015258789,27.71999931335449,27.700000762939453,27.71500015258789,27.71500015258789,44810
2023-03-24 09:56:00-04:00,27.71500015258789,27.73500061035156,27.700000762939453,27.725000381469727,27.725000381469727,39995
2023-03-24 09:57:00-04:00,27.71999931335449,27.770000457763672,27.71999931335449,27.76000022888184,27.76000022888184,40389
2023-03-24 09:58:00-04:00,27.76000022888184,27.80500030517578,27.750099182128903,27.80500030517578,27.80500030517578,78043
2023-03-24 09:59:00-04:00,27.799999237060547,27.84000015258789,27.799999237060547,27.84000015258789,27.84000015258789,55407
2023-03-24 10:00:00-04:00,27.84000015258789,27.854999542236328,27.815000534057617,27.82999992370605,27.82999992370605,63607
2023-03-24 10:01:00-04:00,27.82999992370605,27.86000061035156,27.809999465942383,27.809999465942383,27.809999465942383,50308
2023-03-24 10:02:00-04:00,27.809999465942383,27.82999992370605,27.780000686645508,27.780000686645508,27.780000686645508,53929
2023-03-24 10:03:00-04:00,27.780000686645508,27.795000076293945,27.76000022888184,27.774999618530277,27.774999618530277,45021
2023-03-24 10:04:00-04:00,27.770000457763672,27.780000686645508,27.739999771118164,27.76000022888184,27.76000022888184,57817
2023-03-24 10:05:00-04:00,27.7549991607666,27.809999465942383,27.75,27.78499984741211,27.78499984741211,24564
2023-03-24 10:06:00-04:00,27.78499984741211,27.809999465942383,27.780000686645508,27.799999237060547,27.799999237060547,30450
2023-03-24 10:07:00-04:00,27.799999237060547,27.850000381469727,27.790000915527344,27.82999992370605,27.82999992370605,32981
2023-03-24 10:08:00-04:00,27.81999969482422,27.81999969482422,27.780000686645508,27.795000076293945,27.795000076293945,28576
2023-03-24 10:09:00-04:00,27.799999237060547,27.809999465942383,27.78499984741211,27.80500030517578,27.80500030517578,25109
2023-03-24 10:10:00-04:00,27.80900001525879,27.81999969482422,27.78499984741211,27.795000076293945,27.795000076293945,25036
2023-03-24 10:11:00-04:00,27.799999237060547,27.82999992370605,27.795000076293945,27.80500030517578,27.80500030517578,16474
2023-03-24 10:12:00-04:00,27.799999237060547,27.81999969482422,27.78499984741211,27.81999969482422,27.81999969482422,42713
2023-03-24 10:13:00-04:00,27.81999969482422,27.88999938964844,27.81999969482422,27.8799991607666,27.8799991607666,19076
2023-03-24 10:14:00-04:00,27.88999938964844,27.90999984741211,27.850000381469727,27.850000381469727,27.850000381469727,61340
2023-03-24 10:15:00-04:00,27.850000381469727,27.854999542236328,27.76000022888184,27.76499938964844,27.76499938964844,50162
2023-03-24 10:16:00-04:00,27.76000022888184,27.799999237060547,27.739999771118164,27.78499984741211,27.78499984741211,40845
2023-03-24 10:17:00-04:00,27.780000686645508,27.799999237060547,27.739999771118164,27.78499984741211,27.78499984741211,56454
2023-03-24 10:18:00-04:00,27.78499984741211,27.82999992370605,27.78499984741211,27.82999992370605,27.82999992370605,62509
2023-03-24 10:19:00-04:00,27.81999969482422,27.82999992370605,27.76499938964844,27.795000076293945,27.795000076293945,47266
2023-03-24 10:20:00-04:00,27.795000076293945,27.795000076293945,27.7549991607666,27.7549991607666,27.7549991607666,25219
2023-03-24 10:21:00-04:00,27.76000022888184,27.770000457763672,27.700000762939453,27.71999931335449,27.71999931335449,39411
2023-03-24 10:22:00-04:00,27.709999084472656,27.729999542236328,27.69289970397949,27.725000381469727,27.725000381469727,35897
2023-03-24 10:23:00-04:00,27.725000381469727,27.75,27.725000381469727,27.74959945678711,27.74959945678711,22015
2023-03-24 10:24:00-04:00,27.75,27.76000022888184,27.739999771118164,27.75,27.75,24762
2023-03-24 10:25:00-04:00,27.7450008392334,27.780000686645508,27.7450008392334,27.76499938964844,27.76499938964844,22620
2023-03-24 10:26:00-04:00,27.770000457763672,27.81999969482422,27.76499938964844,27.799999237060547,27.799999237060547,32519
2023-03-24 10:27:00-04:00,27.80500030517578,27.84000015258789,27.80500030517578,27.82999992370605,27.82999992370605,15209
2023-03-24 10:28:00-04:00,27.82999992370605,27.850000381469727,27.80500030517578,27.850000381469727,27.850000381469727,27999
2023-03-24 10:29:00-04:00,27.850000381469727,27.8700008392334,27.850000381469727,27.86000061035156,27.86000061035156,40241
2023-03-24 10:30:00-04:00,27.8700008392334,27.88999938964844,27.850000381469727,27.8799991607666,27.8799991607666,36265
2023-03-24 10:31:00-04:00,27.8799991607666,27.90999984741211,27.8700008392334,27.8799991607666,27.8799991607666,39982
2023-03-24 10:32:00-04:00,27.8799991607666,27.8799991607666,27.86000061035156,27.864999771118164,27.864999771118164,18083
2023-03-24 10:33:00-04:00,27.8700008392334,27.90999984741211,27.850000381469727,27.895000457763672,27.895000457763672,48264
2023-03-24 10:34:00-04:00,27.895000457763672,27.899999618530277,27.850000381469727,27.86000061035156,27.86000061035156,48174
2023-03-24 10:35:00-04:00,27.8700008392334,27.8700008392334,27.815000534057617,27.825000762939453,27.825000762939453,49133
2023-03-24 10:36:00-04:00,27.81999969482422,27.81999969482422,27.76000022888184,27.770000457763672,27.770000457763672,12071
2023-03-24 10:37:00-04:00,27.770000457763672,27.780000686645508,27.75,27.774999618530277,27.774999618530277,37769
2023-03-24 10:38:00-04:00,27.770000457763672,27.790000915527344,27.770000457763672,27.774999618530277,27.774999618530277,17251
2023-03-24 10:39:00-04:00,27.774999618530277,27.780000686645508,27.7450008392334,27.76000022888184,27.76000022888184,10089
2023-03-24 10:40:00-04:00,27.75,27.7549991607666,27.729999542236328,27.7549991607666,27.7549991607666,38728
2023-03-24 10:41:00-04:00,27.75,27.774999618530277,27.75,27.774999618530277,27.774999618530277,39352
2023-03-24 10:42:00-04:00,27.770000457763672,27.774999618530277,27.75,27.75,27.75,29425
2023-03-24 10:43:00-04:00,27.739999771118164,27.739999771118164,27.709999084472656,27.71999931335449,27.71999931335449,27053
2023-03-24 10:44:00-04:00,27.71999931335449,27.71999931335449,27.69499969482422,27.71500015258789,27.71500015258789,30712
2023-03-24 10:45:00-04:00,27.71500015258789,27.76000022888184,27.71500015258789,27.76000022888184,27.76000022888184,110653
2023-03-24 10:46:00-04:00,27.75,27.770000457763672,27.729999542236328,27.739999771118164,27.739999771118164,56246
2023-03-24 10:47:00-04:00,27.739999771118164,27.75,27.70499992370605,27.709999084472656,27.709999084472656,25661
2023-03-24 10:48:00-04:00,27.71999931335449,27.729999542236328,27.700000762939453,27.725000381469727,27.725000381469727,36326
2023-03-24 10:49:00-04:00,27.729999542236328,27.739999771118164,27.70499992370605,27.70499992370605,27.70499992370605,14235
2023-03-24 10:50:00-04:00,27.700000762939453,27.7549991607666,27.69499969482422,27.7549991607666,27.7549991607666,53519
2023-03-24 10:51:00-04:00,27.76000022888184,27.770000457763672,27.725000381469727,27.729999542236328,27.729999542236328,14368
2023-03-24 10:52:00-04:00,27.729999542236328,27.7450008392334,27.71999931335449,27.7450008392334,27.7450008392334,18481
2023-03-24 10:53:00-04:00,27.7450008392334,27.7549991607666,27.729999542236328,27.7549991607666,27.7549991607666,17087
2023-03-24 10:54:00-04:00,27.75,27.76499938964844,27.7450008392334,27.76000022888184,27.76000022888184,15344
2023-03-24 10:55:00-04:00,27.76000022888184,27.780000686645508,27.75,27.780000686645508,27.780000686645508,19588
2023-03-24 10:56:00-04:00,27.780000686645508,27.799999237060547,27.774999618530277,27.799999237060547,27.799999237060547,34211
2023-03-24 10:57:00-04:00,27.799999237060547,27.809999465942383,27.790000915527344,27.80500030517578,27.80500030517578,22711
2023-03-24 10:58:00-04:00,27.799999237060547,27.799999237060547,27.770000457763672,27.770000457763672,27.770000457763672,13429
2023-03-24 10:59:00-04:00,27.770000457763672,27.795000076293945,27.770000457763672,27.78499984741211,27.78499984741211,38029
2023-03-24 11:00:00-04:00,27.78499984741211,27.799999237060547,27.75,27.76000022888184,27.76000022888184,26840
2023-03-24 11:01:00-04:00,27.7549991607666,27.770000457763672,27.75,27.751100540161133,27.751100540161133,27996
2023-03-24 11:02:00-04:00,27.75,27.770000457763672,27.7450008392334,27.76000022888184,27.76000022888184,18131
2023-03-24 11:03:00-04:00,27.76000022888184,27.80500030517578,27.76000022888184,27.80500030517578,27.80500030517578,25884
2023-03-24 11:04:00-04:00,27.799999237060547,27.84000015258789,27.799999237060547,27.81999969482422,27.81999969482422,27652
2023-03-24 11:05:00-04:00,27.825000762939453,27.84000015258789,27.825000762939453,27.82999992370605,27.82999992370605,16752
2023-03-24 11:06:00-04:00,27.825000762939453,27.825000762939453,27.799999237060547,27.81999969482422,27.81999969482422,53080
2023-03-24 11:07:00-04:00,27.81999969482422,27.81999969482422,27.790000915527344,27.790000915527344,27.790000915527344,23859
2023-03-24 11:08:00-04:00,27.790000915527344,27.790000915527344,27.770000457763672,27.774999618530277,27.774999618530277,23813
2023-03-24 11:09:00-04:00,27.770000457763672,27.790000915527344,27.76000022888184,27.76000022888184,27.76000022888184,12373
2023-03-24 11:10:00-04:00,27.76000022888184,27.770000457763672,27.729999542236328,27.7450008392334,27.7450008392334,36276
2023-03-24 11:11:00-04:00,27.739999771118164,27.75,27.709999084472656,27.71999931335449,27.71999931335449,24891
2023-03-24 11:12:00-04:00,27.71999931335449,27.7549991607666,27.709999084472656,27.7549991607666,27.7549991607666,19236
2023-03-24 11:13:00-04:00,27.75,27.75,27.729999542236328,27.7455997467041,27.7455997467041,22087
2023-03-24 11:14:00-04:00,27.7450008392334,27.7450008392334,27.71999931335449,27.73500061035156,27.73500061035156,11963
2023-03-24 11:15:00-04:00,27.729999542236328,27.780000686645508,27.729999542236328,27.770000457763672,27.770000457763672,14854
2023-03-24 11:16:00-04:00,27.780000686645508,27.78499984741211,27.75,27.76000022888184,27.76000022888184,17082
2023-03-24 11:17:00-04:00,27.76000022888184,27.770000457763672,27.7549991607666,27.76000022888184,27.76000022888184,20123
2023-03-24 11:18:00-04:00,27.76000022888184,27.770000457763672,27.75,27.76000022888184,27.76000022888184,11926
2023-03-24 11:19:00-04:00,27.7549991607666,27.7549991607666,27.71999931335449,27.73500061035156,27.73500061035156,57664
2023-03-24 11:20:00-04:00,27.73500061035156,27.770000457763672,27.729999542236328,27.76499938964844,27.76499938964844,35415
2023-03-24 11:21:00-04:00,27.76000022888184,27.799999237060547,27.7549991607666,27.770000457763672,27.770000457763672,13997
2023-03-24 11:22:00-04:00,27.774999618530277,27.774999618530277,27.75,27.75,27.75,17206
2023-03-24 11:23:00-04:00,27.75,27.7549991607666,27.739999771118164,27.75,27.75,17386
2023-03-24 11:24:00-04:00,27.75,27.774999618530277,27.75,27.76499938964844,27.76499938964844,18273
2023-03-24 11:25:00-04:00,27.770000457763672,27.790000915527344,27.76499938964844,27.789899826049805,27.789899826049805,7275
2023-03-24 11:26:00-04:00,27.78499984741211,27.799999237060547,27.770000457763672,27.790000915527344,27.790000915527344,25768
2023-03-24 11:27:00-04:00,27.790000915527344,27.799999237060547,27.770000457763672,27.774999618530277,27.774999618530277,9264
2023-03-24 11:28:00-04:00,27.770000457763672,27.774999618530277,27.75,27.76000022888184,27.76000022888184,10577
2023-03-24 11:29:00-04:00,27.7549991607666,27.770000457763672,27.75,27.75,27.75,16333
2023-03-24 11:30:00-04:00,27.75,27.7549991607666,27.739999771118164,27.739999771118164,27.739999771118164,14427
2023-03-24 11:31:00-04:00,27.739999771118164,27.75,27.73500061035156,27.75,27.75,23477
2023-03-24 11:32:00-04:00,27.740100860595703,27.7450008392334,27.71999931335449,27.729999542236328,27.729999542236328,45311
2023-03-24 11:33:00-04:00,27.739999771118164,27.75,27.729999542236328,27.729999542236328,27.729999542236328,27810
2023-03-24 11:34:00-04:00,27.739999771118164,27.7450008392334,27.73500061035156,27.73500061035156,27.73500061035156,12023
2023-03-24 11:35:00-04:00,27.739999771118164,27.770000457763672,27.729999542236328,27.770000457763672,27.770000457763672,27421
2023-03-24 11:36:00-04:00,27.76499938964844,27.780000686645508,27.76499938964844,27.770000457763672,27.770000457763672,21567
2023-03-24 11:37:00-04:00,27.770000457763672,27.770000457763672,27.75,27.75300025939941,27.75300025939941,8779
2023-03-24 11:38:00-04:00,27.76000022888184,27.76000022888184,27.75,27.7549991607666,27.7549991607666,14528
2023-03-24 11:39:00-04:00,27.750999450683597,27.7549991607666,27.73500061035156,27.7549991607666,27.7549991607666,26415
2023-03-24 11:40:00-04:00,27.7549991607666,27.770000457763672,27.7549991607666,27.770000457763672,27.770000457763672,20944
2023-03-24 11:41:00-04:00,27.76499938964844,27.774999618530277,27.75,27.7549991607666,27.7549991607666,18397
2023-03-24 11:42:00-04:00,27.75,27.790000915527344,27.75,27.790000915527344,27.790000915527344,18802
2023-03-24 11:43:00-04:00,27.790000915527344,27.809999465942383,27.780000686645508,27.80500030517578,27.80500030517578,27472
2023-03-24 11:44:00-04:00,27.80500030517578,27.809999465942383,27.799999237060547,27.80500030517578,27.80500030517578,8321
2023-03-24 11:45:00-04:00,27.80500030517578,27.854999542236328,27.80500030517578,27.854999542236328,27.854999542236328,49216
2023-03-24 11:46:00-04:00,27.86000061035156,27.90999984741211,27.854999542236328,27.88999938964844,27.88999938964844,30612
2023-03-24 11:47:00-04:00,27.88999938964844,27.88999938964844,27.864999771118164,27.864999771118164,27.864999771118164,16728
2023-03-24 11:48:00-04:00,27.864999771118164,27.88999938964844,27.850000381469727,27.8700008392334,27.8700008392334,41734
2023-03-24 11:49:00-04:00,27.8700008392334,27.87779998779297,27.854999542236328,27.854999542236328,27.854999542236328,20844
2023-03-24 11:50:00-04:00,27.854999542236328,27.854999542236328,27.825000762939453,27.825000762939453,27.825000762939453,39038
2023-03-24 11:51:00-04:00,27.82999992370605,27.82999992370605,27.809999465942383,27.82999992370605,27.82999992370605,44711
2023-03-24 11:52:00-04:00,27.82999992370605,27.834999084472656,27.799999237060547,27.799999237060547,27.799999237060547,37117
2023-03-24 11:53:00-04:00,27.809999465942383,27.82999992370605,27.80500030517578,27.825000762939453,27.825000762939453,28468
2023-03-24 11:54:00-04:00,27.82999992370605,27.82999992370605,27.81999969482422,27.825000762939453,27.825000762939453,12417
2023-03-24 11:55:00-04:00,27.825000762939453,27.854999542236328,27.81999969482422,27.850000381469727,27.850000381469727,48505
2023-03-24 11:56:00-04:00,27.86000061035156,27.88999938964844,27.854999542236328,27.864999771118164,27.864999771118164,53876
2023-03-24 11:57:00-04:00,27.8700008392334,27.88999938964844,27.825000762939453,27.82999992370605,27.82999992370605,194475
2023-03-24 11:58:00-04:00,27.82999992370605,27.834999084472656,27.81999969482422,27.81999969482422,27.81999969482422,14884
2023-03-24 11:59:00-04:00,27.82999992370605,27.850000381469727,27.81999969482422,27.834999084472656,27.834999084472656,56800
2023-03-24 12:00:00-04:00,27.84000015258789,27.8700008392334,27.82999992370605,27.8700008392334,27.8700008392334,37888
2023-03-24 12:01:00-04:00,27.8700008392334,27.90999984741211,27.864999771118164,27.905000686645508,27.905000686645508,40063
2023-03-24 12:02:00-04:00,27.90999984741211,27.920000076293945,27.8799991607666,27.88999938964844,27.88999938964844,39424
2023-03-24 12:04:00-04:00,27.90999984741211,27.90999984741211,27.8799991607666,27.88999938964844,27.88999938964844,198353
2023-03-24 12:05:00-04:00,27.88500022888184,27.88500022888184,27.864999771118164,27.8799991607666,27.8799991607666,37810
2023-03-24 12:06:00-04:00,27.8799991607666,27.88500022888184,27.864999771118164,27.88500022888184,27.88500022888184,30857
2023-03-24 12:07:00-04:00,27.88500022888184,27.899999618530277,27.8799991607666,27.895000457763672,27.895000457763672,21226
2023-03-24 12:08:00-04:00,27.895000457763672,27.905000686645508,27.8799991607666,27.88500022888184,27.88500022888184,30904
2023-03-24 12:09:00-04:00,27.88500022888184,27.88999938964844,27.8700008392334,27.88500022888184,27.88500022888184,77158
2023-03-24 12:10:00-04:00,27.88500022888184,27.915000915527344,27.88500022888184,27.895000457763672,27.895000457763672,37906
2023-03-24 12:11:00-04:00,27.88999938964844,27.895000457763672,27.850000381469727,27.864999771118164,27.864999771118164,33794
2023-03-24 12:12:00-04:00,27.864999771118164,27.864999771118164,27.825000762939453,27.82999992370605,27.82999992370605,19533
2023-03-24 12:13:00-04:00,27.82999992370605,27.82999992370605,27.795000076293945,27.799999237060547,27.799999237060547,33043
2023-03-24 12:14:00-04:00,27.809999465942383,27.809999465942383,27.780000686645508,27.790000915527344,27.790000915527344,9850
2023-03-24 12:15:00-04:00,27.790000915527344,27.80500030517578,27.780000686645508,27.80500030517578,27.80500030517578,16576
2023-03-24 12:16:00-04:00,27.82999992370605,27.850000381469727,27.825000762939453,27.84499931335449,27.84499931335449,85554
2023-03-24 12:17:00-04:00,27.84499931335449,27.854999542236328,27.84000015258789,27.850000381469727,27.850000381469727,86633
2023-03-24 12:18:00-04:00,27.850000381469727,27.854999542236328,27.80500030517578,27.815000534057617,27.815000534057617,44556
2023-03-24 12:19:00-04:00,27.799999237060547,27.809999465942383,27.780000686645508,27.809999465942383,27.809999465942383,20049
2023-03-24 12:20:00-04:00,27.80500030517578,27.81999969482422,27.80500030517578,27.80500030517578,27.80500030517578,25668
2023-03-24 12:21:00-04:00,27.80500030517578,27.80500030517578,27.795000076293945,27.799999237060547,27.799999237060547,32606
2023-03-24 12:22:00-04:00,27.80500030517578,27.84499931335449,27.799999237060547,27.834999084472656,27.834999084472656,20690
2023-03-24 12:23:00-04:00,27.834999084472656,27.850000381469727,27.82999992370605,27.834999084472656,27.834999084472656,12972
2023-03-24 12:24:00-04:00,27.82999992370605,27.86000061035156,27.82999992370605,27.86000061035156,27.86000061035156,10655
2023-03-24 12:25:00-04:00,27.854999542236328,27.8700008392334,27.854999542236328,27.864999771118164,27.864999771118164,15528
2023-03-24 12:26:00-04:00,27.86000061035156,27.8700008392334,27.850000381469727,27.854999542236328,27.854999542236328,23133
2023-03-24 12:27:00-04:00,27.86000061035156,27.88500022888184,27.854999542236328,27.8799991607666,27.8799991607666,25813
2023-03-24 12:28:00-04:00,27.8799991607666,27.88999938964844,27.8700008392334,27.88500022888184,27.88500022888184,9371
2023-03-24 12:29:00-04:00,27.88500022888184,27.905000686645508,27.8799991607666,27.905000686645508,27.905000686645508,11216
2023-03-24 12:30:00-04:00,27.899999618530277,27.90999984741211,27.88999938964844,27.895000457763672,27.895000457763672,18636
2023-03-24 12:31:00-04:00,27.895000457763672,27.89949989318848,27.8700008392334,27.88999938964844,27.88999938964844,23061
2023-03-24 12:32:00-04:00,27.88500022888184,27.91790008544922,27.88500022888184,27.91790008544922,27.91790008544922,35685
2023-03-24 12:33:00-04:00,27.90999984741211,27.910600662231445,27.88999938964844,27.905000686645508,27.905000686645508,45953
2023-03-24 12:34:00-04:00,27.90999984741211,27.940000534057617,27.905000686645508,27.940000534057617,27.940000534057617,19813
2023-03-24 12:35:00-04:00,27.94499969482422,27.96999931335449,27.94499969482422,27.950000762939453,27.950000762939453,14863
2023-03-24 12:36:00-04:00,27.959999084472656,27.96999931335449,27.950000762939453,27.950000762939453,27.950000762939453,42162
2023-03-24 12:37:00-04:00,27.95499992370605,27.989999771118164,27.950000762939453,27.98500061035156,27.98500061035156,47704
2023-03-24 12:38:00-04:00,27.98500061035156,28.0049991607666,27.98500061035156,28.0,28.0,30552
2023-03-24 12:39:00-04:00,28.0,28.0,27.96999931335449,27.989999771118164,27.989999771118164,21587
2023-03-24 12:40:00-04:00,27.9950008392334,28.020000457763672,27.979999542236328,27.979999542236328,27.979999542236328,31610
2023-03-24 12:41:00-04:00,27.979999542236328,28.01499938964844,27.975000381469727,28.01499938964844,28.01499938964844,22644
2023-03-24 12:42:00-04:00,28.020000457763672,28.040000915527344,28.020000457763672,28.040000915527344,28.040000915527344,15025
2023-03-24 12:43:00-04:00,28.045000076293945,28.045000076293945,28.030000686645508,28.040000915527344,28.040000915527344,38578
2023-03-24 12:44:00-04:00,28.049999237060547,28.059999465942383,28.045000076293945,28.049999237060547,28.049999237060547,6795
2023-03-24 12:45:00-04:00,28.045000076293945,28.059999465942383,28.045000076293945,28.059999465942383,28.059999465942383,36077
2023-03-24 12:46:00-04:00,28.059999465942383,28.07999992370605,28.059999465942383,28.075000762939453,28.075000762939453,9144
2023-03-24 12:47:00-04:00,28.075000762939453,28.100000381469727,28.075000762939453,28.100000381469727,28.100000381469727,35052
2023-03-24 12:48:00-04:00,28.09499931335449,28.119199752807617,28.084999084472656,28.119199752807617,28.119199752807617,31449
2023-03-24 12:49:00-04:00,28.1200008392334,28.125,28.09000015258789,28.114999771118164,28.114999771118164,25518
2023-03-24 12:50:00-04:00,28.1200008392334,28.1200008392334,28.09000015258789,28.11000061035156,28.11000061035156,40342
2023-03-24 12:51:00-04:00,28.104999542236328,28.11000061035156,28.09000015258789,28.104999542236328,28.104999542236328,18382
2023-03-24 12:52:00-04:00,28.100000381469727,28.114999771118164,28.09000015258789,28.114999771118164,28.114999771118164,48898
2023-03-24 12:53:00-04:00,28.11000061035156,28.13999938964844,28.104999542236328,28.11000061035156,28.11000061035156,43502
2023-03-24 12:54:00-04:00,28.1200008392334,28.13500022888184,28.1200008392334,28.13500022888184,28.13500022888184,25732
2023-03-24 12:55:00-04:00,28.13500022888184,28.165000915527344,28.125,28.145000457763672,28.145000457763672,31723
2023-03-24 12:56:00-04:00,28.149999618530277,28.155000686645508,28.13999938964844,28.155000686645508,28.155000686645508,8298
2023-03-24 12:57:00-04:00,28.155000686645508,28.18000030517578,28.13999938964844,28.18000030517578,28.18000030517578,25348
2023-03-24 12:58:00-04:00,28.18000030517578,28.200000762939453,28.174999237060547,28.18000030517578,28.18000030517578,30352
2023-03-24 12:59:00-04:00,28.184999465942383,28.200000762939453,28.170000076293945,28.174999237060547,28.174999237060547,33045
2023-03-24 13:00:00-04:00,28.170000076293945,28.209999084472656,28.170000076293945,28.20499992370605,28.20499992370605,20396
2023-03-24 13:01:00-04:00,28.20499992370605,28.20499992370605,28.155000686645508,28.155000686645508,28.155000686645508,24811
2023-03-24 13:02:00-04:00,28.155000686645508,28.155000686645508,28.13500022888184,28.13999938964844,28.13999938964844,12687
2023-03-24 13:03:00-04:00,28.1299991607666,28.165000915527344,28.125,28.165000915527344,28.165000915527344,36420
2023-03-24 13:04:00-04:00,28.16399955749512,28.190000534057617,28.15999984741211,28.190000534057617,28.190000534057617,89975
2023-03-24 13:05:00-04:00,28.184999465942383,28.21500015258789,28.170000076293945,28.20490074157715,28.20490074157715,70763
2023-03-24 13:06:00-04:00,28.200000762939453,28.209999084472656,28.170000076293945,28.190000534057617,28.190000534057617,59914
2023-03-24 13:07:00-04:00,28.190000534057617,28.190000534057617,28.14080047607422,28.14550018310547,28.14550018310547,24210
2023-03-24 13:08:00-04:00,28.149999618530277,28.149999618530277,28.11599922180176,28.13999938964844,28.13999938964844,51622
2023-03-24 13:09:00-04:00,28.13999938964844,28.149099349975582,28.1200008392334,28.145000457763672,28.145000457763672,41870
2023-03-24 13:10:00-04:00,28.145000457763672,28.166000366210938,28.13500022888184,28.15999984741211,28.15999984741211,16672
2023-03-24 13:11:00-04:00,28.155000686645508,28.15999984741211,28.13500022888184,28.13500022888184,28.13500022888184,6970
2023-03-24 13:12:00-04:00,28.13999938964844,28.18000030517578,28.13500022888184,28.149999618530277,28.149999618530277,13313
2023-03-24 13:13:00-04:00,28.155000686645508,28.170000076293945,28.149999618530277,28.165000915527344,28.165000915527344,65062
2023-03-24 13:14:00-04:00,28.165000915527344,28.19890022277832,28.165000915527344,28.190000534057617,28.190000534057617,19693
2023-03-24 13:15:00-04:00,28.19499969482422,28.21999931335449,28.190000534057617,28.21999931335449,28.21999931335449,26678
2023-03-24 13:16:00-04:00,28.209999084472656,28.21999931335449,28.190000534057617,28.190000534057617,28.190000534057617,22007
2023-03-24 13:17:00-04:00,28.19499969482422,28.209999084472656,28.190000534057617,28.19499969482422,28.19499969482422,28196
2023-03-24 13:18:00-04:00,28.19499969482422,28.19499969482422,28.170000076293945,28.174999237060547,28.174999237060547,14268
2023-03-24 13:19:00-04:00,28.174999237060547,28.174999237060547,28.13500022888184,28.13999938964844,28.13999938964844,18195
2023-03-24 13:20:00-04:00,28.145000457763672,28.15999984741211,28.125,28.15999984741211,28.15999984741211,19094
2023-03-24 13:21:00-04:00,28.15999984741211,28.170000076293945,28.15069961547852,28.15069961547852,28.15069961547852,13814
2023-03-24 13:22:00-04:00,28.155000686645508,28.170000076293945,28.13999938964844,28.13999938964844,28.13999938964844,10061
2023-03-24 13:23:00-04:00,28.145000457763672,28.145000457763672,28.125,28.1299991607666,28.1299991607666,10595
2023-03-24 13:24:00-04:00,28.125,28.13999938964844,28.117900848388672,28.13999938964844,28.13999938964844,11900
2023-03-24 13:25:00-04:00,28.13500022888184,28.15999984741211,28.125,28.15999984741211,28.15999984741211,19872
2023-03-24 13:26:00-04:00,28.170000076293945,28.209999084472656,28.170000076293945,28.190000534057617,28.190000534057617,10895
2023-03-24 13:27:00-04:00,28.190000534057617,28.19499969482422,28.18000030517578,28.190000534057617,28.190000534057617,8518
2023-03-24 13:28:00-04:00,28.19499969482422,28.209999084472656,28.15999984741211,28.18000030517578,28.18000030517578,35317
2023-03-24 13:29:00-04:00,28.190000534057617,28.200000762939453,28.190000534057617,28.19499969482422,28.19499969482422,5490
2023-03-24 13:30:00-04:00,28.19499969482422,28.209999084472656,28.190000534057617,28.200000762939453,28.200000762939453,10968
2023-03-24 13:31:00-04:00,28.200000762939453,28.20499992370605,28.18000030517578,28.200000762939453,28.200000762939453,5899
2023-03-24 13:32:00-04:00,28.20499992370605,28.225000381469727,28.200000762939453,28.209999084472656,28.209999084472656,10819
2023-03-24 13:33:00-04:00,28.21500015258789,28.21500015258789,28.19499969482422,28.19499969482422,28.19499969482422,9845
2023-03-24 13:34:00-04:00,28.19499969482422,28.20499992370605,28.184999465942383,28.184999465942383,28.184999465942383,10526
2023-03-24 13:35:00-04:00,28.184999465942383,28.21500015258789,28.18000030517578,28.214000701904297,28.214000701904297,14675
2023-03-24 13:36:00-04:00,28.21999931335449,28.23500061035156,28.21999931335449,28.225000381469727,28.225000381469727,86075
2023-03-24 13:37:00-04:00,28.225000381469727,28.229999542236328,28.20499992370605,28.21500015258789,28.21500015258789,25002
2023-03-24 13:38:00-04:00,28.21999931335449,28.239999771118164,28.209999084472656,28.21500015258789,28.21500015258789,17771
2023-03-24 13:39:00-04:00,28.21500015258789,28.23500061035156,28.21500015258789,28.21999931335449,28.21999931335449,12368
2023-03-24 13:40:00-04:00,28.21999931335449,28.229999542236328,28.21999931335449,28.21999931335449,28.21999931335449,15247
2023-03-24 13:41:00-04:00,28.21999931335449,28.21999931335449,28.200000762939453,28.20499992370605,28.20499992370605,30282
2023-03-24 13:42:00-04:00,28.200000762939453,28.20499992370605,28.190000534057617,28.19499969482422,28.19499969482422,26572
2023-03-24 13:43:00-04:00,28.190000534057617,28.200000762939453,28.184999465942383,28.190000534057617,28.190000534057617,9403
2023-03-24 13:44:00-04:00,28.18000030517578,28.18000030517578,28.170000076293945,28.170000076293945,28.170000076293945,9517
2023-03-24 13:45:00-04:00,28.174999237060547,28.18000030517578,28.13999938964844,28.145000457763672,28.145000457763672,32097
2023-03-24 13:46:00-04:00,28.145000457763672,28.145000457763672,28.1299991607666,28.13500022888184,28.13500022888184,13230
2023-03-24 13:47:00-04:00,28.1299991607666,28.1299991607666,28.11000061035156,28.11000061035156,28.11000061035156,19955
2023-03-24 13:48:00-04:00,28.11000061035156,28.125,28.100000381469727,28.114999771118164,28.114999771118164,15958
2023-03-24 13:49:00-04:00,28.114999771118164,28.1200008392334,28.09499931335449,28.104999542236328,28.104999542236328,14807
2023-03-24 13:50:00-04:00,28.100000381469727,28.1200008392334,28.100000381469727,28.100000381469727,28.100000381469727,8000
2023-03-24 13:51:00-04:00,28.100000381469727,28.104999542236328,28.09000015258789,28.09499931335449,28.09499931335449,9610
2023-03-24 13:52:00-04:00,28.09000015258789,28.11000061035156,28.09000015258789,28.104999542236328,28.104999542236328,12209
2023-03-24 13:53:00-04:00,28.11000061035156,28.1200008392334,28.100000381469727,28.100000381469727,28.100000381469727,11004
2023-03-24 13:54:00-04:00,28.104999542236328,28.125,28.104999542236328,28.1200008392334,28.1200008392334,10176
2023-03-24 13:55:00-04:00,28.125,28.13500022888184,28.11000061035156,28.1200008392334,28.1200008392334,21019
2023-03-24 13:56:00-04:00,28.1200008392334,28.125,28.114999771118164,28.125,28.125,6046
2023-03-24 13:57:00-04:00,28.1299991607666,28.145000457763672,28.125,28.145000457763672,28.145000457763672,10294
2023-03-24 13:58:00-04:00,28.149999618530277,28.170000076293945,28.145000457763672,28.165000915527344,28.165000915527344,16091
2023-03-24 13:59:00-04:00,28.165000915527344,28.16990089416504,28.155000686645508,28.165000915527344,28.165000915527344,10533
2023-03-24 14:00:00-04:00,28.165000915527344,28.190000534057617,28.165000915527344,28.184999465942383,28.184999465942383,15458
2023-03-24 14:01:00-04:00,28.184999465942383,28.184999465942383,28.18000030517578,28.18000030517578,28.18000030517578,2912
2023-03-24 14:02:00-04:00,28.18000030517578,28.19499969482422,28.18000030517578,28.184999465942383,28.184999465942383,16188
2023-03-24 14:03:00-04:00,28.184999465942383,28.200000762939453,28.18000030517578,28.19499969482422,28.19499969482422,20115
2023-03-24 14:04:00-04:00,28.190000534057617,28.20499992370605,28.190000534057617,28.20499992370605,28.20499992370605,18186
2023-03-24 14:05:00-04:00,28.20499992370605,28.20499992370605,28.184999465942383,28.200000762939453,28.200000762939453,28989
2023-03-24 14:06:00-04:00,28.200000762939453,28.20499992370605,28.174999237060547,28.184999465942383,28.184999465942383,16319
2023-03-24 14:07:00-04:00,28.184999465942383,28.200000762939453,28.184999465942383,28.19499969482422,28.19499969482422,9232
2023-03-24 14:08:00-04:00,28.200000762939453,28.21500015258789,28.19499969482422,28.20499992370605,28.20499992370605,17202
2023-03-24 14:09:00-04:00,28.209999084472656,28.21500015258789,28.184999465942383,28.184999465942383,28.184999465942383,20972
2023-03-24 14:10:00-04:00,28.184999465942383,28.209999084472656,28.184999465942383,28.209999084472656,28.209999084472656,22362
2023-03-24 14:11:00-04:00,28.20499992370605,28.20499992370605,28.200000762939453,28.200000762939453,28.200000762939453,16457
2023-03-24 14:12:00-04:00,28.200000762939453,28.21500015258789,28.200000762939453,28.21500015258789,28.21500015258789,13683
2023-03-24 14:13:00-04:00,28.209999084472656,28.21999931335449,28.200000762939453,28.209999084472656,28.209999084472656,27023
2023-03-24 14:14:00-04:00,28.209999084472656,28.209999084472656,28.19499969482422,28.20599937438965,28.20599937438965,30828
2023-03-24 14:15:00-04:00,28.20499992370605,28.229999542236328,28.200000762939453,28.22649955749512,28.22649955749512,21497
2023-03-24 14:16:00-04:00,28.229999542236328,28.23500061035156,28.209999084472656,28.209999084472656,28.209999084472656,19895
2023-03-24 14:17:00-04:00,28.21500015258789,28.21999931335449,28.200000762939453,28.21500015258789,28.21500015258789,15420
2023-03-24 14:18:00-04:00,28.21500015258789,28.21500015258789,28.18000030517578,28.190000534057617,28.190000534057617,19137
2023-03-24 14:19:00-04:00,28.18000030517578,28.21500015258789,28.18000030517578,28.21500015258789,28.21500015258789,12422
2023-03-24 14:20:00-04:00,28.21500015258789,28.21999931335449,28.209999084472656,28.21500015258789,28.21500015258789,7867
2023-03-24 14:21:00-04:00,28.21500015258789,28.229999542236328,28.209999084472656,28.225000381469727,28.225000381469727,9032
2023-03-24 14:22:00-04:00,28.225000381469727,28.229999542236328,28.200000762939453,28.200000762939453,28.200000762939453,37301
2023-03-24 14:23:00-04:00,28.20499992370605,28.209999084472656,28.200000762939453,28.20499992370605,28.20499992370605,6633
2023-03-24 14:24:00-04:00,28.209999084472656,28.229999542236328,28.19389915466309,28.200000762939453,28.200000762939453,34597
2023-03-24 14:25:00-04:00,28.200000762939453,28.229999542236328,28.200000762939453,28.209999084472656,28.209999084472656,38333
2023-03-24 14:26:00-04:00,28.21500015258789,28.218000411987305,28.209999084472656,28.21500015258789,28.21500015258789,12912
2023-03-24 14:27:00-04:00,28.21500015258789,28.225000381469727,28.20499992370605,28.209999084472656,28.209999084472656,23037
2023-03-24 14:28:00-04:00,28.20499992370605,28.21999931335449,28.200000762939453,28.21999931335449,28.21999931335449,7305
2023-03-24 14:29:00-04:00,28.21999931335449,28.225000381469727,28.209999084472656,28.21500015258789,28.21500015258789,18030
2023-03-24 14:30:00-04:00,28.21500015258789,28.229999542236328,28.21500015258789,28.225000381469727,28.225000381469727,26884
2023-03-24 14:31:00-04:00,28.21999931335449,28.21999931335449,28.209999084472656,28.21999931335449,28.21999931335449,6659
2023-03-24 14:32:00-04:00,28.21999931335449,28.21999931335449,28.19499969482422,28.200000762939453,28.200000762939453,34822
2023-03-24 14:33:00-04:00,28.209999084472656,28.21500015258789,28.190000534057617,28.21500015258789,28.21500015258789,15398
2023-03-24 14:34:00-04:00,28.21500015258789,28.26000022888184,28.209999084472656,28.229999542236328,28.229999542236328,32263
2023-03-24 14:35:00-04:00,28.229999542236328,28.239999771118164,28.225000381469727,28.229999542236328,28.229999542236328,18592
2023-03-24 14:36:00-04:00,28.229999542236328,28.229999542236328,28.21999931335449,28.225000381469727,28.225000381469727,4552
2023-03-24 14:37:00-04:00,28.225000381469727,28.2450008392334,28.225000381469727,28.229999542236328,28.229999542236328,20858
2023-03-24 14:38:00-04:00,28.229999542236328,28.239999771118164,28.225000381469727,28.229999542236328,28.229999542236328,8863
2023-03-24 14:39:00-04:00,28.23500061035156,28.239999771118164,28.225000381469727,28.225000381469727,28.225000381469727,10805
2023-03-24 14:40:00-04:00,28.225000381469727,28.239999771118164,28.209999084472656,28.21500015258789,28.21500015258789,26277
2023-03-24 14:41:00-04:00,28.21999931335449,28.21999931335449,28.209999084472656,28.209999084472656,28.209999084472656,8052
2023-03-24 14:42:00-04:00,28.21500015258789,28.21999931335449,28.209999084472656,28.21500015258789,28.21500015258789,3560
2023-03-24 14:43:00-04:00,28.21999931335449,28.229999542236328,28.21999931335449,28.229999542236328,28.229999542236328,6266
2023-03-24 14:44:00-04:00,28.225000381469727,28.229999542236328,28.21999931335449,28.21999931335449,28.21999931335449,6125
2023-03-24 14:45:00-04:00,28.225000381469727,28.25,28.21999931335449,28.23500061035156,28.23500061035156,22263
2023-03-24 14:46:00-04:00,28.23500061035156,28.23500061035156,28.200000762939453,28.209999084472656,28.209999084472656,18595
2023-03-24 14:47:00-04:00,28.209999084472656,28.225000381469727,28.200000762939453,28.225000381469727,28.225000381469727,15396
2023-03-24 14:48:00-04:00,28.229999542236328,28.23500061035156,28.225000381469727,28.225000381469727,28.225000381469727,9901
2023-03-24 14:49:00-04:00,28.21999931335449,28.23500061035156,28.209999084472656,28.23500061035156,28.23500061035156,9206
2023-03-24 14:50:00-04:00,28.23500061035156,28.23500061035156,28.21999931335449,28.229999542236328,28.229999542236328,14496
2023-03-24 14:51:00-04:00,28.21999931335449,28.225000381469727,28.21999931335449,28.221799850463867,28.221799850463867,2745
2023-03-24 14:52:00-04:00,28.21999931335449,28.225000381469727,28.20499992370605,28.20499992370605,28.20499992370605,19908
2023-03-24 14:53:00-04:00,28.209999084472656,28.229999542236328,28.200899124145508,28.22130012512207,28.22130012512207,13740
2023-03-24 14:54:00-04:00,28.21999931335449,28.229999542236328,28.21999931335449,28.21999931335449,28.21999931335449,9165
2023-03-24 14:55:00-04:00,28.21500015258789,28.23500061035156,28.21500015258789,28.229999542236328,28.229999542236328,43628
2023-03-24 14:56:00-04:00,28.23500061035156,28.23500061035156,28.21999931335449,28.21999931335449,28.21999931335449,10906
2023-03-24 14:57:00-04:00,28.225000381469727,28.225000381469727,28.200000762939453,28.20499992370605,28.20499992370605,8741
2023-03-24 14:58:00-04:00,28.209999084472656,28.21999931335449,28.19499969482422,28.20499992370605,28.20499992370605,33929
2023-03-24 14:59:00-04:00,28.20499992370605,28.229999542236328,28.20499992370605,28.225000381469727,28.225000381469727,9802
2023-03-24 15:00:00-04:00,28.225000381469727,28.225799560546875,28.200000762939453,28.200000762939453,28.200000762939453,31606
2023-03-24 15:01:00-04:00,28.200000762939453,28.21500015258789,28.200000762939453,28.20499992370605,28.20499992370605,12922
2023-03-24 15:02:00-04:00,28.20499992370605,28.20499992370605,28.174999237060547,28.174999237060547,28.174999237060547,12413
2023-03-24 15:03:00-04:00,28.174999237060547,28.188600540161133,28.170000076293945,28.18000030517578,28.18000030517578,15862
2023-03-24 15:04:00-04:00,28.18000030517578,28.184999465942383,28.170000076293945,28.174999237060547,28.174999237060547,19000
2023-03-24 15:05:00-04:00,28.174999237060547,28.190000534057617,28.165000915527344,28.184999465942383,28.184999465942383,19031
2023-03-24 15:06:00-04:00,28.184999465942383,28.20499992370605,28.184999465942383,28.20499992370605,28.20499992370605,16030
2023-03-24 15:07:00-04:00,28.200000762939453,28.21999931335449,28.19499969482422,28.21500015258789,28.21500015258789,23748
2023-03-24 15:08:00-04:00,28.21999931335449,28.21999931335449,28.184999465942383,28.184999465942383,28.184999465942383,25435
2023-03-24 15:09:00-04:00,28.184999465942383,28.190000534057617,28.18000030517578,28.18000030517578,28.18000030517578,5177
2023-03-24 15:10:00-04:00,28.190000534057617,28.190000534057617,28.174999237060547,28.190000534057617,28.190000534057617,19795
2023-03-24 15:11:00-04:00,28.19499969482422,28.20499992370605,28.18000030517578,28.20499992370605,28.20499992370605,35691
2023-03-24 15:12:00-04:00,28.200000762939453,28.200000762939453,28.18000030517578,28.184999465942383,28.184999465942383,21009
2023-03-24 15:13:00-04:00,28.184999465942383,28.20499992370605,28.184999465942383,28.20499992370605,28.20499992370605,19895
2023-03-24 15:14:00-04:00,28.20499992370605,28.20499992370605,28.184999465942383,28.184999465942383,28.184999465942383,18134
2023-03-24 15:15:00-04:00,28.184999465942383,28.209999084472656,28.18000030517578,28.20499992370605,28.20499992370605,15212
2023-03-24 15:16:00-04:00,28.20499992370605,28.21999931335449,28.20499992370605,28.21500015258789,28.21500015258789,16425
2023-03-24 15:17:00-04:00,28.209999084472656,28.229999542236328,28.20499992370605,28.225000381469727,28.225000381469727,18863
2023-03-24 15:18:00-04:00,28.225000381469727,28.239999771118164,28.209999084472656,28.23500061035156,28.23500061035156,23270
2023-03-24 15:19:00-04:00,28.23500061035156,28.2450008392334,28.229999542236328,28.23500061035156,28.23500061035156,21690
2023-03-24 15:20:00-04:00,28.23500061035156,28.25,28.230100631713867,28.239999771118164,28.239999771118164,17621
2023-03-24 15:21:00-04:00,28.239999771118164,28.28860092163086,28.23500061035156,28.28499984741211,28.28499984741211,33105
2023-03-24 15:22:00-04:00,28.28499984741211,28.30500030517578,28.274999618530277,28.30500030517578,28.30500030517578,46164
2023-03-24 15:23:00-04:00,28.299999237060547,28.309999465942383,28.280000686645508,28.290000915527344,28.290000915527344,36225
2023-03-24 15:24:00-04:00,28.28499984741211,28.30500030517578,28.280000686645508,28.280000686645508,28.280000686645508,36801
2023-03-24 15:25:00-04:00,28.280000686645508,28.280000686645508,28.2549991607666,28.2549991607666,28.2549991607666,37267
2023-03-24 15:26:00-04:00,28.2549991607666,28.270000457763672,28.25,28.26499938964844,28.26499938964844,14673
2023-03-24 15:27:00-04:00,28.270000457763672,28.270000457763672,28.239999771118164,28.2450008392334,28.2450008392334,29400
2023-03-24 15:28:00-04:00,28.25,28.274999618530277,28.2450008392334,28.270000457763672,28.270000457763672,24108
2023-03-24 15:29:00-04:00,28.280000686645508,28.280000686645508,28.26000022888184,28.26000022888184,28.26000022888184,5989
2023-03-24 15:30:00-04:00,28.270000457763672,28.274999618530277,28.26000022888184,28.26499938964844,28.26499938964844,12622
2023-03-24 15:31:00-04:00,28.26499938964844,28.28499984741211,28.26499938964844,28.28499984741211,28.28499984741211,32191
2023-03-24 15:32:00-04:00,28.28499984741211,28.29750061035156,28.280000686645508,28.28499984741211,28.28499984741211,10002
2023-03-24 15:33:00-04:00,28.280000686645508,28.28499984741211,28.2549991607666,28.26000022888184,28.26000022888184,19994
2023-03-24 15:34:00-04:00,28.26499938964844,28.28499984741211,28.26499938964844,28.28499984741211,28.28499984741211,10123
2023-03-24 15:35:00-04:00,28.28499984741211,28.28499984741211,28.270000457763672,28.274999618530277,28.274999618530277,13288
2023-03-24 15:36:00-04:00,28.280000686645508,28.30500030517578,28.280000686645508,28.299999237060547,28.299999237060547,24468
2023-03-24 15:37:00-04:00,28.295000076293945,28.299999237060547,28.28499984741211,28.295000076293945,28.295000076293945,31402
2023-03-24 15:38:00-04:00,28.299999237060547,28.31999969482422,28.295000076293945,28.299999237060547,28.299999237060547,18657
2023-03-24 15:39:00-04:00,28.299999237060547,28.30500030517578,28.26000022888184,28.274999618530277,28.274999618530277,42366
2023-03-24 15:40:00-04:00,28.274999618530277,28.280000686645508,28.270000457763672,28.280000686645508,28.280000686645508,22868
2023-03-24 15:41:00-04:00,28.280000686645508,28.290000915527344,28.270000457763672,28.274999618530277,28.274999618530277,21801
2023-03-24 15:42:00-04:00,28.274999618530277,28.299999237060547,28.270000457763672,28.299999237060547,28.299999237060547,32094
2023-03-24 15:43:00-04:00,28.295000076293945,28.31999969482422,28.290000915527344,28.315000534057617,28.315000534057617,43234
2023-03-24 15:44:00-04:00,28.309999465942383,28.31999969482422,28.299999237060547,28.30500030517578,28.30500030517578,59391
2023-03-24 15:45:00-04:00,28.30500030517578,28.309999465942383,28.299999237060547,28.30500030517578,28.30500030517578,46183
2023-03-24 15:46:00-04:00,28.299999237060547,28.309999465942383,28.280000686645508,28.28499984741211,28.28499984741211,51567
2023-03-24 15:47:00-04:00,28.28499984741211,28.309999465942383,28.280000686645508,28.299999237060547,28.299999237060547,40599
2023-03-24 15:48:00-04:00,28.290000915527344,28.299999237060547,28.274999618530277,28.290000915527344,28.290000915527344,36691
2023-03-24 15:49:00-04:00,28.295000076293945,28.299999237060547,28.290000915527344,28.299999237060547,28.299999237060547,41784
2023-03-24 15:50:00-04:00,28.290000915527344,28.295000076293945,28.26499938964844,28.28499984741211,28.28499984741211,105988
2023-03-24 15:51:00-04:00,28.28499984741211,28.290000915527344,28.239999771118164,28.239999771118164,28.239999771118164,125322
2023-03-24 15:52:00-04:00,28.239999771118164,28.2450008392334,28.200000762939453,28.200000762939453,28.200000762939453,33784
2023-03-24 15:53:00-04:00,28.20499992370605,28.225000381469727,28.190000534057617,28.200000762939453,28.200000762939453,60317
2023-03-24 15:54:00-04:00,28.200000762939453,28.200000762939453,28.15999984741211,28.170000076293945,28.170000076293945,116750
2023-03-24 15:55:00-04:00,28.170000076293945,28.170000076293945,28.13999938964844,28.145000457763672,28.145000457763672,258255
2023-03-24 15:56:00-04:00,28.149999618530277,28.190000534057617,28.13999938964844,28.18000030517578,28.18000030517578,271855
2023-03-24 15:57:00-04:00,28.184999465942383,28.21999931335449,28.18409919738769,28.21500015258789,28.21500015258789,108894
2023-03-24 15:58:00-04:00,28.21999931335449,28.23500061035156,28.209999084472656,28.229999542236328,28.229999542236328,144378
2023-03-24 15:59:00-04:00,28.229999542236328,28.26000022888184,28.21999931335449,28.25,28.25,196911
2023-03-23 09:30:00-04:00,28.350000381469727,28.399999618530277,28.350000381469727,28.3700008392334,28.3700008392334,145607
2023-03-23 09:31:00-04:00,28.3700008392334,28.40999984741211,28.3700008392334,28.3799991607666,28.3799991607666,22258
2023-03-23 09:32:00-04:00,28.3799991607666,28.399999618530277,28.31999969482422,28.325000762939453,28.325000762939453,40953
2023-03-23 09:33:00-04:00,28.32999992370605,28.34499931335449,28.270000457763672,28.290000915527344,28.290000915527344,55704
2023-03-23 09:34:00-04:00,28.290000915527344,28.299999237060547,28.21999931335449,28.21999931335449,28.21999931335449,51212
2023-03-23 09:35:00-04:00,28.229999542236328,28.23500061035156,28.209999084472656,28.21999931335449,28.21999931335449,45031
2023-03-23 09:36:00-04:00,28.225000381469727,28.23500061035156,28.18000030517578,28.21500015258789,28.21500015258789,89447
2023-03-23 09:37:00-04:00,28.21999931335449,28.280000686645508,28.21999931335449,28.26499938964844,28.26499938964844,72699
2023-03-23 09:38:00-04:00,28.25,28.25,28.19499969482422,28.209999084472656,28.209999084472656,19911
2023-03-23 09:39:00-04:00,28.21500015258789,28.25609970092773,28.209999084472656,28.21999931335449,28.21999931335449,69019
2023-03-23 09:40:00-04:00,28.225000381469727,28.229999542236328,28.1299991607666,28.145000457763672,28.145000457763672,69930
2023-03-23 09:41:00-04:00,28.149999618530277,28.209999084472656,28.13999938964844,28.190000534057617,28.190000534057617,31980
2023-03-23 09:42:00-04:00,28.19499969482422,28.25,28.19499969482422,28.239999771118164,28.239999771118164,40388
2023-03-23 09:43:00-04:00,28.239999771118164,28.34000015258789,28.225000381469727,28.309999465942383,28.309999465942383,42124
2023-03-23 09:44:00-04:00,28.30500030517578,28.30500030517578,28.26499938964844,28.270000457763672,28.270000457763672,20831
2023-03-23 09:45:00-04:00,28.274999618530277,28.290000915527344,28.26499938964844,28.26799964904785,28.26799964904785,45465
2023-03-23 09:46:00-04:00,28.26499938964844,28.26499938964844,28.229999542236328,28.25,28.25,43813
2023-03-23 09:47:00-04:00,28.2450008392334,28.26000022888184,28.229999542236328,28.23500061035156,28.23500061035156,26738
2023-03-23 09:48:00-04:00,28.229999542236328,28.25,28.200000762939453,28.23500061035156,28.23500061035156,36997
2023-03-23 09:49:00-04:00,28.23500061035156,28.26499938964844,28.229999542236328,28.25749969482422,28.25749969482422,23406
2023-03-23 09:50:00-04:00,28.26000022888184,28.270000457763672,28.20499992370605,28.20499992370605,28.20499992370605,33921
2023-03-23 09:51:00-04:00,28.200000762939453,28.209999084472656,28.170000076293945,28.170000076293945,28.170000076293945,15691
2023-03-23 09:52:00-04:00,28.18000030517578,28.200000762939453,28.18000030517578,28.190000534057617,28.190000534057617,29334
2023-03-23 09:53:00-04:00,28.19499969482422,28.209999084472656,28.149999618530277,28.15999984741211,28.15999984741211,36818
2023-03-23 09:54:00-04:00,28.170000076293945,28.190000534057617,28.155000686645508,28.155000686645508,28.155000686645508,27676
2023-03-23 09:55:00-04:00,28.15250015258789,28.15999984741211,28.09499931335449,28.0984001159668,28.0984001159668,43697
2023-03-23 09:56:00-04:00,28.09499931335449,28.100000381469727,28.0,28.040000915527344,28.040000915527344,75313
2023-03-23 09:57:00-04:00,28.024999618530277,28.040000915527344,27.989999771118164,28.030000686645508,28.030000686645508,74855
2023-03-23 09:58:00-04:00,28.040000915527344,28.09000015258789,28.020000457763672,28.065000534057617,28.065000534057617,103250
2023-03-23 09:59:00-04:00,28.059999465942383,28.11000061035156,28.059999465942383,28.065000534057617,28.065000534057617,37369
2023-03-23 10:00:00-04:00,28.06999969482422,28.131999969482425,28.06999969482422,28.1299991607666,28.1299991607666,32929
2023-03-23 10:01:00-04:00,28.13999938964844,28.13999938964844,28.09499931335449,28.104999542236328,28.104999542236328,19859
2023-03-23 10:02:00-04:00,28.100000381469727,28.11000061035156,28.06999969482422,28.09000015258789,28.09000015258789,38010
2023-03-23 10:03:00-04:00,28.09000015258789,28.11009979248047,28.07999992370605,28.09499931335449,28.09499931335449,40179
2023-03-23 10:04:00-04:00,28.09499931335449,28.09499931335449,28.03499984741211,28.05500030517578,28.05500030517578,74869
2023-03-23 10:05:00-04:00,28.05500030517578,28.06999969482422,28.040000915527344,28.06999969482422,28.06999969482422,62834
2023-03-23 10:06:00-04:00,28.07999992370605,28.11000061035156,28.07999992370605,28.104999542236328,28.104999542236328,87623
2023-03-23 10:07:00-04:00,28.11000061035156,28.11000061035156,28.07999992370605,28.07999992370605,28.07999992370605,14783
2023-03-23 10:08:00-04:00,28.06999969482422,28.075000762939453,28.059999465942383,28.059999465942383,28.059999465942383,48889
2023-03-23 10:09:00-04:00,28.059999465942383,28.084999084472656,28.049999237060547,28.075000762939453,28.075000762939453,57266
2023-03-23 10:10:00-04:00,28.07999992370605,28.145000457763672,28.07999992370605,28.13999938964844,28.13999938964844,47380
2023-03-23 10:11:00-04:00,28.13500022888184,28.155000686645508,28.104999542236328,28.11199951171875,28.11199951171875,80097
2023-03-23 10:12:00-04:00,28.114999771118164,28.13999938964844,28.100000381469727,28.100000381469727,28.100000381469727,32135
2023-03-23 10:13:00-04:00,28.104999542236328,28.13999938964844,28.104999542236328,28.13500022888184,28.13500022888184,14465
2023-03-23 10:14:00-04:00,28.13500022888184,28.149999618530277,28.13500022888184,28.13999938964844,28.13999938964844,132139
2023-03-23 10:15:00-04:00,28.145000457763672,28.18000030517578,28.145000457763672,28.170000076293945,28.170000076293945,60963
2023-03-23 10:16:00-04:00,28.170000076293945,28.200000762939453,28.15999984741211,28.19499969482422,28.19499969482422,69735
2023-03-23 10:17:00-04:00,28.19499969482422,28.21999931335449,28.190000534057617,28.19499969482422,28.19499969482422,123503
2023-03-23 10:18:00-04:00,28.19099998474121,28.21500015258789,28.18000030517578,28.19499969482422,28.19499969482422,77067
2023-03-23 10:19:00-04:00,28.200000762939453,28.200000762939453,28.149999618530277,28.174999237060547,28.174999237060547,103844
2023-03-23 10:20:00-04:00,28.174999237060547,28.18000030517578,28.15999984741211,28.174999237060547,28.174999237060547,61294
2023-03-23 10:21:00-04:00,28.184999465942383,28.190000534057617,28.13500022888184,28.15999984741211,28.15999984741211,43661
2023-03-23 10:22:00-04:00,28.15999984741211,28.170000076293945,28.145000457763672,28.145000457763672,28.145000457763672,24133
2023-03-23 10:23:00-04:00,28.145000457763672,28.165000915527344,28.13999938964844,28.149999618530277,28.149999618530277,18980
2023-03-23 10:24:00-04:00,28.15999984741211,28.18000030517578,28.155000686645508,28.174999237060547,28.174999237060547,18901
2023-03-23 10:25:00-04:00,28.174999237060547,28.200000762939453,28.165000915527344,28.18000030517578,28.18000030517578,27422
2023-03-23 10:26:00-04:00,28.18000030517578,28.18000030517578,28.145000457763672,28.15999984741211,28.15999984741211,26191
2023-03-23 10:27:00-04:00,28.15999984741211,28.174999237060547,28.149999618530277,28.165000915527344,28.165000915527344,69102
2023-03-23 10:28:00-04:00,28.170000076293945,28.190000534057617,28.15999984741211,28.190000534057617,28.190000534057617,18351
2023-03-23 10:29:00-04:00,28.18000030517578,28.190000534057617,28.145000457763672,28.145000457763672,28.145000457763672,67454
2023-03-23 10:30:00-04:00,28.145000457763672,28.170000076293945,28.1200008392334,28.149999618530277,28.149999618530277,50242
2023-03-23 10:31:00-04:00,28.149999618530277,28.170000076293945,28.149999618530277,28.149999618530277,28.149999618530277,32139
2023-03-23 10:32:00-04:00,28.15010070800781,28.170000076293945,28.145000457763672,28.15999984741211,28.15999984741211,33324
2023-03-23 10:33:00-04:00,28.15999984741211,28.174999237060547,28.145000457763672,28.165000915527344,28.165000915527344,33893
2023-03-23 10:34:00-04:00,28.165000915527344,28.18000030517578,28.15999984741211,28.174999237060547,28.174999237060547,29858
2023-03-23 10:35:00-04:00,28.174999237060547,28.20499992370605,28.174999237060547,28.200000762939453,28.200000762939453,33236
2023-03-23 10:36:00-04:00,28.19499969482422,28.229999542236328,28.190000534057617,28.225000381469727,28.225000381469727,29916
2023-03-23 10:37:00-04:00,28.229999542236328,28.229999542236328,28.200000762939453,28.200000762939453,28.200000762939453,13317
2023-03-23 10:38:00-04:00,28.200000762939453,28.239999771118164,28.190000534057617,28.229999542236328,28.229999542236328,99403
2023-03-23 10:39:00-04:00,28.23500061035156,28.23500061035156,28.21999931335449,28.229999542236328,28.229999542236328,29625
2023-03-23 10:40:00-04:00,28.229999542236328,28.25,28.21999931335449,28.225000381469727,28.225000381469727,32163
2023-03-23 10:41:00-04:00,28.225000381469727,28.225000381469727,28.18000030517578,28.18000030517578,28.18000030517578,18669
2023-03-23 10:42:00-04:00,28.184999465942383,28.20499992370605,28.18000030517578,28.200000762939453,28.200000762939453,21953
2023-03-23 10:43:00-04:00,28.200000762939453,28.239999771118164,28.200000762939453,28.229999542236328,28.229999542236328,22161
2023-03-23 10:44:00-04:00,28.239999771118164,28.247499465942383,28.229999542236328,28.229999542236328,28.229999542236328,14773
2023-03-23 10:45:00-04:00,28.23500061035156,28.26000022888184,28.225000381469727,28.26000022888184,28.26000022888184,78652
2023-03-23 10:46:00-04:00,28.26000022888184,28.309999465942383,28.2549991607666,28.30500030517578,28.30500030517578,28836
2023-03-23 10:47:00-04:00,28.299999237060547,28.30500030517578,28.280000686645508,28.280000686645508,28.280000686645508,57116
2023-03-23 10:48:00-04:00,28.290000915527344,28.32999992370605,28.28499984741211,28.325000762939453,28.325000762939453,25097
2023-03-23 10:49:00-04:00,28.32999992370605,28.350000381469727,28.309999465942383,28.34000015258789,28.34000015258789,39715
2023-03-23 10:50:00-04:00,28.34000015258789,28.350000381469727,28.34000015258789,28.350000381469727,28.350000381469727,10226
2023-03-23 10:51:00-04:00,28.350000381469727,28.3799991607666,28.34000015258789,28.375,28.375,19119
2023-03-23 10:52:00-04:00,28.3799991607666,28.399999618530277,28.3799991607666,28.399999618530277,28.399999618530277,31268
2023-03-23 10:53:00-04:00,28.399999618530277,28.450000762939453,28.399999618530277,28.450000762939453,28.450000762939453,23932
2023-03-23 10:54:00-04:00,28.450000762939453,28.489999771118164,28.450000762939453,28.479999542236328,28.479999542236328,84601
2023-03-23 10:55:00-04:00,28.479999542236328,28.48500061035156,28.45499992370605,28.48500061035156,28.48500061035156,40654
2023-03-23 10:56:00-04:00,28.489999771118164,28.5,28.46999931335449,28.48500061035156,28.48500061035156,32968
2023-03-23 10:57:00-04:00,28.48500061035156,28.48500061035156,28.420000076293945,28.420000076293945,28.420000076293945,40899
2023-03-23 10:58:00-04:00,28.43000030517578,28.43000030517578,28.420000076293945,28.420000076293945,28.420000076293945,1969
2023-03-23 10:59:00-04:00,28.405000686645508,28.40999984741211,28.38999938964844,28.40999984741211,28.40999984741211,63715
2023-03-23 11:00:00-04:00,28.405000686645508,28.440000534057617,28.405000686645508,28.43000030517578,28.43000030517578,47692
2023-03-23 11:01:00-04:00,28.434999465942383,28.434999465942383,28.40999984741211,28.415000915527344,28.415000915527344,20363
2023-03-23 11:02:00-04:00,28.415000915527344,28.424999237060547,28.399999618530277,28.405000686645508,28.405000686645508,16742
2023-03-23 11:03:00-04:00,28.40999984741211,28.40999984741211,28.395000457763672,28.399999618530277,28.399999618530277,10993
2023-03-23 11:04:00-04:00,28.405000686645508,28.41939926147461,28.405000686645508,28.40999984741211,28.40999984741211,16339
2023-03-23 11:05:00-04:00,28.40999984741211,28.45499992370605,28.40999984741211,28.450000762939453,28.450000762939453,45583
2023-03-23 11:06:00-04:00,28.45499992370605,28.479999542236328,28.45499992370605,28.479999542236328,28.479999542236328,17774
2023-03-23 11:07:00-04:00,28.479999542236328,28.5,28.46999931335449,28.5,28.5,20395
2023-03-23 11:08:00-04:00,28.5,28.5,28.45499992370605,28.459999084472656,28.459999084472656,47087
2023-03-23 11:09:00-04:00,28.45499992370605,28.46999931335449,28.450000762939453,28.459999084472656,28.459999084472656,18100
2023-03-23 11:10:00-04:00,28.46500015258789,28.46820068359375,28.459999084472656,28.46500015258789,28.46500015258789,8788
2023-03-23 11:11:00-04:00,28.46500015258789,28.4950008392334,28.459999084472656,28.4950008392334,28.4950008392334,11371
2023-03-23 11:12:00-04:00,28.489999771118164,28.4950008392334,28.475000381469727,28.489999771118164,28.489999771118164,36741
2023-03-23 11:13:00-04:00,28.5,28.5,28.479999542236328,28.479999542236328,28.479999542236328,33700
2023-03-23 11:14:00-04:00,28.479999542236328,28.489999771118164,28.46999931335449,28.481000900268555,28.481000900268555,25679
2023-03-23 11:15:00-04:00,28.489999771118164,28.5049991607666,28.46999931335449,28.479999542236328,28.479999542236328,60053
2023-03-23 11:16:00-04:00,28.48500061035156,28.4950008392334,28.450000762939453,28.450000762939453,28.450000762939453,16027
2023-03-23 11:17:00-04:00,28.45499992370605,28.46999931335449,28.45499992370605,28.46500015258789,28.46500015258789,10044
2023-03-23 11:18:00-04:00,28.459999084472656,28.46500015258789,28.450000762939453,28.450000762939453,28.450000762939453,11605
2023-03-23 11:19:00-04:00,28.450000762939453,28.45499992370605,28.415000915527344,28.415000915527344,28.415000915527344,66090
2023-03-23 11:20:00-04:00,28.420000076293945,28.44499969482422,28.415000915527344,28.434999465942383,28.434999465942383,43667
2023-03-23 11:21:00-04:00,28.440000534057617,28.45499992370605,28.420000076293945,28.45499992370605,28.45499992370605,19055
2023-03-23 11:22:00-04:00,28.450000762939453,28.465999603271484,28.44499969482422,28.45499992370605,28.45499992370605,16319
2023-03-23 11:23:00-04:00,28.45499992370605,28.459999084472656,28.440000534057617,28.45499992370605,28.45499992370605,19363
2023-03-23 11:24:00-04:00,28.450000762939453,28.475000381469727,28.450000762939453,28.46999931335449,28.46999931335449,19819
2023-03-23 11:25:00-04:00,28.479999542236328,28.48500061035156,28.459999084472656,28.46500015258789,28.46500015258789,37250
2023-03-23 11:26:00-04:00,28.461200714111328,28.46500015258789,28.43000030517578,28.440000534057617,28.440000534057617,61620
2023-03-23 11:27:00-04:00,28.44499969482422,28.46999931335449,28.434999465942383,28.45499992370605,28.45499992370605,47524
2023-03-23 11:28:00-04:00,28.45499992370605,28.475000381469727,28.45499992370605,28.46500015258789,28.46500015258789,21434
2023-03-23 11:29:00-04:00,28.459999084472656,28.459999084472656,28.424999237060547,28.434999465942383,28.434999465942383,16300
2023-03-23 11:30:00-04:00,28.440000534057617,28.46500015258789,28.440000534057617,28.46150016784668,28.46150016784668,49494
2023-03-23 11:31:00-04:00,28.459999084472656,28.475000381469727,28.45499992370605,28.475000381469727,28.475000381469727,12907
2023-03-23 11:32:00-04:00,28.475000381469727,28.489900588989254,28.475000381469727,28.475000381469727,28.475000381469727,57461
2023-03-23 11:33:00-04:00,28.475000381469727,28.475000381469727,28.450000762939453,28.45499992370605,28.45499992370605,15424
2023-03-23 11:34:00-04:00,28.450000762939453,28.459999084472656,28.440000534057617,28.459999084472656,28.459999084472656,12439
2023-03-23 11:35:00-04:00,28.459999084472656,28.46999931335449,28.45499992370605,28.46500015258789,28.46500015258789,45317
2023-03-23 11:36:00-04:00,28.46999931335449,28.5,28.46500015258789,28.475000381469727,28.475000381469727,63183
2023-03-23 11:37:00-04:00,28.47780036926269,28.489999771118164,28.475000381469727,28.479999542236328,28.479999542236328,13323
2023-03-23 11:38:00-04:00,28.479999542236328,28.5,28.479999542236328,28.48500061035156,28.48500061035156,27289
2023-03-23 11:39:00-04:00,28.479999542236328,28.489999771118164,28.46500015258789,28.475000381469727,28.475000381469727,17655
2023-03-23 11:40:00-04:00,28.46999931335449,28.48500061035156,28.46999931335449,28.479999542236328,28.479999542236328,8746
2023-03-23 11:41:00-04:00,28.479999542236328,28.489999771118164,28.46999931335449,28.479999542236328,28.479999542236328,11303
2023-03-23 11:42:00-04:00,28.479999542236328,28.479999542236328,28.45499992370605,28.475000381469727,28.475000381469727,38736
2023-03-23 11:43:00-04:00,28.475000381469727,28.479999542236328,28.459999084472656,28.479999542236328,28.479999542236328,13921
2023-03-23 11:44:00-04:00,28.479999542236328,28.48500061035156,28.459999084472656,28.479999542236328,28.479999542236328,20018
2023-03-23 11:45:00-04:00,28.479999542236328,28.4950008392334,28.479999542236328,28.489999771118164,28.489999771118164,10550
2023-03-23 11:46:00-04:00,28.46500015258789,28.46999931335449,28.45499992370605,28.46999931335449,28.46999931335449,58491
2023-03-23 11:47:00-04:00,28.46999931335449,28.5049991607666,28.46999931335449,28.4950008392334,28.4950008392334,40963
2023-03-23 11:48:00-04:00,28.5,28.5,28.479999542236328,28.4950008392334,28.4950008392334,31349
2023-03-23 11:49:00-04:00,28.5,28.5049991607666,28.489999771118164,28.5,28.5,10335
2023-03-23 11:50:00-04:00,28.5,28.51000022888184,28.5,28.5049991607666,28.5049991607666,47836
2023-03-23 11:51:00-04:00,28.51000022888184,28.51000022888184,28.480100631713867,28.48500061035156,28.48500061035156,52100
2023-03-23 11:52:00-04:00,28.479999542236328,28.51000022888184,28.479999542236328,28.5,28.5,82769
2023-03-23 11:53:00-04:00,28.5,28.5049991607666,28.4950008392334,28.5049991607666,28.5049991607666,34098
2023-03-23 11:55:00-04:00,28.4950008392334,28.51000022888184,28.489999771118164,28.5,28.5,92650
2023-03-23 11:56:00-04:00,28.5,28.5049991607666,28.489999771118164,28.4950008392334,28.4950008392334,42960
2023-03-23 11:57:00-04:00,28.4950008392334,28.4950008392334,28.46999931335449,28.479999542236328,28.479999542236328,30396
2023-03-23 11:58:00-04:00,28.479999542236328,28.479999542236328,28.46500015258789,28.46999931335449,28.46999931335449,13565
2023-03-23 11:59:00-04:00,28.459999084472656,28.479999542236328,28.459999084472656,28.46500015258789,28.46500015258789,15405
2023-03-23 12:00:00-04:00,28.46999931335449,28.46999931335449,28.44499969482422,28.450000762939453,28.450000762939453,17987
2023-03-23 12:01:00-04:00,28.450000762939453,28.459999084472656,28.450000762939453,28.459999084472656,28.459999084472656,6801
2023-03-23 12:03:00-04:00,28.45499992370605,28.45499992370605,28.440000534057617,28.440000534057617,28.440000534057617,48533
2023-03-23 12:04:00-04:00,28.440000534057617,28.45499992370605,28.440000534057617,28.45499992370605,28.45499992370605,8387
2023-03-23 12:05:00-04:00,28.459999084472656,28.459999084472656,28.43000030517578,28.45499992370605,28.45499992370605,19059
2023-03-23 12:06:00-04:00,28.450000762939453,28.45499992370605,28.43000030517578,28.434999465942383,28.434999465942383,15485
2023-03-23 12:07:00-04:00,28.43000030517578,28.440000534057617,28.424999237060547,28.43000030517578,28.43000030517578,19179
2023-03-23 12:08:00-04:00,28.434999465942383,28.45499992370605,28.43000030517578,28.45499992370605,28.45499992370605,22834
2023-03-23 12:09:00-04:00,28.45499992370605,28.46500015258789,28.450000762939453,28.459999084472656,28.459999084472656,7165
2023-03-23 12:10:00-04:00,28.45499992370605,28.459999084472656,28.440000534057617,28.45499992370605,28.45499992370605,33710
2023-03-23 12:11:00-04:00,28.450000762939453,28.468900680541992,28.450000762939453,28.46500015258789,28.46500015258789,30516
2023-03-23 12:12:00-04:00,28.459999084472656,28.46999931335449,28.450000762939453,28.458799362182617,28.458799362182617,12603
2023-03-23 12:13:00-04:00,28.450000762939453,28.45499992370605,28.415000915527344,28.420000076293945,28.420000076293945,10673
2023-03-23 12:14:00-04:00,28.420000076293945,28.424999237060547,28.405000686645508,28.40999984741211,28.40999984741211,14106
2023-03-23 12:15:00-04:00,28.40999984741211,28.415000915527344,28.399999618530277,28.399999618530277,28.399999618530277,29706
2023-03-23 12:16:00-04:00,28.405000686645508,28.40999984741211,28.38999938964844,28.40999984741211,28.40999984741211,36607
2023-03-23 12:17:00-04:00,28.40999984741211,28.424999237060547,28.40999984741211,28.420000076293945,28.420000076293945,9398
2023-03-23 12:18:00-04:00,28.420000076293945,28.420000076293945,28.399999618530277,28.399999618530277,28.399999618530277,17358
2023-03-23 12:19:00-04:00,28.399999618530277,28.420000076293945,28.399999618530277,28.420000076293945,28.420000076293945,18731
2023-03-23 12:20:00-04:00,28.424999237060547,28.424999237060547,28.399999618530277,28.40999984741211,28.40999984741211,17128
2023-03-23 12:21:00-04:00,28.405000686645508,28.415000915527344,28.399999618530277,28.399999618530277,28.399999618530277,5030
2023-03-23 12:22:00-04:00,28.399999618530277,28.420000076293945,28.395000457763672,28.420000076293945,28.420000076293945,18067
2023-03-23 12:23:00-04:00,28.420000076293945,28.420000076293945,28.38999938964844,28.405000686645508,28.405000686645508,22689
2023-03-23 12:24:00-04:00,28.40999984741211,28.420000076293945,28.405000686645508,28.40999984741211,28.40999984741211,17645
2023-03-23 12:25:00-04:00,28.40999984741211,28.43000030517578,28.40999984741211,28.40999984741211,28.40999984741211,21519
2023-03-23 12:26:00-04:00,28.415000915527344,28.43000030517578,28.40999984741211,28.424999237060547,28.424999237060547,42225
2023-03-23 12:27:00-04:00,28.424999237060547,28.424999237060547,28.40999984741211,28.415000915527344,28.415000915527344,5937
2023-03-23 12:28:00-04:00,28.420000076293945,28.43000030517578,28.415000915527344,28.420000076293945,28.420000076293945,11640
2023-03-23 12:29:00-04:00,28.420000076293945,28.420000076293945,28.3799991607666,28.395000457763672,28.395000457763672,24451
2023-03-23 12:30:00-04:00,28.395000457763672,28.399999618530277,28.38500022888184,28.38500022888184,28.38500022888184,18602
2023-03-23 12:31:00-04:00,28.38999938964844,28.40999984741211,28.38500022888184,28.40999984741211,28.40999984741211,14562
2023-03-23 12:32:00-04:00,28.415000915527344,28.43000030517578,28.415000915527344,28.420000076293945,28.420000076293945,38704
2023-03-23 12:33:00-04:00,28.420000076293945,28.43000030517578,28.420000076293945,28.420000076293945,28.420000076293945,5778
2023-03-23 12:34:00-04:00,28.43000030517578,28.43000030517578,28.399999618530277,28.405000686645508,28.405000686645508,21203
2023-03-23 12:35:00-04:00,28.40999984741211,28.415000915527344,28.399999618530277,28.405000686645508,28.405000686645508,32122
2023-03-23 12:36:00-04:00,28.405000686645508,28.415000915527344,28.38999938964844,28.405000686645508,28.405000686645508,27114
2023-03-23 12:37:00-04:00,28.405000686645508,28.40999984741211,28.399999618530277,28.405000686645508,28.405000686645508,8374
2023-03-23 12:38:00-04:00,28.407699584960938,28.407699584960938,28.399999618530277,28.399999618530277,28.399999618530277,8157
2023-03-23 12:39:00-04:00,28.40999984741211,28.424999237060547,28.40999984741211,28.420000076293945,28.420000076293945,17435
2023-03-23 12:40:00-04:00,28.420000076293945,28.43000030517578,28.40999984741211,28.40999984741211,28.40999984741211,18189
2023-03-23 12:41:00-04:00,28.40999984741211,28.415000915527344,28.375,28.375,28.375,21649
2023-03-23 12:42:00-04:00,28.3700008392334,28.399999618530277,28.3700008392334,28.399999618530277,28.399999618530277,11388
2023-03-23 12:43:00-04:00,28.38999938964844,28.415000915527344,28.38999938964844,28.415000915527344,28.415000915527344,10007
2023-03-23 12:44:00-04:00,28.420000076293945,28.440000534057617,28.415000915527344,28.43000030517578,28.43000030517578,16701
2023-03-23 12:45:00-04:00,28.424999237060547,28.424999237060547,28.38999938964844,28.38999938964844,28.38999938964844,29292
2023-03-23 12:46:00-04:00,28.38999938964844,28.38999938964844,28.3700008392334,28.375,28.375,9204
2023-03-23 12:47:00-04:00,28.3700008392334,28.3700008392334,28.350000381469727,28.354999542236328,28.354999542236328,33963
2023-03-23 12:48:00-04:00,28.354999542236328,28.3700008392334,28.350000381469727,28.36849975585937,28.36849975585937,11485
2023-03-23 12:49:00-04:00,28.3700008392334,28.375,28.34499931335449,28.3700008392334,28.3700008392334,39900
2023-03-23 12:50:00-04:00,28.3700008392334,28.3700008392334,28.334999084472656,28.334999084472656,28.334999084472656,17606
2023-03-23 12:51:00-04:00,28.334999084472656,28.350000381469727,28.32999992370605,28.34000015258789,28.34000015258789,27426
2023-03-23 12:52:00-04:00,28.334999084472656,28.354999542236328,28.334999084472656,28.354999542236328,28.354999542236328,16352
2023-03-23 12:53:00-04:00,28.350000381469727,28.36000061035156,28.34000015258789,28.34499931335449,28.34499931335449,26174
2023-03-23 12:54:00-04:00,28.34499931335449,28.34499931335449,28.31999969482422,28.31999969482422,28.31999969482422,25029
2023-03-23 12:55:00-04:00,28.31999969482422,28.31999969482422,28.30500030517578,28.309999465942383,28.309999465942383,29358
2023-03-23 12:56:00-04:00,28.309999465942383,28.32889938354492,28.299999237060547,28.299999237060547,28.299999237060547,15146
2023-03-23 12:57:00-04:00,28.295000076293945,28.309999465942383,28.295000076293945,28.309999465942383,28.309999465942383,29591
2023-03-23 12:58:00-04:00,28.315000534057617,28.34000015258789,28.315000534057617,28.34000015258789,28.34000015258789,28852
2023-03-23 12:59:00-04:00,28.334999084472656,28.350000381469727,28.334999084472656,28.34000015258789,28.34000015258789,7693
2023-03-23 13:00:00-04:00,28.34499931335449,28.350000381469727,28.334999084472656,28.34000015258789,28.34000015258789,17343
2023-03-23 13:01:00-04:00,28.34000015258789,28.354999542236328,28.32999992370605,28.334999084472656,28.334999084472656,19489
2023-03-23 13:02:00-04:00,28.34000015258789,28.350000381469727,28.34000015258789,28.34000015258789,28.34000015258789,5530
2023-03-23 13:03:00-04:00,28.34499931335449,28.36000061035156,28.34000015258789,28.354999542236328,28.354999542236328,13255
2023-03-23 13:04:00-04:00,28.36000061035156,28.395000457763672,28.36000061035156,28.38999938964844,28.38999938964844,9064
2023-03-23 13:05:00-04:00,28.399999618530277,28.415000915527344,28.399999618530277,28.399999618530277,28.399999618530277,15844
2023-03-23 13:06:00-04:00,28.405000686645508,28.40999984741211,28.399999618530277,28.405000686645508,28.405000686645508,5588
2023-03-23 13:07:00-04:00,28.40999984741211,28.40999984741211,28.375,28.3799991607666,28.3799991607666,30656
2023-03-23 13:08:00-04:00,28.3700008392334,28.375,28.354999542236328,28.3700008392334,28.3700008392334,12920
2023-03-23 13:09:00-04:00,28.3700008392334,28.3700008392334,28.34000015258789,28.350000381469727,28.350000381469727,17857
2023-03-23 13:10:00-04:00,28.350000381469727,28.354999542236328,28.32999992370605,28.32999992370605,28.32999992370605,29021
2023-03-23 13:11:00-04:00,28.334999084472656,28.334999084472656,28.31999969482422,28.31999969482422,28.31999969482422,4729
2023-03-23 13:12:00-04:00,28.31999969482422,28.31999969482422,28.291000366210938,28.299999237060547,28.299999237060547,25138
2023-03-23 13:13:00-04:00,28.299999237060547,28.334999084472656,28.299999237060547,28.31999969482422,28.31999969482422,10710
2023-03-23 13:14:00-04:00,28.32999992370605,28.340599060058597,28.31999969482422,28.325000762939453,28.325000762939453,19087
2023-03-23 13:15:00-04:00,28.31999969482422,28.325000762939453,28.30500030517578,28.309999465942383,28.309999465942383,28166
2023-03-23 13:16:00-04:00,28.309999465942383,28.315000534057617,28.280000686645508,28.299999237060547,28.299999237060547,30621
2023-03-23 13:17:00-04:00,28.299999237060547,28.315000534057617,28.295000076293945,28.309999465942383,28.309999465942383,14240
2023-03-23 13:18:00-04:00,28.309999465942383,28.309999465942383,28.299999237060547,28.309999465942383,28.309999465942383,7879
2023-03-23 13:19:00-04:00,28.315000534057617,28.334999084472656,28.309999465942383,28.32999992370605,28.32999992370605,14822
2023-03-23 13:20:00-04:00,28.32999992370605,28.350000381469727,28.31999969482422,28.34499931335449,28.34499931335449,13802
2023-03-23 13:21:00-04:00,28.350000381469727,28.36000061035156,28.334999084472656,28.36000061035156,28.36000061035156,21474
2023-03-23 13:22:00-04:00,28.36000061035156,28.3700008392334,28.354999542236328,28.364999771118164,28.364999771118164,35135
2023-03-23 13:23:00-04:00,28.364999771118164,28.3700008392334,28.36000061035156,28.364999771118164,28.364999771118164,6679
2023-03-23 13:24:00-04:00,28.3700008392334,28.3700008392334,28.34000015258789,28.34000015258789,28.34000015258789,19392
2023-03-23 13:25:00-04:00,28.350000381469727,28.350000381469727,28.274999618530277,28.28499984741211,28.28499984741211,63796
2023-03-23 13:26:00-04:00,28.280000686645508,28.290000915527344,28.26000022888184,28.270000457763672,28.270000457763672,16371
2023-03-23 13:27:00-04:00,28.270000457763672,28.280000686645508,28.2549991607666,28.270000457763672,28.270000457763672,21023
2023-03-23 13:28:00-04:00,28.26499938964844,28.325000762939453,28.26499938964844,28.325000762939453,28.325000762939453,25766
2023-03-23 13:29:00-04:00,28.31999969482422,28.31999969482422,28.299999237060547,28.30500030517578,28.30500030517578,11153
2023-03-23 13:30:00-04:00,28.299999237060547,28.32999992370605,28.295000076293945,28.32999992370605,28.32999992370605,17600
2023-03-23 13:31:00-04:00,28.32999992370605,28.334999084472656,28.315000534057617,28.325000762939453,28.325000762939453,33264
2023-03-23 13:32:00-04:00,28.31999969482422,28.34000015258789,28.31999969482422,28.32999992370605,28.32999992370605,15805
2023-03-23 13:33:00-04:00,28.34000015258789,28.34499931335449,28.325000762939453,28.32999992370605,28.32999992370605,16622
2023-03-23 13:34:00-04:00,28.334999084472656,28.334999084472656,28.31999969482422,28.31999969482422,28.31999969482422,6183
2023-03-23 13:35:00-04:00,28.31999969482422,28.34000015258789,28.309999465942383,28.34000015258789,28.34000015258789,28042
2023-03-23 13:36:00-04:00,28.34499931335449,28.36000061035156,28.334999084472656,28.36000061035156,28.36000061035156,19003
2023-03-23 13:37:00-04:00,28.3700008392334,28.3799991607666,28.3700008392334,28.375,28.375,4506
2023-03-23 13:38:00-04:00,28.375,28.38999938964844,28.3700008392334,28.3799991607666,28.3799991607666,590798
2023-03-23 13:39:00-04:00,28.38999938964844,28.415000915527344,28.38999938964844,28.405000686645508,28.405000686645508,26851
2023-03-23 13:40:00-04:00,28.405000686645508,28.43000030517578,28.399999618530277,28.424999237060547,28.424999237060547,22583
2023-03-23 13:41:00-04:00,28.424999237060547,28.46500015258789,28.420000076293945,28.46500015258789,28.46500015258789,25892
2023-03-23 13:42:00-04:00,28.46999931335449,28.479999542236328,28.46999931335449,28.475000381469727,28.475000381469727,10981
2023-03-23 13:43:00-04:00,28.475000381469727,28.489999771118164,28.46500015258789,28.489999771118164,28.489999771118164,15710
2023-03-23 13:44:00-04:00,28.489999771118164,28.5,28.479999542236328,28.48500061035156,28.48500061035156,23219
2023-03-23 13:45:00-04:00,28.479999542236328,28.4950008392334,28.479999542236328,28.4950008392334,28.4950008392334,12058
2023-03-23 13:46:00-04:00,28.4950008392334,28.4950008392334,28.440000534057617,28.440000534057617,28.440000534057617,30170
2023-03-23 13:47:00-04:00,28.440000534057617,28.44499969482422,28.40999984741211,28.434999465942383,28.434999465942383,26998
2023-03-23 13:48:00-04:00,28.43000030517578,28.434999465942383,28.40999984741211,28.424999237060547,28.424999237060547,15985
2023-03-23 13:49:00-04:00,28.43000030517578,28.440000534057617,28.420000076293945,28.440000534057617,28.440000534057617,10804
2023-03-23 13:50:00-04:00,28.450000762939453,28.45929908752441,28.420000076293945,28.43000030517578,28.43000030517578,27561
2023-03-23 13:51:00-04:00,28.43000030517578,28.43000030517578,28.399999618530277,28.415000915527344,28.415000915527344,10629
2023-03-23 13:52:00-04:00,28.40999984741211,28.415000915527344,28.38500022888184,28.399999618530277,28.399999618530277,11850
2023-03-23 13:53:00-04:00,28.399999618530277,28.434999465942383,28.399999618530277,28.43000030517578,28.43000030517578,11338
2023-03-23 13:54:00-04:00,28.43930053710937,28.43930053710937,28.38500022888184,28.38999938964844,28.38999938964844,24979
2023-03-23 13:55:00-04:00,28.38999938964844,28.38999938964844,28.375,28.3799991607666,28.3799991607666,12993
2023-03-23 13:56:00-04:00,28.38500022888184,28.40999984741211,28.38500022888184,28.40999984741211,28.40999984741211,16279
2023-03-23 13:57:00-04:00,28.40999984741211,28.415000915527344,28.38999938964844,28.405000686645508,28.405000686645508,16043
2023-03-23 13:58:00-04:00,28.405000686645508,28.415000915527344,28.38500022888184,28.38500022888184,28.38500022888184,40802
2023-03-23 13:59:00-04:00,28.38500022888184,28.399999618530277,28.3799991607666,28.38999938964844,28.38999938964844,18592
2023-03-23 14:00:00-04:00,28.399999618530277,28.434999465942383,28.395000457763672,28.424999237060547,28.424999237060547,25064
2023-03-23 14:01:00-04:00,28.43000030517578,28.450000762939453,28.43000030517578,28.440000534057617,28.440000534057617,21816
2023-03-23 14:02:00-04:00,28.434999465942383,28.45499992370605,28.399999618530277,28.399999618530277,28.399999618530277,19643
2023-03-23 14:03:00-04:00,28.399999618530277,28.415000915527344,28.395000457763672,28.415000915527344,28.415000915527344,24117
2023-03-23 14:04:00-04:00,28.40999984741211,28.420000076293945,28.40999984741211,28.420000076293945,28.420000076293945,21045
2023-03-23 14:05:00-04:00,28.420000076293945,28.440000534057617,28.399999618530277,28.405000686645508,28.405000686645508,30397
2023-03-23 14:06:00-04:00,28.40800094604492,28.420000076293945,28.3799991607666,28.3799991607666,28.3799991607666,48900
2023-03-23 14:07:00-04:00,28.38999938964844,28.405000686645508,28.38500022888184,28.405000686645508,28.405000686645508,10913
2023-03-23 14:08:00-04:00,28.399999618530277,28.399999618530277,28.3799991607666,28.38500022888184,28.38500022888184,12267
2023-03-23 14:09:00-04:00,28.3799991607666,28.399999618530277,28.375,28.3799991607666,28.3799991607666,20805
2023-03-23 14:10:00-04:00,28.38500022888184,28.386999130249023,28.36000061035156,28.36000061035156,28.36000061035156,24610
2023-03-23 14:11:00-04:00,28.3700008392334,28.375,28.36000061035156,28.364999771118164,28.364999771118164,21712
2023-03-23 14:12:00-04:00,28.364999771118164,28.375,28.36000061035156,28.3700008392334,28.3700008392334,15867
2023-03-23 14:13:00-04:00,28.375,28.38999938964844,28.3700008392334,28.38500022888184,28.38500022888184,18796
2023-03-23 14:14:00-04:00,28.3799991607666,28.38999938964844,28.3700008392334,28.3700008392334,28.3700008392334,12889
2023-03-23 14:15:00-04:00,28.3700008392334,28.375,28.36000061035156,28.364999771118164,28.364999771118164,18153
2023-03-23 14:16:00-04:00,28.36000061035156,28.38500022888184,28.36000061035156,28.3700008392334,28.3700008392334,23524
2023-03-23 14:17:00-04:00,28.3700008392334,28.3700008392334,28.350000381469727,28.350000381469727,28.350000381469727,16397
2023-03-23 14:18:00-04:00,28.350000381469727,28.364999771118164,28.34499931335449,28.36000061035156,28.36000061035156,27213
2023-03-23 14:19:00-04:00,28.3700008392334,28.38500022888184,28.364999771118164,28.364999771118164,28.364999771118164,28361
2023-03-23 14:20:00-04:00,28.364999771118164,28.3700008392334,28.350000381469727,28.350000381469727,28.350000381469727,18710
2023-03-23 14:21:00-04:00,28.354999542236328,28.354999542236328,28.325000762939453,28.325000762939453,28.325000762939453,28579
2023-03-23 14:22:00-04:00,28.325000762939453,28.34499931335449,28.325000762939453,28.32999992370605,28.32999992370605,27533
2023-03-23 14:23:00-04:00,28.34000015258789,28.34000015258789,28.299999237060547,28.299999237060547,28.299999237060547,46540
2023-03-23 14:24:00-04:00,28.299999237060547,28.30500030517578,28.270000457763672,28.270000457763672,28.270000457763672,33322
2023-03-23 14:25:00-04:00,28.280000686645508,28.280000686645508,28.239999771118164,28.239999771118164,28.239999771118164,19836
2023-03-23 14:26:00-04:00,28.239999771118164,28.274999618530277,28.239999771118164,28.274999618530277,28.274999618530277,21543
2023-03-23 14:27:00-04:00,28.274999618530277,28.274999618530277,28.229999542236328,28.23500061035156,28.23500061035156,23027
2023-03-23 14:28:00-04:00,28.229999542236328,28.239999771118164,28.225000381469727,28.23500061035156,28.23500061035156,11562
2023-03-23 14:29:00-04:00,28.229999542236328,28.229999542236328,28.20499992370605,28.20499992370605,28.20499992370605,22061
2023-03-23 14:30:00-04:00,28.200000762939453,28.2450008392334,28.200000762939453,28.2450008392334,28.2450008392334,20708
2023-03-23 14:31:00-04:00,28.239999771118164,28.239999771118164,28.209999084472656,28.21999931335449,28.21999931335449,14116
2023-03-23 14:32:00-04:00,28.225000381469727,28.225000381469727,28.165000915527344,28.170000076293945,28.170000076293945,26712
2023-03-23 14:33:00-04:00,28.170000076293945,28.18000030517578,28.149999618530277,28.165000915527344,28.165000915527344,23897
2023-03-23 14:34:00-04:00,28.15999984741211,28.174999237060547,28.149999618530277,28.174999237060547,28.174999237060547,19314
2023-03-23 14:35:00-04:00,28.170000076293945,28.20499992370605,28.170000076293945,28.19499969482422,28.19499969482422,28115
2023-03-23 14:36:00-04:00,28.200000762939453,28.20499992370605,28.170000076293945,28.170000076293945,28.170000076293945,21986
2023-03-23 14:37:00-04:00,28.170000076293945,28.190000534057617,28.170000076293945,28.18000030517578,28.18000030517578,12106
2023-03-23 14:38:00-04:00,28.18000030517578,28.19499969482422,28.13999938964844,28.13999938964844,28.13999938964844,22773
2023-03-23 14:39:00-04:00,28.149999618530277,28.155000686645508,28.13999938964844,28.13999938964844,28.13999938964844,29255
2023-03-23 14:40:00-04:00,28.145000457763672,28.155000686645508,28.11000061035156,28.125,28.125,20998
2023-03-23 14:41:00-04:00,28.1200008392334,28.1200008392334,28.09000015258789,28.100000381469727,28.100000381469727,33055
2023-03-23 14:42:00-04:00,28.100000381469727,28.11000061035156,28.09000015258789,28.09000015258789,28.09000015258789,18457
2023-03-23 14:43:00-04:00,28.09000015258789,28.100000381469727,28.075000762939453,28.07999992370605,28.07999992370605,12608
2023-03-23 14:44:00-04:00,28.07999992370605,28.07999992370605,28.05500030517578,28.05500030517578,28.05500030517578,18759
2023-03-23 14:45:00-04:00,28.059999465942383,28.1200008392334,28.059999465942383,28.11000061035156,28.11000061035156,24699
2023-03-23 14:46:00-04:00,28.1200008392334,28.125,28.09000015258789,28.09499931335449,28.09499931335449,23009
2023-03-23 14:47:00-04:00,28.09000015258789,28.09499931335449,28.040000915527344,28.040000915527344,28.040000915527344,18322
2023-03-23 14:48:00-04:00,28.040000915527344,28.059999465942383,28.030000686645508,28.05500030517578,28.05500030517578,37003
2023-03-23 14:49:00-04:00,28.05500030517578,28.06999969482422,28.040000915527344,28.06999969482422,28.06999969482422,26308
2023-03-23 14:50:00-04:00,28.065000534057617,28.06999969482422,28.049999237060547,28.065000534057617,28.065000534057617,37725
2023-03-23 14:51:00-04:00,28.06999969482422,28.089399337768555,28.059999465942383,28.084999084472656,28.084999084472656,21959
2023-03-23 14:52:00-04:00,28.09000015258789,28.09000015258789,28.049999237060547,28.05500030517578,28.05500030517578,50758
2023-03-23 14:53:00-04:00,28.05500030517578,28.075000762939453,28.049999237060547,28.059999465942383,28.059999465942383,24418
2023-03-23 14:54:00-04:00,28.059999465942383,28.059999465942383,28.030000686645508,28.038799285888672,28.038799285888672,20367
2023-03-23 14:55:00-04:00,28.030000686645508,28.03499984741211,28.020000457763672,28.03499984741211,28.03499984741211,30834
2023-03-23 14:56:00-04:00,28.030000686645508,28.040000915527344,28.01000022888184,28.040000915527344,28.040000915527344,26060
2023-03-23 14:57:00-04:00,28.045000076293945,28.06999969482422,28.045000076293945,28.065000534057617,28.065000534057617,18992
2023-03-23 14:58:00-04:00,28.065000534057617,28.09000015258789,28.05500030517578,28.09000015258789,28.09000015258789,23761
2023-03-23 14:59:00-04:00,28.100000381469727,28.13999938964844,28.09499931335449,28.13999938964844,28.13999938964844,21955
2023-03-23 15:00:00-04:00,28.13999938964844,28.315000534057617,28.13500022888184,28.30500030517578,28.30500030517578,152625
2023-03-23 15:01:00-04:00,28.30500030517578,28.34000015258789,28.2450008392334,28.274999618530277,28.274999618530277,157907
2023-03-23 15:02:00-04:00,28.280000686645508,28.280000686645508,28.155000686645508,28.170000076293945,28.170000076293945,36115
2023-03-23 15:03:00-04:00,28.174999237060547,28.225000381469727,28.174999237060547,28.21999931335449,28.21999931335449,35170
2023-03-23 15:04:00-04:00,28.21500015258789,28.21500015258789,28.18000030517578,28.190000534057617,28.190000534057617,28564
2023-03-23 15:05:00-04:00,28.200000762939453,28.20499992370605,28.15999984741211,28.165000915527344,28.165000915527344,23938
2023-03-23 15:06:00-04:00,28.15999984741211,28.19499969482422,28.15999984741211,28.165000915527344,28.165000915527344,25314
2023-03-23 15:07:00-04:00,28.170000076293945,28.174999237060547,28.1299991607666,28.13500022888184,28.13500022888184,30004
2023-03-23 15:08:00-04:00,28.13500022888184,28.149999618530277,28.11000061035156,28.149999618530277,28.149999618530277,129516
2023-03-23 15:09:00-04:00,28.149999618530277,28.21500015258789,28.149999618530277,28.21500015258789,28.21500015258789,35102
2023-03-23 15:10:00-04:00,28.21500015258789,28.23500061035156,28.209999084472656,28.225000381469727,28.225000381469727,40864
2023-03-23 15:11:00-04:00,28.225000381469727,28.25,28.20499992370605,28.209999084472656,28.209999084472656,80961
2023-03-23 15:12:00-04:00,28.21500015258789,28.23500061035156,28.200000762939453,28.209999084472656,28.209999084472656,34579
2023-03-23 15:13:00-04:00,28.20499992370605,28.20499992370605,28.15999984741211,28.165000915527344,28.165000915527344,42396
2023-03-23 15:14:00-04:00,28.170000076293945,28.18000030517578,28.149999618530277,28.18000030517578,28.18000030517578,33596
2023-03-23 15:15:00-04:00,28.174999237060547,28.209999084472656,28.154300689697266,28.155000686645508,28.155000686645508,30858
2023-03-23 15:16:00-04:00,28.15999984741211,28.174999237060547,28.1299991607666,28.13999938964844,28.13999938964844,34460
2023-03-23 15:17:00-04:00,28.145000457763672,28.18000030517578,28.13500022888184,28.13999938964844,28.13999938964844,42769
2023-03-23 15:18:00-04:00,28.13500022888184,28.145000457763672,28.084999084472656,28.09000015258789,28.09000015258789,90867
2023-03-23 15:19:00-04:00,28.09499931335449,28.100000381469727,28.045000076293945,28.05500030517578,28.05500030517578,47234
2023-03-23 15:20:00-04:00,28.045000076293945,28.059999465942383,28.0,28.0,28.0,82531
2023-03-23 15:21:00-04:00,27.9950008392334,28.01499938964844,27.979999542236328,27.9950008392334,27.9950008392334,144694
2023-03-23 15:22:00-04:00,27.989999771118164,28.059999465942383,27.989999771118164,28.05500030517578,28.05500030517578,47166
2023-03-23 15:23:00-04:00,28.049999237060547,28.09000015258789,28.030000686645508,28.075000762939453,28.075000762939453,57152
2023-03-23 15:24:00-04:00,28.075000762939453,28.104999542236328,28.065000534057617,28.104999542236328,28.104999542236328,37648
2023-03-23 15:25:00-04:00,28.104999542236328,28.1200008392334,28.084999084472656,28.11000061035156,28.11000061035156,42089
2023-03-23 15:26:00-04:00,28.11000061035156,28.1200008392334,28.09499931335449,28.104999542236328,28.104999542236328,25652
2023-03-23 15:27:00-04:00,28.104999542236328,28.149999618530277,28.104999542236328,28.1299991607666,28.1299991607666,82325
2023-03-23 15:28:00-04:00,28.1299991607666,28.13500022888184,28.09000015258789,28.11000061035156,28.11000061035156,74318
2023-03-23 15:29:00-04:00,28.11000061035156,28.1200008392334,28.100000381469727,28.100000381469727,28.100000381469727,28176
2023-03-23 15:30:00-04:00,28.100000381469727,28.11000061035156,28.07999992370605,28.07999992370605,28.07999992370605,70339
2023-03-23 15:31:00-04:00,28.075000762939453,28.100000381469727,28.049999237060547,28.07999992370605,28.07999992370605,67481
2023-03-23 15:32:00-04:00,28.07999992370605,28.1299991607666,28.07999992370605,28.100000381469727,28.100000381469727,46230
2023-03-23 15:33:00-04:00,28.11000061035156,28.11000061035156,28.06999969482422,28.07999992370605,28.07999992370605,46937
2023-03-23 15:34:00-04:00,28.07999992370605,28.104999542236328,28.075000762939453,28.09499931335449,28.09499931335449,47210
2023-03-23 15:35:00-04:00,28.100000381469727,28.13999938964844,28.09499931335449,28.1200008392334,28.1200008392334,52346
2023-03-23 15:36:00-04:00,28.1200008392334,28.15999984741211,28.100000381469727,28.1299991607666,28.1299991607666,41030
2023-03-23 15:37:00-04:00,28.13999938964844,28.149999618530277,28.1200008392334,28.1299991607666,28.1299991607666,39818
2023-03-23 15:38:00-04:00,28.13500022888184,28.13500022888184,28.09000015258789,28.100000381469727,28.100000381469727,43124
2023-03-23 15:39:00-04:00,28.11000061035156,28.1200008392334,28.09499931335449,28.10140037536621,28.10140037536621,30591
2023-03-23 15:40:00-04:00,28.100000381469727,28.104999542236328,28.059999465942383,28.059999465942383,28.059999465942383,64696
2023-03-23 15:41:00-04:00,28.06010055541992,28.104999542236328,28.049999237060547,28.09000015258789,28.09000015258789,72471
2023-03-23 15:42:00-04:00,28.084999084472656,28.09499931335449,28.05500030517578,28.09499931335449,28.09499931335449,45024
2023-03-23 15:43:00-04:00,28.09499931335449,28.114999771118164,28.07999992370605,28.09000015258789,28.09000015258789,39612
2023-03-23 15:44:00-04:00,28.100000381469727,28.100000381469727,28.06999969482422,28.084999084472656,28.084999084472656,26800
2023-03-23 15:45:00-04:00,28.07999992370605,28.13999938964844,28.07999992370605,28.11000061035156,28.11000061035156,57935
2023-03-23 15:46:00-04:00,28.114999771118164,28.149999618530277,28.11000061035156,28.13500022888184,28.13500022888184,63753
2023-03-23 15:47:00-04:00,28.13500022888184,28.159900665283203,28.125,28.145000457763672,28.145000457763672,48248
2023-03-23 15:48:00-04:00,28.13999938964844,28.145000457763672,28.09000015258789,28.11000061035156,28.11000061035156,88134
2023-03-23 15:49:00-04:00,28.104999542236328,28.11000061035156,28.09000015258789,28.100000381469727,28.100000381469727,46304
2023-03-23 15:50:00-04:00,28.09000015258789,28.20499992370605,28.09000015258789,28.184999465942383,28.184999465942383,174478
2023-03-23 15:51:00-04:00,28.184999465942383,28.190000534057617,28.13500022888184,28.13999938964844,28.13999938964844,94881
2023-03-23 15:52:00-04:00,28.13999938964844,28.145000457763672,28.11000061035156,28.114999771118164,28.114999771118164,115576
2023-03-23 15:53:00-04:00,28.11000061035156,28.149999618530277,28.100000381469727,28.149999618530277,28.149999618530277,113460
2023-03-23 15:54:00-04:00,28.149999618530277,28.15999984741211,28.114999771118164,28.125,28.125,192022
2023-03-23 15:55:00-04:00,28.125,28.13999938964844,28.07999992370605,28.09499931335449,28.09499931335449,170495
2023-03-23 15:56:00-04:00,28.09499931335449,28.11000061035156,28.07999992370605,28.084999084472656,28.084999084472656,131639
2023-03-23 15:57:00-04:00,28.07999992370605,28.11000061035156,28.07999992370605,28.09499931335449,28.09499931335449,204757
2023-03-23 15:58:00-04:00,28.09499931335449,28.114999771118164,28.06999969482422,28.06999969482422,28.06999969482422,241644
2023-03-23 15:59:00-04:00,28.06999969482422,28.07999992370605,28.040000915527344,28.06999969482422,28.06999969482422,820354
2023-03-24 09:30:00-04:00,27.780000686645508,27.84000015258789,27.670000076293945,27.780000686645508,27.780000686645508,150487
2023-03-24 09:31:00-04:00,27.770000457763672,27.78499984741211,27.709999084472656,27.780000686645508,27.780000686645508,40589
2023-03-24 09:32:00-04:00,27.780000686645508,27.84000015258789,27.774999618530277,27.83989906311035,27.83989906311035,46370
2023-03-24 09:33:00-04:00,27.834999084472656,27.834999084472656,27.770000457763672,27.774999618530277,27.774999618530277,21507
2023-03-24 09:34:00-04:00,27.780000686645508,27.81999969482422,27.780000686645508,27.815000534057617,27.815000534057617,17820
2023-03-24 09:35:00-04:00,27.815000534057617,27.850000381469727,27.809999465942383,27.850000381469727,27.850000381469727,25967
2023-03-24 09:36:00-04:00,27.850000381469727,27.88500022888184,27.84499931335449,27.8799991607666,27.8799991607666,16178
2023-03-24 09:37:00-04:00,27.875,27.895000457763672,27.854999542236328,27.8700008392334,27.8700008392334,17605
2023-03-24 09:38:00-04:00,27.8700008392334,27.8799991607666,27.84000015258789,27.84000015258789,27.84000015258789,18961
2023-03-24 09:39:00-04:00,27.84499931335449,27.86000061035156,27.809999465942383,27.84000015258789,27.84000015258789,56079
2023-03-24 09:40:00-04:00,27.84000015258789,27.850000381469727,27.81999969482422,27.84000015258789,27.84000015258789,15015
2023-03-24 09:41:00-04:00,27.84000015258789,27.850000381469727,27.81999969482422,27.82999992370605,27.82999992370605,32951
2023-03-24 09:42:00-04:00,27.82999992370605,27.82999992370605,27.790000915527344,27.799999237060547,27.799999237060547,30224
2023-03-24 09:43:00-04:00,27.799999237060547,27.799999237060547,27.76000022888184,27.774999618530277,27.774999618530277,22630
2023-03-24 09:44:00-04:00,27.774999618530277,27.790000915527344,27.75,27.76000022888184,27.76000022888184,35741
2023-03-24 09:45:00-04:00,27.76000022888184,27.76000022888184,27.68000030517578,27.71999931335449,27.71999931335449,74341
2023-03-24 09:46:00-04:00,27.71999931335449,27.73500061035156,27.68090057373047,27.690000534057617,27.690000534057617,27800
2023-03-24 09:47:00-04:00,27.700000762939453,27.71999931335449,27.649999618530277,27.65999984741211,27.65999984741211,50860
2023-03-24 09:48:00-04:00,27.65999984741211,27.668800354003903,27.6299991607666,27.63999938964844,27.63999938964844,27889
2023-03-24 09:49:00-04:00,27.63999938964844,27.65999984741211,27.600000381469727,27.655000686645508,27.655000686645508,73149
2023-03-24 09:50:00-04:00,27.649999618530277,27.709999084472656,27.649999618530277,27.700000762939453,27.700000762939453,40247
2023-03-24 09:51:00-04:00,27.70499992370605,27.729999542236328,27.69499969482422,27.700000762939453,27.700000762939453,32589
2023-03-24 09:52:00-04:00,27.70890045166016,27.729999542236328,27.700000762939453,27.71999931335449,27.71999931335449,51038
2023-03-24 09:53:00-04:00,27.71999931335449,27.7549991607666,27.70499992370605,27.70499992370605,27.70499992370605,32900
2023-03-24 09:54:00-04:00,27.709999084472656,27.71999931335449,27.690000534057617,27.709999084472656,27.709999084472656,47174
2023-03-24 09:55:00-04:00,27.71500015258789,27.71999931335449,27.700000762939453,27.71500015258789,27.71500015258789,44810
2023-03-24 09:56:00-04:00,27.71500015258789,27.73500061035156,27.700000762939453,27.725000381469727,27.725000381469727,39995
2023-03-24 09:57:00-04:00,27.71999931335449,27.770000457763672,27.71999931335449,27.76000022888184,27.76000022888184,40389
2023-03-24 09:58:00-04:00,27.76000022888184,27.80500030517578,27.750099182128903,27.80500030517578,27.80500030517578,78043
2023-03-24 09:59:00-04:00,27.799999237060547,27.84000015258789,27.799999237060547,27.84000015258789,27.84000015258789,55407
2023-03-24 10:00:00-04:00,27.84000015258789,27.854999542236328,27.815000534057617,27.82999992370605,27.82999992370605,63607
2023-03-24 10:01:00-04:00,27.82999992370605,27.86000061035156,27.809999465942383,27.809999465942383,27.809999465942383,50308
2023-03-24 10:02:00-04:00,27.809999465942383,27.82999992370605,27.780000686645508,27.780000686645508,27.780000686645508,53929
2023-03-24 10:03:00-04:00,27.780000686645508,27.795000076293945,27.76000022888184,27.774999618530277,27.774999618530277,45021
2023-03-24 10:04:00-04:00,27.770000457763672,27.780000686645508,27.739999771118164,27.76000022888184,27.76000022888184,57817
2023-03-24 10:05:00-04:00,27.7549991607666,27.809999465942383,27.75,27.78499984741211,27.78499984741211,24564
2023-03-24 10:06:00-04:00,27.78499984741211,27.809999465942383,27.780000686645508,27.799999237060547,27.799999237060547,30450
2023-03-24 10:07:00-04:00,27.799999237060547,27.850000381469727,27.790000915527344,27.82999992370605,27.82999992370605,32981
2023-03-24 10:08:00-04:00,27.81999969482422,27.81999969482422,27.780000686645508,27.795000076293945,27.795000076293945,28576
2023-03-24 10:09:00-04:00,27.799999237060547,27.809999465942383,27.78499984741211,27.80500030517578,27.80500030517578,25109
2023-03-24 10:10:00-04:00,27.80900001525879,27.81999969482422,27.78499984741211,27.795000076293945,27.795000076293945,25036
2023-03-24 10:11:00-04:00,27.799999237060547,27.82999992370605,27.795000076293945,27.80500030517578,27.80500030517578,16474
2023-03-24 10:12:00-04:00,27.799999237060547,27.81999969482422,27.78499984741211,27.81999969482422,27.81999969482422,42713
2023-03-24 10:13:00-04:00,27.81999969482422,27.88999938964844,27.81999969482422,27.8799991607666,27.8799991607666,19076
2023-03-24 10:14:00-04:00,27.88999938964844,27.90999984741211,27.850000381469727,27.850000381469727,27.850000381469727,61340
2023-03-24 10:15:00-04:00,27.850000381469727,27.854999542236328,27.76000022888184,27.76499938964844,27.76499938964844,50162
2023-03-24 10:16:00-04:00,27.76000022888184,27.799999237060547,27.739999771118164,27.78499984741211,27.78499984741211,40845
2023-03-24 10:17:00-04:00,27.780000686645508,27.799999237060547,27.739999771118164,27.78499984741211,27.78499984741211,56454
2023-03-24 10:18:00-04:00,27.78499984741211,27.82999992370605,27.78499984741211,27.82999992370605,27.82999992370605,62509
2023-03-24 10:19:00-04:00,27.81999969482422,27.82999992370605,27.76499938964844,27.795000076293945,27.795000076293945,47266
2023-03-24 10:20:00-04:00,27.795000076293945,27.795000076293945,27.7549991607666,27.7549991607666,27.7549991607666,25219
2023-03-24 10:21:00-04:00,27.76000022888184,27.770000457763672,27.700000762939453,27.71999931335449,27.71999931335449,39411
2023-03-24 10:22:00-04:00,27.709999084472656,27.729999542236328,27.69289970397949,27.725000381469727,27.725000381469727,35897
2023-03-24 10:23:00-04:00,27.725000381469727,27.75,27.725000381469727,27.74959945678711,27.74959945678711,22015
2023-03-24 10:24:00-04:00,27.75,27.76000022888184,27.739999771118164,27.75,27.75,24762
2023-03-24 10:25:00-04:00,27.7450008392334,27.780000686645508,27.7450008392334,27.76499938964844,27.76499938964844,22620
2023-03-24 10:26:00-04:00,27.770000457763672,27.81999969482422,27.76499938964844,27.799999237060547,27.799999237060547,32519
2023-03-24 10:27:00-04:00,27.80500030517578,27.84000015258789,27.80500030517578,27.82999992370605,27.82999992370605,15209
2023-03-24 10:28:00-04:00,27.82999992370605,27.850000381469727,27.80500030517578,27.850000381469727,27.850000381469727,27999
2023-03-24 10:29:00-04:00,27.850000381469727,27.8700008392334,27.850000381469727,27.86000061035156,27.86000061035156,40241
2023-03-24 10:30:00-04:00,27.8700008392334,27.88999938964844,27.850000381469727,27.8799991607666,27.8799991607666,36265
2023-03-24 10:31:00-04:00,27.8799991607666,27.90999984741211,27.8700008392334,27.8799991607666,27.8799991607666,39982
2023-03-24 10:32:00-04:00,27.8799991607666,27.8799991607666,27.86000061035156,27.864999771118164,27.864999771118164,18083
2023-03-24 10:33:00-04:00,27.8700008392334,27.90999984741211,27.850000381469727,27.895000457763672,27.895000457763672,48264
2023-03-24 10:34:00-04:00,27.895000457763672,27.899999618530277,27.850000381469727,27.86000061035156,27.86000061035156,48174
2023-03-24 10:35:00-04:00,27.8700008392334,27.8700008392334,27.815000534057617,27.825000762939453,27.825000762939453,49133
2023-03-24 10:36:00-04:00,27.81999969482422,27.81999969482422,27.76000022888184,27.770000457763672,27.770000457763672,12071
2023-03-24 10:37:00-04:00,27.770000457763672,27.780000686645508,27.75,27.774999618530277,27.774999618530277,37769
2023-03-24 10:38:00-04:00,27.770000457763672,27.790000915527344,27.770000457763672,27.774999618530277,27.774999618530277,17251
2023-03-24 10:39:00-04:00,27.774999618530277,27.780000686645508,27.7450008392334,27.76000022888184,27.76000022888184,10089
2023-03-24 10:40:00-04:00,27.75,27.7549991607666,27.729999542236328,27.7549991607666,27.7549991607666,38728
2023-03-24 10:41:00-04:00,27.75,27.774999618530277,27.75,27.774999618530277,27.774999618530277,39352
2023-03-24 10:42:00-04:00,27.770000457763672,27.774999618530277,27.75,27.75,27.75,29425
2023-03-24 10:43:00-04:00,27.739999771118164,27.739999771118164,27.709999084472656,27.71999931335449,27.71999931335449,27053
2023-03-24 10:44:00-04:00,27.71999931335449,27.71999931335449,27.69499969482422,27.71500015258789,27.71500015258789,30712
2023-03-24 10:45:00-04:00,27.71500015258789,27.76000022888184,27.71500015258789,27.76000022888184,27.76000022888184,110653
2023-03-24 10:46:00-04:00,27.75,27.770000457763672,27.729999542236328,27.739999771118164,27.739999771118164,56246
2023-03-24 10:47:00-04:00,27.739999771118164,27.75,27.70499992370605,27.709999084472656,27.709999084472656,25661
2023-03-24 10:48:00-04:00,27.71999931335449,27.729999542236328,27.700000762939453,27.725000381469727,27.725000381469727,36326
2023-03-24 10:49:00-04:00,27.729999542236328,27.739999771118164,27.70499992370605,27.70499992370605,27.70499992370605,14235
2023-03-24 10:50:00-04:00,27.700000762939453,27.7549991607666,27.69499969482422,27.7549991607666,27.7549991607666,53519
2023-03-24 10:51:00-04:00,27.76000022888184,27.770000457763672,27.725000381469727,27.729999542236328,27.729999542236328,14368
2023-03-24 10:52:00-04:00,27.729999542236328,27.7450008392334,27.71999931335449,27.7450008392334,27.7450008392334,18481
2023-03-24 10:53:00-04:00,27.7450008392334,27.7549991607666,27.729999542236328,27.7549991607666,27.7549991607666,17087
2023-03-24 10:54:00-04:00,27.75,27.76499938964844,27.7450008392334,27.76000022888184,27.76000022888184,15344
2023-03-24 10:55:00-04:00,27.76000022888184,27.780000686645508,27.75,27.780000686645508,27.780000686645508,19588
2023-03-24 10:56:00-04:00,27.780000686645508,27.799999237060547,27.774999618530277,27.799999237060547,27.799999237060547,34211
2023-03-24 10:57:00-04:00,27.799999237060547,27.809999465942383,27.790000915527344,27.80500030517578,27.80500030517578,22711
2023-03-24 10:58:00-04:00,27.799999237060547,27.799999237060547,27.770000457763672,27.770000457763672,27.770000457763672,13429
2023-03-24 10:59:00-04:00,27.770000457763672,27.795000076293945,27.770000457763672,27.78499984741211,27.78499984741211,38029
2023-03-24 11:00:00-04:00,27.78499984741211,27.799999237060547,27.75,27.76000022888184,27.76000022888184,26840
2023-03-24 11:01:00-04:00,27.7549991607666,27.770000457763672,27.75,27.751100540161133,27.751100540161133,27996
2023-03-24 11:02:00-04:00,27.75,27.770000457763672,27.7450008392334,27.76000022888184,27.76000022888184,18131
2023-03-24 11:03:00-04:00,27.76000022888184,27.80500030517578,27.76000022888184,27.80500030517578,27.80500030517578,25884
2023-03-24 11:04:00-04:00,27.799999237060547,27.84000015258789,27.799999237060547,27.81999969482422,27.81999969482422,27652
2023-03-24 11:05:00-04:00,27.825000762939453,27.84000015258789,27.825000762939453,27.82999992370605,27.82999992370605,16752
2023-03-24 11:06:00-04:00,27.825000762939453,27.825000762939453,27.799999237060547,27.81999969482422,27.81999969482422,53080
2023-03-24 11:07:00-04:00,27.81999969482422,27.81999969482422,27.790000915527344,27.790000915527344,27.790000915527344,23859
2023-03-24 11:08:00-04:00,27.790000915527344,27.790000915527344,27.770000457763672,27.774999618530277,27.774999618530277,23813
2023-03-24 11:09:00-04:00,27.770000457763672,27.790000915527344,27.76000022888184,27.76000022888184,27.76000022888184,12373
2023-03-24 11:10:00-04:00,27.76000022888184,27.770000457763672,27.729999542236328,27.7450008392334,27.7450008392334,36276
2023-03-24 11:11:00-04:00,27.739999771118164,27.75,27.709999084472656,27.71999931335449,27.71999931335449,24891
2023-03-24 11:12:00-04:00,27.71999931335449,27.7549991607666,27.709999084472656,27.7549991607666,27.7549991607666,19236
2023-03-24 11:13:00-04:00,27.75,27.75,27.729999542236328,27.7455997467041,27.7455997467041,22087
2023-03-24 11:14:00-04:00,27.7450008392334,27.7450008392334,27.71999931335449,27.73500061035156,27.73500061035156,11963
2023-03-24 11:15:00-04:00,27.729999542236328,27.780000686645508,27.729999542236328,27.770000457763672,27.770000457763672,14854
2023-03-24 11:16:00-04:00,27.780000686645508,27.78499984741211,27.75,27.76000022888184,27.76000022888184,17082
2023-03-24 11:17:00-04:00,27.76000022888184,27.770000457763672,27.7549991607666,27.76000022888184,27.76000022888184,20123
2023-03-24 11:18:00-04:00,27.76000022888184,27.770000457763672,27.75,27.76000022888184,27.76000022888184,11926
2023-03-24 11:19:00-04:00,27.7549991607666,27.7549991607666,27.71999931335449,27.73500061035156,27.73500061035156,57664
2023-03-24 11:20:00-04:00,27.73500061035156,27.770000457763672,27.729999542236328,27.76499938964844,27.76499938964844,35415
2023-03-24 11:21:00-04:00,27.76000022888184,27.799999237060547,27.7549991607666,27.770000457763672,27.770000457763672,13997
2023-03-24 11:22:00-04:00,27.774999618530277,27.774999618530277,27.75,27.75,27.75,17206
2023-03-24 11:23:00-04:00,27.75,27.7549991607666,27.739999771118164,27.75,27.75,17386
2023-03-24 11:24:00-04:00,27.75,27.774999618530277,27.75,27.76499938964844,27.76499938964844,18273
2023-03-24 11:25:00-04:00,27.770000457763672,27.790000915527344,27.76499938964844,27.789899826049805,27.789899826049805,7275
2023-03-24 11:26:00-04:00,27.78499984741211,27.799999237060547,27.770000457763672,27.790000915527344,27.790000915527344,25768
2023-03-24 11:27:00-04:00,27.790000915527344,27.799999237060547,27.770000457763672,27.774999618530277,27.774999618530277,9264
2023-03-24 11:28:00-04:00,27.770000457763672,27.774999618530277,27.75,27.76000022888184,27.76000022888184,10577
2023-03-24 11:29:00-04:00,27.7549991607666,27.770000457763672,27.75,27.75,27.75,16333
2023-03-24 11:30:00-04:00,27.75,27.7549991607666,27.739999771118164,27.739999771118164,27.739999771118164,14427
2023-03-24 11:31:00-04:00,27.739999771118164,27.75,27.73500061035156,27.75,27.75,23477
2023-03-24 11:32:00-04:00,27.740100860595703,27.7450008392334,27.71999931335449,27.729999542236328,27.729999542236328,45311
2023-03-24 11:33:00-04:00,27.739999771118164,27.75,27.729999542236328,27.729999542236328,27.729999542236328,27810
2023-03-24 11:34:00-04:00,27.739999771118164,27.7450008392334,27.73500061035156,27.73500061035156,27.73500061035156,12023
2023-03-24 11:35:00-04:00,27.739999771118164,27.770000457763672,27.729999542236328,27.770000457763672,27.770000457763672,27421
2023-03-24 11:36:00-04:00,27.76499938964844,27.780000686645508,27.76499938964844,27.770000457763672,27.770000457763672,21567
2023-03-24 11:37:00-04:00,27.770000457763672,27.770000457763672,27.75,27.75300025939941,27.75300025939941,8779
2023-03-24 11:38:00-04:00,27.76000022888184,27.76000022888184,27.75,27.7549991607666,27.7549991607666,14528
2023-03-24 11:39:00-04:00,27.750999450683597,27.7549991607666,27.73500061035156,27.7549991607666,27.7549991607666,26415
2023-03-24 11:40:00-04:00,27.7549991607666,27.770000457763672,27.7549991607666,27.770000457763672,27.770000457763672,20944
2023-03-24 11:41:00-04:00,27.76499938964844,27.774999618530277,27.75,27.7549991607666,27.7549991607666,18397
2023-03-24 11:42:00-04:00,27.75,27.790000915527344,27.75,27.790000915527344,27.790000915527344,18802
2023-03-24 11:43:00-04:00,27.790000915527344,27.809999465942383,27.780000686645508,27.80500030517578,27.80500030517578,27472
2023-03-24 11:44:00-04:00,27.80500030517578,27.809999465942383,27.799999237060547,27.80500030517578,27.80500030517578,8321
2023-03-24 11:45:00-04:00,27.80500030517578,27.854999542236328,27.80500030517578,27.854999542236328,27.854999542236328,49216
2023-03-24 11:46:00-04:00,27.86000061035156,27.90999984741211,27.854999542236328,27.88999938964844,27.88999938964844,30612
2023-03-24 11:47:00-04:00,27.88999938964844,27.88999938964844,27.864999771118164,27.864999771118164,27.864999771118164,16728
2023-03-24 11:48:00-04:00,27.864999771118164,27.88999938964844,27.850000381469727,27.8700008392334,27.8700008392334,41734
2023-03-24 11:49:00-04:00,27.8700008392334,27.87779998779297,27.854999542236328,27.854999542236328,27.854999542236328,20844
2023-03-24 11:50:00-04:00,27.854999542236328,27.854999542236328,27.825000762939453,27.825000762939453,27.825000762939453,39038
2023-03-24 11:51:00-04:00,27.82999992370605,27.82999992370605,27.809999465942383,27.82999992370605,27.82999992370605,44711
2023-03-24 11:52:00-04:00,27.82999992370605,27.834999084472656,27.799999237060547,27.799999237060547,27.799999237060547,37117
2023-03-24 11:53:00-04:00,27.809999465942383,27.82999992370605,27.80500030517578,27.825000762939453,27.825000762939453,28468
2023-03-24 11:54:00-04:00,27.82999992370605,27.82999992370605,27.81999969482422,27.825000762939453,27.825000762939453,12417
2023-03-24 11:55:00-04:00,27.825000762939453,27.854999542236328,27.81999969482422,27.850000381469727,27.850000381469727,48505
2023-03-24 11:56:00-04:00,27.86000061035156,27.88999938964844,27.854999542236328,27.864999771118164,27.864999771118164,53876
2023-03-24 11:57:00-04:00,27.8700008392334,27.88999938964844,27.825000762939453,27.82999992370605,27.82999992370605,194475
2023-03-24 11:58:00-04:00,27.82999992370605,27.834999084472656,27.81999969482422,27.81999969482422,27.81999969482422,14884
2023-03-24 11:59:00-04:00,27.82999992370605,27.850000381469727,27.81999969482422,27.834999084472656,27.834999084472656,56800
2023-03-24 12:00:00-04:00,27.84000015258789,27.8700008392334,27.82999992370605,27.8700008392334,27.8700008392334,37888
2023-03-24 12:01:00-04:00,27.8700008392334,27.90999984741211,27.864999771118164,27.905000686645508,27.905000686645508,40063
2023-03-24 12:02:00-04:00,27.90999984741211,27.920000076293945,27.8799991607666,27.88999938964844,27.88999938964844,39424
2023-03-24 12:04:00-04:00,27.90999984741211,27.90999984741211,27.8799991607666,27.88999938964844,27.88999938964844,198353
2023-03-24 12:05:00-04:00,27.88500022888184,27.88500022888184,27.864999771118164,27.8799991607666,27.8799991607666,37810
2023-03-24 12:06:00-04:00,27.8799991607666,27.88500022888184,27.864999771118164,27.88500022888184,27.88500022888184,30857
2023-03-24 12:07:00-04:00,27.88500022888184,27.899999618530277,27.8799991607666,27.895000457763672,27.895000457763672,21226
2023-03-24 12:08:00-04:00,27.895000457763672,27.905000686645508,27.8799991607666,27.88500022888184,27.88500022888184,30904
2023-03-24 12:09:00-04:00,27.88500022888184,27.88999938964844,27.8700008392334,27.88500022888184,27.88500022888184,77158
2023-03-24 12:10:00-04:00,27.88500022888184,27.915000915527344,27.88500022888184,27.895000457763672,27.895000457763672,37906
2023-03-24 12:11:00-04:00,27.88999938964844,27.895000457763672,27.850000381469727,27.864999771118164,27.864999771118164,33794
2023-03-24 12:12:00-04:00,27.864999771118164,27.864999771118164,27.825000762939453,27.82999992370605,27.82999992370605,19533
2023-03-24 12:13:00-04:00,27.82999992370605,27.82999992370605,27.795000076293945,27.799999237060547,27.799999237060547,33043
2023-03-24 12:14:00-04:00,27.809999465942383,27.809999465942383,27.780000686645508,27.790000915527344,27.790000915527344,9850
2023-03-24 12:15:00-04:00,27.790000915527344,27.80500030517578,27.780000686645508,27.80500030517578,27.80500030517578,16576
2023-03-24 12:16:00-04:00,27.82999992370605,27.850000381469727,27.825000762939453,27.84499931335449,27.84499931335449,85554
2023-03-24 12:17:00-04:00,27.84499931335449,27.854999542236328,27.84000015258789,27.850000381469727,27.850000381469727,86633
2023-03-24 12:18:00-04:00,27.850000381469727,27.854999542236328,27.80500030517578,27.815000534057617,27.815000534057617,44556
2023-03-24 12:19:00-04:00,27.799999237060547,27.809999465942383,27.780000686645508,27.809999465942383,27.809999465942383,20049
2023-03-24 12:20:00-04:00,27.80500030517578,27.81999969482422,27.80500030517578,27.80500030517578,27.80500030517578,25668
2023-03-24 12:21:00-04:00,27.80500030517578,27.80500030517578,27.795000076293945,27.799999237060547,27.799999237060547,32606
2023-03-24 12:22:00-04:00,27.80500030517578,27.84499931335449,27.799999237060547,27.834999084472656,27.834999084472656,20690
2023-03-24 12:23:00-04:00,27.834999084472656,27.850000381469727,27.82999992370605,27.834999084472656,27.834999084472656,12972
2023-03-24 12:24:00-04:00,27.82999992370605,27.86000061035156,27.82999992370605,27.86000061035156,27.86000061035156,10655
2023-03-24 12:25:00-04:00,27.854999542236328,27.8700008392334,27.854999542236328,27.864999771118164,27.864999771118164,15528
2023-03-24 12:26:00-04:00,27.86000061035156,27.8700008392334,27.850000381469727,27.854999542236328,27.854999542236328,23133
2023-03-24 12:27:00-04:00,27.86000061035156,27.88500022888184,27.854999542236328,27.8799991607666,27.8799991607666,25813
2023-03-24 12:28:00-04:00,27.8799991607666,27.88999938964844,27.8700008392334,27.88500022888184,27.88500022888184,9371
2023-03-24 12:29:00-04:00,27.88500022888184,27.905000686645508,27.8799991607666,27.905000686645508,27.905000686645508,11216
2023-03-24 12:30:00-04:00,27.899999618530277,27.90999984741211,27.88999938964844,27.895000457763672,27.895000457763672,18636
2023-03-24 12:31:00-04:00,27.895000457763672,27.89949989318848,27.8700008392334,27.88999938964844,27.88999938964844,23061
2023-03-24 12:32:00-04:00,27.88500022888184,27.91790008544922,27.88500022888184,27.91790008544922,27.91790008544922,35685
2023-03-24 12:33:00-04:00,27.90999984741211,27.910600662231445,27.88999938964844,27.905000686645508,27.905000686645508,45953
2023-03-24 12:34:00-04:00,27.90999984741211,27.940000534057617,27.905000686645508,27.940000534057617,27.940000534057617,19813
2023-03-24 12:35:00-04:00,27.94499969482422,27.96999931335449,27.94499969482422,27.950000762939453,27.950000762939453,14863
2023-03-24 12:36:00-04:00,27.959999084472656,27.96999931335449,27.950000762939453,27.950000762939453,27.950000762939453,42162
2023-03-24 12:37:00-04:00,27.95499992370605,27.989999771118164,27.950000762939453,27.98500061035156,27.98500061035156,47704
2023-03-24 12:38:00-04:00,27.98500061035156,28.0049991607666,27.98500061035156,28.0,28.0,30552
2023-03-24 12:39:00-04:00,28.0,28.0,27.96999931335449,27.989999771118164,27.989999771118164,21587
2023-03-24 12:40:00-04:00,27.9950008392334,28.020000457763672,27.979999542236328,27.979999542236328,27.979999542236328,31610
2023-03-24 12:41:00-04:00,27.979999542236328,28.01499938964844,27.975000381469727,28.01499938964844,28.01499938964844,22644
2023-03-24 12:42:00-04:00,28.020000457763672,28.040000915527344,28.020000457763672,28.040000915527344,28.040000915527344,15025
2023-03-24 12:43:00-04:00,28.045000076293945,28.045000076293945,28.030000686645508,28.040000915527344,28.040000915527344,38578
2023-03-24 12:44:00-04:00,28.049999237060547,28.059999465942383,28.045000076293945,28.049999237060547,28.049999237060547,6795
2023-03-24 12:45:00-04:00,28.045000076293945,28.059999465942383,28.045000076293945,28.059999465942383,28.059999465942383,36077
2023-03-24 12:46:00-04:00,28.059999465942383,28.07999992370605,28.059999465942383,28.075000762939453,28.075000762939453,9144
2023-03-24 12:47:00-04:00,28.075000762939453,28.100000381469727,28.075000762939453,28.100000381469727,28.100000381469727,35052
2023-03-24 12:48:00-04:00,28.09499931335449,28.119199752807617,28.084999084472656,28.119199752807617,28.119199752807617,31449
2023-03-24 12:49:00-04:00,28.1200008392334,28.125,28.09000015258789,28.114999771118164,28.114999771118164,25518
2023-03-24 12:50:00-04:00,28.1200008392334,28.1200008392334,28.09000015258789,28.11000061035156,28.11000061035156,40342
2023-03-24 12:51:00-04:00,28.104999542236328,28.11000061035156,28.09000015258789,28.104999542236328,28.104999542236328,18382
2023-03-24 12:52:00-04:00,28.100000381469727,28.114999771118164,28.09000015258789,28.114999771118164,28.114999771118164,48898
2023-03-24 12:53:00-04:00,28.11000061035156,28.13999938964844,28.104999542236328,28.11000061035156,28.11000061035156,43502
2023-03-24 12:54:00-04:00,28.1200008392334,28.13500022888184,28.1200008392334,28.13500022888184,28.13500022888184,25732
2023-03-24 12:55:00-04:00,28.13500022888184,28.165000915527344,28.125,28.145000457763672,28.145000457763672,31723
2023-03-24 12:56:00-04:00,28.149999618530277,28.155000686645508,28.13999938964844,28.155000686645508,28.155000686645508,8298
2023-03-24 12:57:00-04:00,28.155000686645508,28.18000030517578,28.13999938964844,28.18000030517578,28.18000030517578,25348
2023-03-24 12:58:00-04:00,28.18000030517578,28.200000762939453,28.174999237060547,28.18000030517578,28.18000030517578,30352
2023-03-24 12:59:00-04:00,28.184999465942383,28.200000762939453,28.170000076293945,28.174999237060547,28.174999237060547,33045
2023-03-24 13:00:00-04:00,28.170000076293945,28.209999084472656,28.170000076293945,28.20499992370605,28.20499992370605,20396
2023-03-24 13:01:00-04:00,28.20499992370605,28.20499992370605,28.155000686645508,28.155000686645508,28.155000686645508,24811
2023-03-24 13:02:00-04:00,28.155000686645508,28.155000686645508,28.13500022888184,28.13999938964844,28.13999938964844,12687
2023-03-24 13:03:00-04:00,28.1299991607666,28.165000915527344,28.125,28.165000915527344,28.165000915527344,36420
2023-03-24 13:04:00-04:00,28.16399955749512,28.190000534057617,28.15999984741211,28.190000534057617,28.190000534057617,89975
2023-03-24 13:05:00-04:00,28.184999465942383,28.21500015258789,28.170000076293945,28.20490074157715,28.20490074157715,70763
2023-03-24 13:06:00-04:00,28.200000762939453,28.209999084472656,28.170000076293945,28.190000534057617,28.190000534057617,59914
2023-03-24 13:07:00-04:00,28.190000534057617,28.190000534057617,28.14080047607422,28.14550018310547,28.14550018310547,24210
2023-03-24 13:08:00-04:00,28.149999618530277,28.149999618530277,28.11599922180176,28.13999938964844,28.13999938964844,51622
2023-03-24 13:09:00-04:00,28.13999938964844,28.149099349975582,28.1200008392334,28.145000457763672,28.145000457763672,41870
2023-03-24 13:10:00-04:00,28.145000457763672,28.166000366210938,28.13500022888184,28.15999984741211,28.15999984741211,16672
2023-03-24 13:11:00-04:00,28.155000686645508,28.15999984741211,28.13500022888184,28.13500022888184,28.13500022888184,6970
2023-03-24 13:12:00-04:00,28.13999938964844,28.18000030517578,28.13500022888184,28.149999618530277,28.149999618530277,13313
2023-03-24 13:13:00-04:00,28.155000686645508,28.170000076293945,28.149999618530277,28.165000915527344,28.165000915527344,65062
2023-03-24 13:14:00-04:00,28.165000915527344,28.19890022277832,28.165000915527344,28.190000534057617,28.190000534057617,19693
2023-03-24 13:15:00-04:00,28.19499969482422,28.21999931335449,28.190000534057617,28.21999931335449,28.21999931335449,26678
2023-03-24 13:16:00-04:00,28.209999084472656,28.21999931335449,28.190000534057617,28.190000534057617,28.190000534057617,22007
2023-03-24 13:17:00-04:00,28.19499969482422,28.209999084472656,28.190000534057617,28.19499969482422,28.19499969482422,28196
2023-03-24 13:18:00-04:00,28.19499969482422,28.19499969482422,28.170000076293945,28.174999237060547,28.174999237060547,14268
2023-03-24 13:19:00-04:00,28.174999237060547,28.174999237060547,28.13500022888184,28.13999938964844,28.13999938964844,18195
2023-03-24 13:20:00-04:00,28.145000457763672,28.15999984741211,28.125,28.15999984741211,28.15999984741211,19094
2023-03-24 13:21:00-04:00,28.15999984741211,28.170000076293945,28.15069961547852,28.15069961547852,28.15069961547852,13814
2023-03-24 13:22:00-04:00,28.155000686645508,28.170000076293945,28.13999938964844,28.13999938964844,28.13999938964844,10061
2023-03-24 13:23:00-04:00,28.145000457763672,28.145000457763672,28.125,28.1299991607666,28.1299991607666,10595
2023-03-24 13:24:00-04:00,28.125,28.13999938964844,28.117900848388672,28.13999938964844,28.13999938964844,11900
2023-03-24 13:25:00-04:00,28.13500022888184,28.15999984741211,28.125,28.15999984741211,28.15999984741211,19872
2023-03-24 13:26:00-04:00,28.170000076293945,28.209999084472656,28.170000076293945,28.190000534057617,28.190000534057617,10895
2023-03-24 13:27:00-04:00,28.190000534057617,28.19499969482422,28.18000030517578,28.190000534057617,28.190000534057617,8518
2023-03-24 13:28:00-04:00,28.19499969482422,28.209999084472656,28.15999984741211,28.18000030517578,28.18000030517578,35317
2023-03-24 13:29:00-04:00,28.190000534057617,28.200000762939453,28.190000534057617,28.19499969482422,28.19499969482422,5490
2023-03-24 13:30:00-04:00,28.19499969482422,28.209999084472656,28.190000534057617,28.200000762939453,28.200000762939453,10968
2023-03-24 13:31:00-04:00,28.200000762939453,28.20499992370605,28.18000030517578,28.200000762939453,28.200000762939453,5899
2023-03-24 13:32:00-04:00,28.20499992370605,28.225000381469727,28.200000762939453,28.209999084472656,28.209999084472656,10819
2023-03-24 13:33:00-04:00,28.21500015258789,28.21500015258789,28.19499969482422,28.19499969482422,28.19499969482422,9845
2023-03-24 13:34:00-04:00,28.19499969482422,28.20499992370605,28.184999465942383,28.184999465942383,28.184999465942383,10526
2023-03-24 13:35:00-04:00,28.184999465942383,28.21500015258789,28.18000030517578,28.214000701904297,28.214000701904297,14675
2023-03-24 13:36:00-04:00,28.21999931335449,28.23500061035156,28.21999931335449,28.225000381469727,28.225000381469727,86075
2023-03-24 13:37:00-04:00,28.225000381469727,28.229999542236328,28.20499992370605,28.21500015258789,28.21500015258789,25002
2023-03-24 13:38:00-04:00,28.21999931335449,28.239999771118164,28.209999084472656,28.21500015258789,28.21500015258789,17771
2023-03-24 13:39:00-04:00,28.21500015258789,28.23500061035156,28.21500015258789,28.21999931335449,28.21999931335449,12368
2023-03-24 13:40:00-04:00,28.21999931335449,28.229999542236328,28.21999931335449,28.21999931335449,28.21999931335449,15247
2023-03-24 13:41:00-04:00,28.21999931335449,28.21999931335449,28.200000762939453,28.20499992370605,28.20499992370605,30282
2023-03-24 13:42:00-04:00,28.200000762939453,28.20499992370605,28.190000534057617,28.19499969482422,28.19499969482422,26572
2023-03-24 13:43:00-04:00,28.190000534057617,28.200000762939453,28.184999465942383,28.190000534057617,28.190000534057617,9403
2023-03-24 13:44:00-04:00,28.18000030517578,28.18000030517578,28.170000076293945,28.170000076293945,28.170000076293945,9517
2023-03-24 13:45:00-04:00,28.174999237060547,28.18000030517578,28.13999938964844,28.145000457763672,28.145000457763672,32097
2023-03-24 13:46:00-04:00,28.145000457763672,28.145000457763672,28.1299991607666,28.13500022888184,28.13500022888184,13230
2023-03-24 13:47:00-04:00,28.1299991607666,28.1299991607666,28.11000061035156,28.11000061035156,28.11000061035156,19955
2023-03-24 13:48:00-04:00,28.11000061035156,28.125,28.100000381469727,28.114999771118164,28.114999771118164,15958
2023-03-24 13:49:00-04:00,28.114999771118164,28.1200008392334,28.09499931335449,28.104999542236328,28.104999542236328,14807
2023-03-24 13:50:00-04:00,28.100000381469727,28.1200008392334,28.100000381469727,28.100000381469727,28.100000381469727,8000
2023-03-24 13:51:00-04:00,28.100000381469727,28.104999542236328,28.09000015258789,28.09499931335449,28.09499931335449,9610
2023-03-24 13:52:00-04:00,28.09000015258789,28.11000061035156,28.09000015258789,28.104999542236328,28.104999542236328,12209
2023-03-24 13:53:00-04:00,28.11000061035156,28.1200008392334,28.100000381469727,28.100000381469727,28.100000381469727,11004
2023-03-24 13:54:00-04:00,28.104999542236328,28.125,28.104999542236328,28.1200008392334,28.1200008392334,10176
2023-03-24 13:55:00-04:00,28.125,28.13500022888184,28.11000061035156,28.1200008392334,28.1200008392334,21019
2023-03-24 13:56:00-04:00,28.1200008392334,28.125,28.114999771118164,28.125,28.125,6046
2023-03-24 13:57:00-04:00,28.1299991607666,28.145000457763672,28.125,28.145000457763672,28.145000457763672,10294
2023-03-24 13:58:00-04:00,28.149999618530277,28.170000076293945,28.145000457763672,28.165000915527344,28.165000915527344,16091
2023-03-24 13:59:00-04:00,28.165000915527344,28.16990089416504,28.155000686645508,28.165000915527344,28.165000915527344,10533
2023-03-24 14:00:00-04:00,28.165000915527344,28.190000534057617,28.165000915527344,28.184999465942383,28.184999465942383,15458
2023-03-24 14:01:00-04:00,28.184999465942383,28.184999465942383,28.18000030517578,28.18000030517578,28.18000030517578,2912
2023-03-24 14:02:00-04:00,28.18000030517578,28.19499969482422,28.18000030517578,28.184999465942383,28.184999465942383,16188
2023-03-24 14:03:00-04:00,28.184999465942383,28.200000762939453,28.18000030517578,28.19499969482422,28.19499969482422,20115
2023-03-24 14:04:00-04:00,28.190000534057617,28.20499992370605,28.190000534057617,28.20499992370605,28.20499992370605,18186
2023-03-24 14:05:00-04:00,28.20499992370605,28.20499992370605,28.184999465942383,28.200000762939453,28.200000762939453,28989
2023-03-24 14:06:00-04:00,28.200000762939453,28.20499992370605,28.174999237060547,28.184999465942383,28.184999465942383,16319
2023-03-24 14:07:00-04:00,28.184999465942383,28.200000762939453,28.184999465942383,28.19499969482422,28.19499969482422,9232
2023-03-24 14:08:00-04:00,28.200000762939453,28.21500015258789,28.19499969482422,28.20499992370605,28.20499992370605,17202
2023-03-24 14:09:00-04:00,28.209999084472656,28.21500015258789,28.184999465942383,28.184999465942383,28.184999465942383,20972
2023-03-24 14:10:00-04:00,28.184999465942383,28.209999084472656,28.184999465942383,28.209999084472656,28.209999084472656,22362
2023-03-24 14:11:00-04:00,28.20499992370605,28.20499992370605,28.200000762939453,28.200000762939453,28.200000762939453,16457
2023-03-24 14:12:00-04:00,28.200000762939453,28.21500015258789,28.200000762939453,28.21500015258789,28.21500015258789,13683
2023-03-24 14:13:00-04:00,28.209999084472656,28.21999931335449,28.200000762939453,28.209999084472656,28.209999084472656,27023
2023-03-24 14:14:00-04:00,28.209999084472656,28.209999084472656,28.19499969482422,28.20599937438965,28.20599937438965,30828
2023-03-24 14:15:00-04:00,28.20499992370605,28.229999542236328,28.200000762939453,28.22649955749512,28.22649955749512,21497
2023-03-24 14:16:00-04:00,28.229999542236328,28.23500061035156,28.209999084472656,28.209999084472656,28.209999084472656,19895
2023-03-24 14:17:00-04:00,28.21500015258789,28.21999931335449,28.200000762939453,28.21500015258789,28.21500015258789,15420
2023-03-24 14:18:00-04:00,28.21500015258789,28.21500015258789,28.18000030517578,28.190000534057617,28.190000534057617,19137
2023-03-24 14:19:00-04:00,28.18000030517578,28.21500015258789,28.18000030517578,28.21500015258789,28.21500015258789,12422
2023-03-24 14:20:00-04:00,28.21500015258789,28.21999931335449,28.209999084472656,28.21500015258789,28.21500015258789,7867
2023-03-24 14:21:00-04:00,28.21500015258789,28.229999542236328,28.209999084472656,28.225000381469727,28.225000381469727,9032
2023-03-24 14:22:00-04:00,28.225000381469727,28.229999542236328,28.200000762939453,28.200000762939453,28.200000762939453,37301
2023-03-24 14:23:00-04:00,28.20499992370605,28.209999084472656,28.200000762939453,28.20499992370605,28.20499992370605,6633
2023-03-24 14:24:00-04:00,28.209999084472656,28.229999542236328,28.19389915466309,28.200000762939453,28.200000762939453,34597
2023-03-24 14:25:00-04:00,28.200000762939453,28.229999542236328,28.200000762939453,28.209999084472656,28.209999084472656,38333
2023-03-24 14:26:00-04:00,28.21500015258789,28.218000411987305,28.209999084472656,28.21500015258789,28.21500015258789,12912
2023-03-24 14:27:00-04:00,28.21500015258789,28.225000381469727,28.20499992370605,28.209999084472656,28.209999084472656,23037
2023-03-24 14:28:00-04:00,28.20499992370605,28.21999931335449,28.200000762939453,28.21999931335449,28.21999931335449,7305
2023-03-24 14:29:00-04:00,28.21999931335449,28.225000381469727,28.209999084472656,28.21500015258789,28.21500015258789,18030
2023-03-24 14:30:00-04:00,28.21500015258789,28.229999542236328,28.21500015258789,28.225000381469727,28.225000381469727,26884
2023-03-24 14:31:00-04:00,28.21999931335449,28.21999931335449,28.209999084472656,28.21999931335449,28.21999931335449,6659
2023-03-24 14:32:00-04:00,28.21999931335449,28.21999931335449,28.19499969482422,28.200000762939453,28.200000762939453,34822
2023-03-24 14:33:00-04:00,28.209999084472656,28.21500015258789,28.190000534057617,28.21500015258789,28.21500015258789,15398
2023-03-24 14:34:00-04:00,28.21500015258789,28.26000022888184,28.209999084472656,28.229999542236328,28.229999542236328,32263
2023-03-24 14:35:00-04:00,28.229999542236328,28.239999771118164,28.225000381469727,28.229999542236328,28.229999542236328,18592
2023-03-24 14:36:00-04:00,28.229999542236328,28.229999542236328,28.21999931335449,28.225000381469727,28.225000381469727,4552
2023-03-24 14:37:00-04:00,28.225000381469727,28.2450008392334,28.225000381469727,28.229999542236328,28.229999542236328,20858
2023-03-24 14:38:00-04:00,28.229999542236328,28.239999771118164,28.225000381469727,28.229999542236328,28.229999542236328,8863
2023-03-24 14:39:00-04:00,28.23500061035156,28.239999771118164,28.225000381469727,28.225000381469727,28.225000381469727,10805
2023-03-24 14:40:00-04:00,28.225000381469727,28.239999771118164,28.209999084472656,28.21500015258789,28.21500015258789,26277
2023-03-24 14:41:00-04:00,28.21999931335449,28.21999931335449,28.209999084472656,28.209999084472656,28.209999084472656,8052
2023-03-24 14:42:00-04:00,28.21500015258789,28.21999931335449,28.209999084472656,28.21500015258789,28.21500015258789,3560
2023-03-24 14:43:00-04:00,28.21999931335449,28.229999542236328,28.21999931335449,28.229999542236328,28.229999542236328,6266
2023-03-24 14:44:00-04:00,28.225000381469727,28.229999542236328,28.21999931335449,28.21999931335449,28.21999931335449,6125
2023-03-24 14:45:00-04:00,28.225000381469727,28.25,28.21999931335449,28.23500061035156,28.23500061035156,22263
2023-03-24 14:46:00-04:00,28.23500061035156,28.23500061035156,28.200000762939453,28.209999084472656,28.209999084472656,18595
2023-03-24 14:47:00-04:00,28.209999084472656,28.225000381469727,28.200000762939453,28.225000381469727,28.225000381469727,15396
2023-03-24 14:48:00-04:00,28.229999542236328,28.23500061035156,28.225000381469727,28.225000381469727,28.225000381469727,9901
2023-03-24 14:49:00-04:00,28.21999931335449,28.23500061035156,28.209999084472656,28.23500061035156,28.23500061035156,9206
2023-03-24 14:50:00-04:00,28.23500061035156,28.23500061035156,28.21999931335449,28.229999542236328,28.229999542236328,14496
2023-03-24 14:51:00-04:00,28.21999931335449,28.225000381469727,28.21999931335449,28.221799850463867,28.221799850463867,2745
2023-03-24 14:52:00-04:00,28.21999931335449,28.225000381469727,28.20499992370605,28.20499992370605,28.20499992370605,19908
2023-03-24 14:53:00-04:00,28.209999084472656,28.229999542236328,28.200899124145508,28.22130012512207,28.22130012512207,13740
2023-03-24 14:54:00-04:00,28.21999931335449,28.229999542236328,28.21999931335449,28.21999931335449,28.21999931335449,9165
2023-03-24 14:55:00-04:00,28.21500015258789,28.23500061035156,28.21500015258789,28.229999542236328,28.229999542236328,43628
2023-03-24 14:56:00-04:00,28.23500061035156,28.23500061035156,28.21999931335449,28.21999931335449,28.21999931335449,10906
2023-03-24 14:57:00-04:00,28.225000381469727,28.225000381469727,28.200000762939453,28.20499992370605,28.20499992370605,8741
2023-03-24 14:58:00-04:00,28.209999084472656,28.21999931335449,28.19499969482422,28.20499992370605,28.20499992370605,33929
2023-03-24 14:59:00-04:00,28.20499992370605,28.229999542236328,28.20499992370605,28.225000381469727,28.225000381469727,9802
2023-03-24 15:00:00-04:00,28.225000381469727,28.225799560546875,28.200000762939453,28.200000762939453,28.200000762939453,31606
2023-03-24 15:01:00-04:00,28.200000762939453,28.21500015258789,28.200000762939453,28.20499992370605,28.20499992370605,12922
2023-03-24 15:02:00-04:00,28.20499992370605,28.20499992370605,28.174999237060547,28.174999237060547,28.174999237060547,12413
2023-03-24 15:03:00-04:00,28.174999237060547,28.188600540161133,28.170000076293945,28.18000030517578,28.18000030517578,15862
2023-03-24 15:04:00-04:00,28.18000030517578,28.184999465942383,28.170000076293945,28.174999237060547,28.174999237060547,19000
2023-03-24 15:05:00-04:00,28.174999237060547,28.190000534057617,28.165000915527344,28.184999465942383,28.184999465942383,19031
2023-03-24 15:06:00-04:00,28.184999465942383,28.20499992370605,28.184999465942383,28.20499992370605,28.20499992370605,16030
2023-03-24 15:07:00-04:00,28.200000762939453,28.21999931335449,28.19499969482422,28.21500015258789,28.21500015258789,23748
2023-03-24 15:08:00-04:00,28.21999931335449,28.21999931335449,28.184999465942383,28.184999465942383,28.184999465942383,25435
2023-03-24 15:09:00-04:00,28.184999465942383,28.190000534057617,28.18000030517578,28.18000030517578,28.18000030517578,5177
2023-03-24 15:10:00-04:00,28.190000534057617,28.190000534057617,28.174999237060547,28.190000534057617,28.190000534057617,19795
2023-03-24 15:11:00-04:00,28.19499969482422,28.20499992370605,28.18000030517578,28.20499992370605,28.20499992370605,35691
2023-03-24 15:12:00-04:00,28.200000762939453,28.200000762939453,28.18000030517578,28.184999465942383,28.184999465942383,21009
2023-03-24 15:13:00-04:00,28.184999465942383,28.20499992370605,28.184999465942383,28.20499992370605,28.20499992370605,19895
2023-03-24 15:14:00-04:00,28.20499992370605,28.20499992370605,28.184999465942383,28.184999465942383,28.184999465942383,18134
2023-03-24 15:15:00-04:00,28.184999465942383,28.209999084472656,28.18000030517578,28.20499992370605,28.20499992370605,15212
2023-03-24 15:16:00-04:00,28.20499992370605,28.21999931335449,28.20499992370605,28.21500015258789,28.21500015258789,16425
2023-03-24 15:17:00-04:00,28.209999084472656,28.229999542236328,28.20499992370605,28.225000381469727,28.225000381469727,18863
2023-03-24 15:18:00-04:00,28.225000381469727,28.239999771118164,28.209999084472656,28.23500061035156,28.23500061035156,23270
2023-03-24 15:19:00-04:00,28.23500061035156,28.2450008392334,28.229999542236328,28.23500061035156,28.23500061035156,21690
2023-03-24 15:20:00-04:00,28.23500061035156,28.25,28.230100631713867,28.239999771118164,28.239999771118164,17621
2023-03-24 15:21:00-04:00,28.239999771118164,28.28860092163086,28.23500061035156,28.28499984741211,28.28499984741211,33105
2023-03-24 15:22:00-04:00,28.28499984741211,28.30500030517578,28.274999618530277,28.30500030517578,28.30500030517578,46164
2023-03-24 15:23:00-04:00,28.299999237060547,28.309999465942383,28.280000686645508,28.290000915527344,28.290000915527344,36225
2023-03-24 15:24:00-04:00,28.28499984741211,28.30500030517578,28.280000686645508,28.280000686645508,28.280000686645508,36801
2023-03-24 15:25:00-04:00,28.280000686645508,28.280000686645508,28.2549991607666,28.2549991607666,28.2549991607666,37267
2023-03-24 15:26:00-04:00,28.2549991607666,28.270000457763672,28.25,28.26499938964844,28.26499938964844,14673
2023-03-24 15:27:00-04:00,28.270000457763672,28.270000457763672,28.239999771118164,28.2450008392334,28.2450008392334,29400
2023-03-24 15:28:00-04:00,28.25,28.274999618530277,28.2450008392334,28.270000457763672,28.270000457763672,24108
2023-03-24 15:29:00-04:00,28.280000686645508,28.280000686645508,28.26000022888184,28.26000022888184,28.26000022888184,5989
2023-03-24 15:30:00-04:00,28.270000457763672,28.274999618530277,28.26000022888184,28.26499938964844,28.26499938964844,12622
2023-03-24 15:31:00-04:00,28.26499938964844,28.28499984741211,28.26499938964844,28.28499984741211,28.28499984741211,32191
2023-03-24 15:32:00-04:00,28.28499984741211,28.29750061035156,28.280000686645508,28.28499984741211,28.28499984741211,10002
2023-03-24 15:33:00-04:00,28.280000686645508,28.28499984741211,28.2549991607666,28.26000022888184,28.26000022888184,19994
2023-03-24 15:34:00-04:00,28.26499938964844,28.28499984741211,28.26499938964844,28.28499984741211,28.28499984741211,10123
2023-03-24 15:35:00-04:00,28.28499984741211,28.28499984741211,28.270000457763672,28.274999618530277,28.274999618530277,13288
2023-03-24 15:36:00-04:00,28.280000686645508,28.30500030517578,28.280000686645508,28.299999237060547,28.299999237060547,24468
2023-03-24 15:37:00-04:00,28.295000076293945,28.299999237060547,28.28499984741211,28.295000076293945,28.295000076293945,31402
2023-03-24 15:38:00-04:00,28.299999237060547,28.31999969482422,28.295000076293945,28.299999237060547,28.299999237060547,18657
2023-03-24 15:39:00-04:00,28.299999237060547,28.30500030517578,28.26000022888184,28.274999618530277,28.274999618530277,42366
2023-03-24 15:40:00-04:00,28.274999618530277,28.280000686645508,28.270000457763672,28.280000686645508,28.280000686645508,22868
2023-03-24 15:41:00-04:00,28.280000686645508,28.290000915527344,28.270000457763672,28.274999618530277,28.274999618530277,21801
2023-03-24 15:42:00-04:00,28.274999618530277,28.299999237060547,28.270000457763672,28.299999237060547,28.299999237060547,32094
2023-03-24 15:43:00-04:00,28.295000076293945,28.31999969482422,28.290000915527344,28.315000534057617,28.315000534057617,43234
2023-03-24 15:44:00-04:00,28.309999465942383,28.31999969482422,28.299999237060547,28.30500030517578,28.30500030517578,59391
2023-03-24 15:45:00-04:00,28.30500030517578,28.309999465942383,28.299999237060547,28.30500030517578,28.30500030517578,46183
2023-03-24 15:46:00-04:00,28.299999237060547,28.309999465942383,28.280000686645508,28.28499984741211,28.28499984741211,51567
2023-03-24 15:47:00-04:00,28.28499984741211,28.309999465942383,28.280000686645508,28.299999237060547,28.299999237060547,40599
2023-03-24 15:48:00-04:00,28.290000915527344,28.299999237060547,28.274999618530277,28.290000915527344,28.290000915527344,36691
2023-03-24 15:49:00-04:00,28.295000076293945,28.299999237060547,28.290000915527344,28.299999237060547,28.299999237060547,41784
2023-03-24 15:50:00-04:00,28.290000915527344,28.295000076293945,28.26499938964844,28.28499984741211,28.28499984741211,105988
2023-03-24 15:51:00-04:00,28.28499984741211,28.290000915527344,28.239999771118164,28.239999771118164,28.239999771118164,125322
2023-03-24 15:52:00-04:00,28.239999771118164,28.2450008392334,28.200000762939453,28.200000762939453,28.200000762939453,33784
2023-03-24 15:53:00-04:00,28.20499992370605,28.225000381469727,28.190000534057617,28.200000762939453,28.200000762939453,60317
2023-03-24 15:54:00-04:00,28.200000762939453,28.200000762939453,28.15999984741211,28.170000076293945,28.170000076293945,116750
2023-03-24 15:55:00-04:00,28.170000076293945,28.170000076293945,28.13999938964844,28.145000457763672,28.145000457763672,258255
2023-03-24 15:56:00-04:00,28.149999618530277,28.190000534057617,28.13999938964844,28.18000030517578,28.18000030517578,271855
2023-03-24 15:57:00-04:00,28.184999465942383,28.21999931335449,28.18409919738769,28.21500015258789,28.21500015258789,108894
2023-03-24 15:58:00-04:00,28.21999931335449,28.23500061035156,28.209999084472656,28.229999542236328,28.229999542236328,144378
2023-03-24 15:59:00-04:00,28.229999542236328,28.26000022888184,28.21999931335449,28.25,28.25,196911
2023-03-27 09:30:00-04:00,28.43000030517578,28.5,28.40999984741211,28.479999542236328,28.479999542236328,105771
2023-03-27 09:31:00-04:00,28.489999771118164,28.530000686645508,28.489999771118164,28.51000022888184,28.51000022888184,30523
2023-03-27 09:32:00-04:00,28.5,28.56999969482422,28.5,28.56999969482422,28.56999969482422,31125
2023-03-27 09:33:00-04:00,28.57999992370605,28.57999992370605,28.520000457763672,28.530000686645508,28.530000686645508,16184
2023-03-27 09:34:00-04:00,28.530000686645508,28.59000015258789,28.530000686645508,28.56999969482422,28.56999969482422,25566
2023-03-27 09:35:00-04:00,28.57999992370605,28.6200008392334,28.57999992370605,28.6200008392334,28.6200008392334,9803
2023-03-27 09:36:00-04:00,28.6200008392334,28.6200008392334,28.549999237060547,28.59000015258789,28.59000015258789,31369
2023-03-27 09:37:00-04:00,28.584999084472656,28.61000061035156,28.57999992370605,28.600000381469727,28.600000381469727,32709
2023-03-27 09:38:00-04:00,28.600000381469727,28.625,28.559999465942383,28.56999969482422,28.56999969482422,33039
2023-03-27 09:39:00-04:00,28.559999465942383,28.565000534057617,28.46999931335449,28.46999931335449,28.46999931335449,27705
2023-03-27 09:40:00-04:00,28.46999931335449,28.475000381469727,28.43000030517578,28.450000762939453,28.450000762939453,32296
2023-03-27 09:41:00-04:00,28.450000762939453,28.489999771118164,28.450000762939453,28.46999931335449,28.46999931335449,21551
2023-03-27 09:42:00-04:00,28.46999931335449,28.479999542236328,28.46500015258789,28.46999931335449,28.46999931335449,14314
2023-03-27 09:43:00-04:00,28.459999084472656,28.46500015258789,28.440000534057617,28.450000762939453,28.450000762939453,16170
2023-03-27 09:44:00-04:00,28.450000762939453,28.459999084472656,28.399999618530277,28.40999984741211,28.40999984741211,28019
2023-03-27 09:45:00-04:00,28.40999984741211,28.44499969482422,28.40999984741211,28.440000534057617,28.440000534057617,17049
2023-03-27 09:46:00-04:00,28.43000030517578,28.46999931335449,28.43000030517578,28.46999931335449,28.46999931335449,8602
2023-03-27 09:47:00-04:00,28.46999931335449,28.487199783325195,28.3799991607666,28.3799991607666,28.3799991607666,33657
2023-03-27 09:48:00-04:00,28.38500022888184,28.38999938964844,28.350000381469727,28.364999771118164,28.364999771118164,54888
2023-03-27 09:49:00-04:00,28.364999771118164,28.43000030517578,28.36000061035156,28.415000915527344,28.415000915527344,27556
2023-03-27 09:50:00-04:00,28.415000915527344,28.415000915527344,28.36000061035156,28.36100006103516,28.36100006103516,44753
2023-03-27 09:51:00-04:00,28.364999771118164,28.38999938964844,28.364999771118164,28.3700008392334,28.3700008392334,17073
2023-03-27 09:52:00-04:00,28.3799991607666,28.405000686645508,28.3700008392334,28.405000686645508,28.405000686645508,34768
2023-03-27 09:53:00-04:00,28.399999618530277,28.399999618530277,28.32999992370605,28.334999084472656,28.334999084472656,38106
2023-03-27 09:54:00-04:00,28.334999084472656,28.34000015258789,28.280000686645508,28.31999969482422,28.31999969482422,60853
2023-03-27 09:55:00-04:00,28.31999969482422,28.3799991607666,28.31100082397461,28.375,28.375,35417
2023-03-27 09:56:00-04:00,28.3799991607666,28.3799991607666,28.309999465942383,28.309999465942383,28.309999465942383,35051
2023-03-27 09:57:00-04:00,28.309999465942383,28.325000762939453,28.30500030517578,28.309999465942383,28.309999465942383,15099
2023-03-27 09:58:00-04:00,28.309999465942383,28.34499931335449,28.309999465942383,28.34000015258789,28.34000015258789,21859
2023-03-27 09:59:00-04:00,28.34000015258789,28.375,28.32999992370605,28.3700008392334,28.3700008392334,16272
2023-03-27 10:00:00-04:00,28.3700008392334,28.3799991607666,28.36000061035156,28.3700008392334,28.3700008392334,17763
2023-03-27 10:01:00-04:00,28.364999771118164,28.38999938964844,28.36000061035156,28.364999771118164,28.364999771118164,25790
2023-03-27 10:02:00-04:00,28.364999771118164,28.3799991607666,28.364999771118164,28.3700008392334,28.3700008392334,15120
2023-03-27 10:03:00-04:00,28.3700008392334,28.38999938964844,28.3700008392334,28.375,28.375,14119
2023-03-27 10:04:00-04:00,28.375,28.375,28.350000381469727,28.36000061035156,28.36000061035156,53925
2023-03-27 10:05:00-04:00,28.350000381469727,28.350000381469727,28.31999969482422,28.32999992370605,28.32999992370605,28387
2023-03-27 10:06:00-04:00,28.31999969482422,28.334999084472656,28.31999969482422,28.323999404907227,28.323999404907227,19914
2023-03-27 10:07:00-04:00,28.32999992370605,28.334999084472656,28.31999969482422,28.31999969482422,28.31999969482422,16422
2023-03-27 10:08:00-04:00,28.315000534057617,28.32999992370605,28.309999465942383,28.32999992370605,28.32999992370605,9593
2023-03-27 10:09:00-04:00,28.32999992370605,28.34000015258789,28.31999969482422,28.334999084472656,28.334999084472656,15360
2023-03-27 10:10:00-04:00,28.34000015258789,28.40999984741211,28.32999992370605,28.405000686645508,28.405000686645508,52565
2023-03-27 10:11:00-04:00,28.405000686645508,28.440000534057617,28.399999618530277,28.43000030517578,28.43000030517578,53306
2023-03-27 10:12:00-04:00,28.440000534057617,28.459999084472656,28.420000076293945,28.45499992370605,28.45499992370605,25920
2023-03-27 10:13:00-04:00,28.459999084472656,28.489999771118164,28.459999084472656,28.48500061035156,28.48500061035156,17971
2023-03-27 10:14:00-04:00,28.48500061035156,28.4950008392334,28.46999931335449,28.489999771118164,28.489999771118164,68772
2023-03-27 10:15:00-04:00,28.5,28.559999465942383,28.5,28.559999465942383,28.559999465942383,95786
2023-03-27 10:16:00-04:00,28.56999969482422,28.61000061035156,28.559999465942383,28.565000534057617,28.565000534057617,157445
2023-03-27 10:17:00-04:00,28.559999465942383,28.56999969482422,28.5,28.520000457763672,28.520000457763672,110846
2023-03-27 10:18:00-04:00,28.51000022888184,28.530000686645508,28.479999542236328,28.530000686645508,28.530000686645508,24011
2023-03-27 10:19:00-04:00,28.530000686645508,28.549999237060547,28.479999542236328,28.48500061035156,28.48500061035156,49426
2023-03-27 10:20:00-04:00,28.479999542236328,28.520000457763672,28.479999542236328,28.51499938964844,28.51499938964844,18391
2023-03-27 10:21:00-04:00,28.51499938964844,28.524999618530277,28.5,28.5,28.5,10193
2023-03-27 10:22:00-04:00,28.51000022888184,28.520000457763672,28.489999771118164,28.489999771118164,28.489999771118164,19017
2023-03-27 10:23:00-04:00,28.498699188232425,28.498699188232425,28.479999542236328,28.48500061035156,28.48500061035156,11502
2023-03-27 10:24:00-04:00,28.489999771118164,28.4950008392334,28.479999542236328,28.489999771118164,28.489999771118164,11108
2023-03-27 10:25:00-04:00,28.489999771118164,28.489999771118164,28.459999084472656,28.46500015258789,28.46500015258789,11598
2023-03-27 10:26:00-04:00,28.46500015258789,28.46500015258789,28.43000030517578,28.434999465942383,28.434999465942383,21988
2023-03-27 10:27:00-04:00,28.434999465942383,28.440000534057617,28.420000076293945,28.440000534057617,28.440000534057617,11354
2023-03-27 10:28:00-04:00,28.434999465942383,28.434999465942383,28.399999618530277,28.420000076293945,28.420000076293945,24272
2023-03-27 10:29:00-04:00,28.415000915527344,28.43000030517578,28.399999618530277,28.428800582885746,28.428800582885746,11680
2023-03-27 10:30:00-04:00,28.424999237060547,28.43000030517578,28.3799991607666,28.3799991607666,28.3799991607666,29794
2023-03-27 10:31:00-04:00,28.395000457763672,28.420000076293945,28.3799991607666,28.40999984741211,28.40999984741211,9489
2023-03-27 10:32:00-04:00,28.424999237060547,28.434999465942383,28.40999984741211,28.434999465942383,28.434999465942383,20039
2023-03-27 10:33:00-04:00,28.43000030517578,28.440000534057617,28.424999237060547,28.424999237060547,28.424999237060547,10183
2023-03-27 10:34:00-04:00,28.424999237060547,28.43000030517578,28.40999984741211,28.43000030517578,28.43000030517578,17709
2023-03-27 10:35:00-04:00,28.424999237060547,28.43000030517578,28.40999984741211,28.415000915527344,28.415000915527344,8722
2023-03-27 10:36:00-04:00,28.40999984741211,28.450000762939453,28.399999618530277,28.44499969482422,28.44499969482422,15034
2023-03-27 10:37:00-04:00,28.44499969482422,28.479999542236328,28.440000534057617,28.479999542236328,28.479999542236328,38009
2023-03-27 10:38:00-04:00,28.479999542236328,28.489999771118164,28.46999931335449,28.48500061035156,28.48500061035156,18717
2023-03-27 10:39:00-04:00,28.489999771118164,28.489999771118164,28.48500061035156,28.489999771118164,28.489999771118164,6211
2023-03-27 10:40:00-04:00,28.489999771118164,28.5049991607666,28.46999931335449,28.475000381469727,28.475000381469727,32929
2023-03-27 10:41:00-04:00,28.475000381469727,28.479999542236328,28.46999931335449,28.475000381469727,28.475000381469727,5010
2023-03-27 10:42:00-04:00,28.475000381469727,28.475000381469727,28.450000762939453,28.45499992370605,28.45499992370605,40201
2023-03-27 10:43:00-04:00,28.459999084472656,28.459999084472656,28.440000534057617,28.45499992370605,28.45499992370605,13551
2023-03-27 10:44:00-04:00,28.45499992370605,28.45499992370605,28.440000534057617,28.44499969482422,28.44499969482422,23718
2023-03-27 10:45:00-04:00,28.440000534057617,28.440000534057617,28.405000686645508,28.409400939941406,28.409400939941406,12065
2023-03-27 10:46:00-04:00,28.399999618530277,28.424999237060547,28.399999618530277,28.424999237060547,28.424999237060547,9188
2023-03-27 10:47:00-04:00,28.420000076293945,28.450000762939453,28.420000076293945,28.43000030517578,28.43000030517578,15105
2023-03-27 10:48:00-04:00,28.43000030517578,28.44499969482422,28.40999984741211,28.415000915527344,28.415000915527344,58989
2023-03-27 10:49:00-04:00,28.40999984741211,28.440000534057617,28.40999984741211,28.434999465942383,28.434999465942383,17117
2023-03-27 10:50:00-04:00,28.440000534057617,28.46540069580078,28.43000030517578,28.45499992370605,28.45499992370605,15057
2023-03-27 10:51:00-04:00,28.45499992370605,28.48500061035156,28.450000762939453,28.48500061035156,28.48500061035156,10129
2023-03-27 10:52:00-04:00,28.48500061035156,28.48500061035156,28.450000762939453,28.45499992370605,28.45499992370605,11648
2023-03-27 10:53:00-04:00,28.45499992370605,28.48500061035156,28.450000762939453,28.475000381469727,28.475000381469727,11983
2023-03-27 10:54:00-04:00,28.46999931335449,28.4950008392334,28.46999931335449,28.4950008392334,28.4950008392334,19644
2023-03-27 10:55:00-04:00,28.4950008392334,28.4950008392334,28.479999542236328,28.489999771118164,28.489999771118164,15464
2023-03-27 10:56:00-04:00,28.489999771118164,28.51000022888184,28.479999542236328,28.5049991607666,28.5049991607666,10678
2023-03-27 10:57:00-04:00,28.5049991607666,28.5049991607666,28.46999931335449,28.46999931335449,28.46999931335449,18014
2023-03-27 10:58:00-04:00,28.475000381469727,28.475000381469727,28.43000030517578,28.440000534057617,28.440000534057617,23594
2023-03-27 10:59:00-04:00,28.431299209594727,28.450000762939453,28.43000030517578,28.440000534057617,28.440000534057617,12487
2023-03-27 11:00:00-04:00,28.440000534057617,28.45499992370605,28.440000534057617,28.444799423217773,28.444799423217773,8858
2023-03-27 11:01:00-04:00,28.450000762939453,28.479999542236328,28.440000534057617,28.459999084472656,28.459999084472656,9340
2023-03-27 11:02:00-04:00,28.46500015258789,28.475000381469727,28.459999084472656,28.475000381469727,28.475000381469727,5109
2023-03-27 11:03:00-04:00,28.479999542236328,28.4950008392334,28.479999542236328,28.489999771118164,28.489999771118164,6094
2023-03-27 11:04:00-04:00,28.489999771118164,28.489999771118164,28.475000381469727,28.475000381469727,28.475000381469727,21371
2023-03-27 11:05:00-04:00,28.475000381469727,28.4950008392334,28.459999084472656,28.479999542236328,28.479999542236328,21972
2023-03-27 11:06:00-04:00,28.475000381469727,28.48500061035156,28.46999931335449,28.479999542236328,28.479999542236328,6600
2023-03-27 11:07:00-04:00,28.475000381469727,28.48500061035156,28.459999084472656,28.48500061035156,28.48500061035156,12685
2023-03-27 11:08:00-04:00,28.479999542236328,28.5,28.479999542236328,28.479999542236328,28.479999542236328,14158
2023-03-27 11:09:00-04:00,28.479999542236328,28.479999542236328,28.450000762939453,28.459999084472656,28.459999084472656,15567
2023-03-27 11:10:00-04:00,28.45499992370605,28.46500015258789,28.450000762939453,28.459999084472656,28.459999084472656,6067
2023-03-27 11:11:00-04:00,28.459999084472656,28.46500015258789,28.450000762939453,28.459999084472656,28.459999084472656,4856
2023-03-27 11:12:00-04:00,28.459999084472656,28.48500061035156,28.450000762939453,28.48500061035156,28.48500061035156,8945
2023-03-27 11:13:00-04:00,28.48500061035156,28.51000022888184,28.479999542236328,28.5049991607666,28.5049991607666,10163
2023-03-27 11:14:00-04:00,28.5049991607666,28.51499938964844,28.5,28.51000022888184,28.51000022888184,28744
2023-03-27 11:15:00-04:00,28.51499938964844,28.51499938964844,28.5,28.5,28.5,8774
2023-03-27 11:16:00-04:00,28.5049991607666,28.5049991607666,28.489999771118164,28.4950008392334,28.4950008392334,9601
2023-03-27 11:17:00-04:00,28.4950008392334,28.51000022888184,28.479999542236328,28.51000022888184,28.51000022888184,10571
2023-03-27 11:18:00-04:00,28.5,28.5049991607666,28.4950008392334,28.5,28.5,6865
2023-03-27 11:19:00-04:00,28.496999740600582,28.51000022888184,28.479999542236328,28.489999771118164,28.489999771118164,37376
2023-03-27 11:20:00-04:00,28.48500061035156,28.4950008392334,28.479999542236328,28.4950008392334,28.4950008392334,4088
2023-03-27 11:21:00-04:00,28.4950008392334,28.524999618530277,28.489999771118164,28.524999618530277,28.524999618530277,4871
2023-03-27 11:22:00-04:00,28.520099639892575,28.52989959716797,28.51000022888184,28.51499938964844,28.51499938964844,9631
2023-03-27 11:23:00-04:00,28.51000022888184,28.51499938964844,28.5,28.5049991607666,28.5049991607666,12248
2023-03-27 11:24:00-04:00,28.5049991607666,28.51000022888184,28.489999771118164,28.51000022888184,28.51000022888184,9066
2023-03-27 11:25:00-04:00,28.51000022888184,28.530000686645508,28.5,28.530000686645508,28.530000686645508,15294
2023-03-27 11:26:00-04:00,28.524999618530277,28.540000915527344,28.524999618530277,28.530000686645508,28.530000686645508,15621
2023-03-27 11:27:00-04:00,28.545000076293945,28.56999969482422,28.540000915527344,28.569000244140625,28.569000244140625,21694
2023-03-27 11:28:00-04:00,28.565000534057617,28.565000534057617,28.549999237060547,28.55500030517578,28.55500030517578,6214
2023-03-27 11:29:00-04:00,28.55500030517578,28.57999992370605,28.549999237060547,28.575000762939453,28.575000762939453,24100
2023-03-27 11:30:00-04:00,28.575000762939453,28.584999084472656,28.565000534057617,28.584999084472656,28.584999084472656,7884
2023-03-27 11:31:00-04:00,28.584999084472656,28.584999084472656,28.56999969482422,28.56999969482422,28.56999969482422,8881
2023-03-27 11:32:00-04:00,28.56999969482422,28.57999992370605,28.549999237060547,28.577699661254883,28.577699661254883,11842
2023-03-27 11:33:00-04:00,28.57999992370605,28.59499931335449,28.57999992370605,28.59000015258789,28.59000015258789,12501
2023-03-27 11:34:00-04:00,28.59499931335449,28.600000381469727,28.57999992370605,28.59499931335449,28.59499931335449,29874
2023-03-27 11:35:00-04:00,28.600000381469727,28.614999771118164,28.600000381469727,28.604999542236328,28.604999542236328,21092
2023-03-27 11:36:00-04:00,28.604999542236328,28.614999771118164,28.59000015258789,28.61000061035156,28.61000061035156,13787
2023-03-27 11:37:00-04:00,28.617799758911133,28.617799758911133,28.59000015258789,28.61000061035156,28.61000061035156,12339
2023-03-27 11:38:00-04:00,28.604999542236328,28.61000061035156,28.600000381469727,28.61000061035156,28.61000061035156,6865
2023-03-27 11:39:00-04:00,28.600000381469727,28.6299991607666,28.600000381469727,28.6299991607666,28.6299991607666,13006
2023-03-27 11:40:00-04:00,28.6299991607666,28.6299991607666,28.59000015258789,28.600000381469727,28.600000381469727,19137
2023-03-27 11:41:00-04:00,28.600000381469727,28.600000381469727,28.57999992370605,28.59000015258789,28.59000015258789,17194
2023-03-27 11:42:00-04:00,28.58880043029785,28.59000015258789,28.571399688720703,28.57999992370605,28.57999992370605,11688
2023-03-27 11:43:00-04:00,28.57999992370605,28.584999084472656,28.56999969482422,28.57999992370605,28.57999992370605,10036
2023-03-27 11:44:00-04:00,28.57999992370605,28.604999542236328,28.57999992370605,28.604999542236328,28.604999542236328,4773
2023-03-27 11:45:00-04:00,28.604999542236328,28.61000061035156,28.600000381469727,28.600000381469727,28.600000381469727,3572
2023-03-27 11:46:00-04:00,28.604999542236328,28.61000061035156,28.600000381469727,28.604999542236328,28.604999542236328,4228
2023-03-27 11:47:00-04:00,28.60860061645508,28.6200008392334,28.59499931335449,28.6200008392334,28.6200008392334,15948
2023-03-27 11:48:00-04:00,28.61009979248047,28.614999771118164,28.59000015258789,28.604999542236328,28.604999542236328,25880
2023-03-27 11:49:00-04:00,28.61000061035156,28.6200008392334,28.600000381469727,28.614999771118164,28.614999771118164,17042
2023-03-27 11:50:00-04:00,28.61000061035156,28.614999771118164,28.600000381469727,28.600000381469727,28.600000381469727,10195
2023-03-27 11:51:00-04:00,28.599899291992188,28.604999542236328,28.59000015258789,28.59499931335449,28.59499931335449,10569
2023-03-27 11:52:00-04:00,28.600000381469727,28.61000061035156,28.59000015258789,28.59000015258789,28.59000015258789,5947
2023-03-27 11:53:00-04:00,28.584999084472656,28.59000015258789,28.559999465942383,28.56999969482422,28.56999969482422,18939
2023-03-27 11:54:00-04:00,28.56999969482422,28.584999084472656,28.559999465942383,28.57999992370605,28.57999992370605,8553
2023-03-27 11:55:00-04:00,28.575000762939453,28.575000762939453,28.549999237060547,28.559999465942383,28.559999465942383,11509
2023-03-27 11:56:00-04:00,28.549999237060547,28.56999969482422,28.53179931640625,28.56999969482422,28.56999969482422,10367
2023-03-27 11:57:00-04:00,28.56999969482422,28.59000015258789,28.559999465942383,28.59000015258789,28.59000015258789,8962
2023-03-27 11:58:00-04:00,28.584999084472656,28.600000381469727,28.56999969482422,28.59499931335449,28.59499931335449,13548
2023-03-27 11:59:00-04:00,28.600000381469727,28.600000381469727,28.56999969482422,28.56999969482422,28.56999969482422,17443
2023-03-27 12:00:00-04:00,28.575000762939453,28.575000762939453,28.549999237060547,28.575000762939453,28.575000762939453,28766
2023-03-27 12:01:00-04:00,28.575000762939453,28.600000381469727,28.565000534057617,28.59499931335449,28.59499931335449,14549
2023-03-27 12:02:00-04:00,28.59499931335449,28.59499931335449,28.57999992370605,28.59499931335449,28.59499931335449,6197
2023-03-27 12:03:00-04:00,28.600000381469727,28.61000061035156,28.600000381469727,28.600000381469727,28.600000381469727,8901
2023-03-27 12:04:00-04:00,28.61000061035156,28.63999938964844,28.600000381469727,28.6200008392334,28.6200008392334,27935
2023-03-27 12:05:00-04:00,28.63500022888184,28.63500022888184,28.57999992370605,28.582500457763672,28.582500457763672,41921
2023-03-27 12:06:00-04:00,28.584999084472656,28.59000015258789,28.57999992370605,28.581199645996094,28.581199645996094,6340
2023-03-27 12:07:00-04:00,28.584999084472656,28.59000015258789,28.56999969482422,28.584999084472656,28.584999084472656,35218
2023-03-27 12:08:00-04:00,28.56999969482422,28.57999992370605,28.549999237060547,28.559999465942383,28.559999465942383,7773
2023-03-27 12:09:00-04:00,28.56999969482422,28.56999969482422,28.5625,28.56999969482422,28.56999969482422,2137
2023-03-27 12:10:00-04:00,28.5625,28.575000762939453,28.559999465942383,28.565000534057617,28.565000534057617,13522
2023-03-27 12:11:00-04:00,28.56999969482422,28.575000762939453,28.559999465942383,28.575000762939453,28.575000762939453,4464
2023-03-27 12:12:00-04:00,28.575000762939453,28.57999992370605,28.56999969482422,28.56999969482422,28.56999969482422,8907
2023-03-27 12:13:00-04:00,28.584999084472656,28.59000015258789,28.57999992370605,28.584999084472656,28.584999084472656,7227
2023-03-27 12:14:00-04:00,28.59000015258789,28.59000015258789,28.56999969482422,28.584999084472656,28.584999084472656,11351
2023-03-27 12:15:00-04:00,28.584999084472656,28.61000061035156,28.57999992370605,28.61000061035156,28.61000061035156,7072
2023-03-27 12:16:00-04:00,28.61000061035156,28.6200008392334,28.600000381469727,28.61000061035156,28.61000061035156,13648
2023-03-27 12:17:00-04:00,28.6200008392334,28.6200008392334,28.61000061035156,28.614999771118164,28.614999771118164,5370
2023-03-27 12:18:00-04:00,28.614999771118164,28.63500022888184,28.61000061035156,28.63500022888184,28.63500022888184,11511
2023-03-27 12:19:00-04:00,28.63999938964844,28.649999618530277,28.6299991607666,28.6299991607666,28.6299991607666,19937
2023-03-27 12:20:00-04:00,28.63500022888184,28.63999938964844,28.6299991607666,28.63500022888184,28.63500022888184,3344
2023-03-27 12:21:00-04:00,28.63500022888184,28.63999938964844,28.6299991607666,28.63500022888184,28.63500022888184,6911
2023-03-27 12:22:00-04:00,28.63999938964844,28.63999938964844,28.6299991607666,28.63999938964844,28.63999938964844,6040
2023-03-27 12:23:00-04:00,28.63999938964844,28.65999984741211,28.6299991607666,28.649999618530277,28.649999618530277,17034
2023-03-27 12:24:00-04:00,28.645000457763672,28.65999984741211,28.644399642944336,28.645000457763672,28.645000457763672,5041
2023-03-27 12:25:00-04:00,28.63999938964844,28.649999618530277,28.63999938964844,28.649999618530277,28.649999618530277,6075
2023-03-27 12:26:00-04:00,28.649999618530277,28.649999618530277,28.61000061035156,28.622499465942383,28.622499465942383,27143
2023-03-27 12:27:00-04:00,28.625,28.625,28.61000061035156,28.625,28.625,13483
2023-03-27 12:28:00-04:00,28.6299991607666,28.63999938964844,28.625,28.63500022888184,28.63500022888184,10527
2023-03-27 12:29:00-04:00,28.63500022888184,28.63500022888184,28.625,28.625,28.625,4930
2023-03-27 12:30:00-04:00,28.6299991607666,28.645000457763672,28.6200008392334,28.63500022888184,28.63500022888184,11858
2023-03-27 12:31:00-04:00,28.63999938964844,28.63999938964844,28.6299991607666,28.63999938964844,28.63999938964844,4574
2023-03-27 12:32:00-04:00,28.645000457763672,28.65999984741211,28.63999938964844,28.649999618530277,28.649999618530277,46066
2023-03-27 12:33:00-04:00,28.63999938964844,28.65999984741211,28.63999938964844,28.655000686645508,28.655000686645508,8670
2023-03-27 12:34:00-04:00,28.655000686645508,28.655000686645508,28.6299991607666,28.63500022888184,28.63500022888184,15388
2023-03-27 12:35:00-04:00,28.63500022888184,28.63500022888184,28.6299991607666,28.63500022888184,28.63500022888184,7814
2023-03-27 12:36:00-04:00,28.63500022888184,28.649999618530277,28.6299991607666,28.647499084472656,28.647499084472656,11750
2023-03-27 12:37:00-04:00,28.649999618530277,28.65999984741211,28.6299991607666,28.645000457763672,28.645000457763672,23800
2023-03-27 12:38:00-04:00,28.63999938964844,28.645000457763672,28.6299991607666,28.6299991607666,28.6299991607666,11818
2023-03-27 12:39:00-04:00,28.649999618530277,28.65999984741211,28.649999618530277,28.655000686645508,28.655000686645508,8161
2023-03-27 12:40:00-04:00,28.655000686645508,28.655000686645508,28.645000457763672,28.645000457763672,28.645000457763672,10864
2023-03-27 12:41:00-04:00,28.64249992370605,28.649999618530277,28.6299991607666,28.63500022888184,28.63500022888184,26639
2023-03-27 12:42:00-04:00,28.63500022888184,28.645000457763672,28.6299991607666,28.63999938964844,28.63999938964844,9183
2023-03-27 12:43:00-04:00,28.645000457763672,28.65999984741211,28.63999938964844,28.659400939941406,28.659400939941406,14373
2023-03-27 12:44:00-04:00,28.649999618530277,28.670000076293945,28.649999618530277,28.665000915527344,28.665000915527344,22571
2023-03-27 12:45:00-04:00,28.670000076293945,28.684999465942383,28.66010093688965,28.674999237060547,28.674999237060547,33104
2023-03-27 12:46:00-04:00,28.68000030517578,28.690000534057617,28.670000076293945,28.690000534057617,28.690000534057617,8255
2023-03-27 12:47:00-04:00,28.684999465942383,28.684999465942383,28.65999984741211,28.665000915527344,28.665000915527344,107567
2023-03-27 12:48:00-04:00,28.665000915527344,28.670000076293945,28.649999618530277,28.670000076293945,28.670000076293945,21074
2023-03-27 12:49:00-04:00,28.674999237060547,28.690000534057617,28.674999237060547,28.684999465942383,28.684999465942383,9325
2023-03-27 12:50:00-04:00,28.690000534057617,28.71999931335449,28.68000030517578,28.71999931335449,28.71999931335449,43104
2023-03-27 12:51:00-04:00,28.71999931335449,28.725000381469727,28.700000762939453,28.71500015258789,28.71500015258789,29651
2023-03-27 12:52:00-04:00,28.71500015258789,28.71500015258789,28.700000762939453,28.71500015258789,28.71500015258789,11855
2023-03-27 12:53:00-04:00,28.71500015258789,28.71999931335449,28.700000762939453,28.71500015258789,28.71500015258789,29633
2023-03-27 12:54:00-04:00,28.710100173950195,28.729999542236328,28.710100173950195,28.729999542236328,28.729999542236328,10450
2023-03-27 12:55:00-04:00,28.73500061035156,28.73500061035156,28.709999084472656,28.709999084472656,28.709999084472656,25662
2023-03-27 12:56:00-04:00,28.71500015258789,28.729999542236328,28.709999084472656,28.729999542236328,28.729999542236328,8179
2023-03-27 12:57:00-04:00,28.729999542236328,28.729999542236328,28.71999931335449,28.729999542236328,28.729999542236328,7519
2023-03-27 12:58:00-04:00,28.725000381469727,28.725000381469727,28.700000762939453,28.70499992370605,28.70499992370605,16486
2023-03-27 12:59:00-04:00,28.70499992370605,28.709999084472656,28.701400756835938,28.70499992370605,28.70499992370605,2020
2023-03-27 13:00:00-04:00,28.70499992370605,28.71500015258789,28.700000762939453,28.71500015258789,28.71500015258789,10564
2023-03-27 13:01:00-04:00,28.71500015258789,28.725000381469727,28.700000762939453,28.725000381469727,28.725000381469727,19477
2023-03-27 13:02:00-04:00,28.729999542236328,28.7450008392334,28.71999931335449,28.73500061035156,28.73500061035156,28839
2023-03-27 13:03:00-04:00,28.739999771118164,28.7549991607666,28.729999542236328,28.7549991607666,28.7549991607666,7026
2023-03-27 13:04:00-04:00,28.7549991607666,28.7549991607666,28.7450008392334,28.75,28.75,13990
2023-03-27 13:05:00-04:00,28.7450008392334,28.7549991607666,28.729999542236328,28.75,28.75,32321
2023-03-27 13:06:00-04:00,28.75,28.76000022888184,28.739999771118164,28.752500534057617,28.752500534057617,16622
2023-03-27 13:07:00-04:00,28.7549991607666,28.76000022888184,28.75,28.76000022888184,28.76000022888184,22934
2023-03-27 13:08:00-04:00,28.76000022888184,28.770000457763672,28.75,28.76000022888184,28.76000022888184,13172
2023-03-27 13:09:00-04:00,28.76499938964844,28.76499938964844,28.71999931335449,28.725000381469727,28.725000381469727,23169
2023-03-27 13:10:00-04:00,28.725000381469727,28.725000381469727,28.709999084472656,28.71500015258789,28.71500015258789,8973
2023-03-27 13:11:00-04:00,28.71500015258789,28.71500015258789,28.690000534057617,28.690099716186523,28.690099716186523,11109
2023-03-27 13:12:00-04:00,28.69700050354004,28.71500015258789,28.690000534057617,28.70499992370605,28.70499992370605,31379
2023-03-27 13:13:00-04:00,28.701400756835938,28.70499992370605,28.690000534057617,28.700000762939453,28.700000762939453,16081
2023-03-27 13:14:00-04:00,28.69499969482422,28.725000381469727,28.69499969482422,28.71500015258789,28.71500015258789,21634
2023-03-27 13:15:00-04:00,28.709999084472656,28.725000381469727,28.709999084472656,28.71999931335449,28.71999931335449,11119
2023-03-27 13:16:00-04:00,28.71999931335449,28.71999931335449,28.700000762939453,28.71500015258789,28.71500015258789,17360
2023-03-27 13:17:00-04:00,28.709999084472656,28.729999542236328,28.709999084472656,28.725000381469727,28.725000381469727,8824
2023-03-27 13:18:00-04:00,28.729999542236328,28.729999542236328,28.71999931335449,28.725000381469727,28.725000381469727,10244
2023-03-27 13:19:00-04:00,28.729999542236328,28.7450008392334,28.71999931335449,28.7450008392334,28.7450008392334,22452
2023-03-27 13:20:00-04:00,28.7450008392334,28.76000022888184,28.739999771118164,28.76000022888184,28.76000022888184,57897
2023-03-27 13:21:00-04:00,28.75200080871582,28.790000915527344,28.75,28.78499984741211,28.78499984741211,22474
2023-03-27 13:22:00-04:00,28.78499984741211,28.809999465942383,28.78499984741211,28.799999237060547,28.799999237060547,36270
2023-03-27 13:23:00-04:00,28.799999237060547,28.80500030517578,28.795000076293945,28.795000076293945,28.795000076293945,19276
2023-03-27 13:24:00-04:00,28.795000076293945,28.795000076293945,28.792499542236328,28.792499542236328,28.792499542236328,2195
2023-03-27 13:25:00-04:00,28.795000076293945,28.799999237060547,28.790000915527344,28.799999237060547,28.799999237060547,7332
2023-03-27 13:26:00-04:00,28.799999237060547,28.799999237060547,28.770099639892575,28.77059936523437,28.77059936523437,22104
2023-03-27 13:27:00-04:00,28.77440071105957,28.799999237060547,28.770000457763672,28.780000686645508,28.780000686645508,25663
2023-03-27 13:28:00-04:00,28.780000686645508,28.78499984741211,28.770000457763672,28.774999618530277,28.774999618530277,10556
2023-03-27 13:29:00-04:00,28.774999618530277,28.780000686645508,28.770000457763672,28.780000686645508,28.780000686645508,5837
2023-03-27 13:30:00-04:00,28.774999618530277,28.799999237060547,28.770000457763672,28.790000915527344,28.790000915527344,30064
2023-03-27 13:31:00-04:00,28.795000076293945,28.799999237060547,28.76000022888184,28.78499984741211,28.78499984741211,59966
2023-03-27 13:32:00-04:00,28.790000915527344,28.790000915527344,28.78499984741211,28.78499984741211,28.78499984741211,5777
2023-03-27 13:33:00-04:00,28.78499984741211,28.799999237060547,28.770000457763672,28.78249931335449,28.78249931335449,24783
2023-03-27 13:34:00-04:00,28.78499984741211,28.78499984741211,28.770000457763672,28.770000457763672,28.770000457763672,14839
2023-03-27 13:35:00-04:00,28.78499984741211,28.80500030517578,28.770000457763672,28.799999237060547,28.799999237060547,38989
2023-03-27 13:36:00-04:00,28.799999237060547,28.799999237060547,28.795000076293945,28.795000076293945,28.795000076293945,1964
2023-03-27 13:37:00-04:00,28.790000915527344,28.809999465942383,28.790000915527344,28.80500030517578,28.80500030517578,18444
2023-03-27 13:38:00-04:00,28.809999465942383,28.815000534057617,28.78499984741211,28.790000915527344,28.790000915527344,48373
2023-03-27 13:39:00-04:00,28.790000915527344,28.809999465942383,28.790000915527344,28.809999465942383,28.809999465942383,12247
2023-03-27 13:40:00-04:00,28.809999465942383,28.82999992370605,28.809999465942383,28.825000762939453,28.825000762939453,11542
2023-03-27 13:41:00-04:00,28.825000762939453,28.84499931335449,28.81999969482422,28.84499931335449,28.84499931335449,20101
2023-03-27 13:42:00-04:00,28.84499931335449,28.84499931335449,28.82999992370605,28.82999992370605,28.82999992370605,14462
2023-03-27 13:43:00-04:00,28.84499931335449,28.8700008392334,28.84000015258789,28.854999542236328,28.854999542236328,33763
2023-03-27 13:44:00-04:00,28.86000061035156,28.8700008392334,28.850000381469727,28.8700008392334,28.8700008392334,26584
2023-03-27 13:45:00-04:00,28.864999771118164,28.8799991607666,28.86000061035156,28.864999771118164,28.864999771118164,40183
2023-03-27 13:46:00-04:00,28.867900848388672,28.875,28.850000381469727,28.850000381469727,28.850000381469727,27129
2023-03-27 13:47:00-04:00,28.854999542236328,28.864999771118164,28.84499931335449,28.854999542236328,28.854999542236328,17911
2023-03-27 13:48:00-04:00,28.854999542236328,28.854999542236328,28.82999992370605,28.84499931335449,28.84499931335449,21127
2023-03-27 13:49:00-04:00,28.84499931335449,28.850000381469727,28.84000015258789,28.84499931335449,28.84499931335449,8347
2023-03-27 13:50:00-04:00,28.84499931335449,28.850000381469727,28.80500030517578,28.809999465942383,28.809999465942383,59421
2023-03-27 13:51:00-04:00,28.809999465942383,28.809999465942383,28.803600311279297,28.809999465942383,28.809999465942383,4483
2023-03-27 13:52:00-04:00,28.799999237060547,28.809999465942383,28.790000915527344,28.799999237060547,28.799999237060547,26436
2023-03-27 13:53:00-04:00,28.799999237060547,28.80500030517578,28.795000076293945,28.795000076293945,28.795000076293945,7849
2023-03-27 13:54:00-04:00,28.795000076293945,28.799999237060547,28.76499938964844,28.770000457763672,28.770000457763672,41624
2023-03-27 13:55:00-04:00,28.770000457763672,28.774999618530277,28.7549991607666,28.76499938964844,28.76499938964844,28427
2023-03-27 13:56:00-04:00,28.76499938964844,28.774999618530277,28.76000022888184,28.76000022888184,28.76000022888184,15317
2023-03-27 13:57:00-04:00,28.76499938964844,28.780000686645508,28.76000022888184,28.770000457763672,28.770000457763672,26755
2023-03-27 13:58:00-04:00,28.780000686645508,28.780000686645508,28.770000457763672,28.774999618530277,28.774999618530277,5754
2023-03-27 13:59:00-04:00,28.770000457763672,28.770000457763672,28.75,28.7549991607666,28.7549991607666,23521
2023-03-27 14:00:00-04:00,28.76000022888184,28.768299102783203,28.75,28.7549991607666,28.7549991607666,8995
2023-03-27 14:01:00-04:00,28.75,28.76000022888184,28.75,28.7549991607666,28.7549991607666,3493
2023-03-27 14:02:00-04:00,28.75,28.770000457763672,28.75,28.76000022888184,28.76000022888184,41911
2023-03-27 14:03:00-04:00,28.770000457763672,28.78499984741211,28.770000457763672,28.780000686645508,28.780000686645508,28292
2023-03-27 14:04:00-04:00,28.770000457763672,28.780000686645508,28.76000022888184,28.770000457763672,28.770000457763672,17284
2023-03-27 14:05:00-04:00,28.770000457763672,28.780000686645508,28.76000022888184,28.780000686645508,28.780000686645508,30302
2023-03-27 14:06:00-04:00,28.780000686645508,28.780000686645508,28.75,28.75,28.75,25550
2023-03-27 14:07:00-04:00,28.75,28.75,28.729999542236328,28.740100860595703,28.740100860595703,19214
2023-03-27 14:08:00-04:00,28.7450008392334,28.76499938964844,28.739999771118164,28.7549991607666,28.7549991607666,17694
2023-03-27 14:09:00-04:00,28.758100509643555,28.770000457763672,28.75,28.770000457763672,28.770000457763672,14203
2023-03-27 14:10:00-04:00,28.76499938964844,28.780000686645508,28.76000022888184,28.780000686645508,28.780000686645508,12948
2023-03-27 14:11:00-04:00,28.780000686645508,28.780000686645508,28.739999771118164,28.75,28.75,32429
2023-03-27 14:12:00-04:00,28.7450008392334,28.7549991607666,28.73500061035156,28.7549991607666,28.7549991607666,7375
2023-03-27 14:13:00-04:00,28.76000022888184,28.76000022888184,28.750900268554688,28.7549991607666,28.7549991607666,6587
2023-03-27 14:14:00-04:00,28.75,28.76000022888184,28.75,28.7549991607666,28.7549991607666,19693
2023-03-27 14:15:00-04:00,28.76000022888184,28.76000022888184,28.739999771118164,28.739999771118164,28.739999771118164,15807
2023-03-27 14:16:00-04:00,28.739999771118164,28.76000022888184,28.73500061035156,28.7549991607666,28.7549991607666,35606
2023-03-27 14:17:00-04:00,28.76000022888184,28.76000022888184,28.7549991607666,28.7549991607666,28.7549991607666,2513
2023-03-27 14:18:00-04:00,28.7549991607666,28.76000022888184,28.75,28.76000022888184,28.76000022888184,12364
2023-03-27 14:19:00-04:00,28.7549991607666,28.770000457763672,28.75,28.770000457763672,28.770000457763672,83744
2023-03-27 14:20:00-04:00,28.770000457763672,28.770000457763672,28.7549991607666,28.7549991607666,28.7549991607666,28687
2023-03-27 14:21:00-04:00,28.76000022888184,28.770000457763672,28.739999771118164,28.739999771118164,28.739999771118164,88199
2023-03-27 14:22:00-04:00,28.75,28.76000022888184,28.71999931335449,28.73500061035156,28.73500061035156,133975
2023-03-27 14:23:00-04:00,28.73500061035156,28.739999771118164,28.71999931335449,28.71999931335449,28.71999931335449,33688
2023-03-27 14:24:00-04:00,28.725000381469727,28.729999542236328,28.725000381469727,28.725000381469727,28.725000381469727,5581
2023-03-27 14:25:00-04:00,28.725000381469727,28.739999771118164,28.71999931335449,28.739999771118164,28.739999771118164,21035
2023-03-27 14:26:00-04:00,28.739999771118164,28.75,28.71999931335449,28.725000381469727,28.725000381469727,48000
2023-03-27 14:27:00-04:00,28.725000381469727,28.739999771118164,28.71999931335449,28.732500076293945,28.732500076293945,21029
2023-03-27 14:28:00-04:00,28.739999771118164,28.749399185180664,28.729999542236328,28.7450008392334,28.7450008392334,23929
2023-03-27 14:29:00-04:00,28.7450008392334,28.7450008392334,28.729999542236328,28.729999542236328,28.729999542236328,36748
2023-03-27 14:30:00-04:00,28.725000381469727,28.729999542236328,28.709999084472656,28.725000381469727,28.725000381469727,33386
2023-03-27 14:31:00-04:00,28.72780036926269,28.76000022888184,28.71999931335449,28.7549991607666,28.7549991607666,49368
2023-03-27 14:32:00-04:00,28.7549991607666,28.770000457763672,28.75,28.76499938964844,28.76499938964844,20419
2023-03-27 14:33:00-04:00,28.76000022888184,28.770000457763672,28.76000022888184,28.76499938964844,28.76499938964844,16429
2023-03-27 14:34:00-04:00,28.76499938964844,28.76499938964844,28.739999771118164,28.7450008392334,28.7450008392334,40429
2023-03-27 14:35:00-04:00,28.7450008392334,28.76000022888184,28.739999771118164,28.76000022888184,28.76000022888184,17290
2023-03-27 14:36:00-04:00,28.76000022888184,28.790000915527344,28.76000022888184,28.774999618530277,28.774999618530277,32101
2023-03-27 14:37:00-04:00,28.774999618530277,28.799999237060547,28.770000457763672,28.799999237060547,28.799999237060547,10620
2023-03-27 14:38:00-04:00,28.799999237060547,28.815000534057617,28.790000915527344,28.80990028381348,28.80990028381348,17666
2023-03-27 14:39:00-04:00,28.80500030517578,28.809999465942383,28.790000915527344,28.799999237060547,28.799999237060547,14212
2023-03-27 14:40:00-04:00,28.80500030517578,28.80500030517578,28.790000915527344,28.795000076293945,28.795000076293945,11407
2023-03-27 14:41:00-04:00,28.799999237060547,28.799999237060547,28.780000686645508,28.780000686645508,28.780000686645508,19116
2023-03-27 14:42:00-04:00,28.781200408935547,28.78499984741211,28.770000457763672,28.774999618530277,28.774999618530277,33190
2023-03-27 14:43:00-04:00,28.774999618530277,28.790000915527344,28.770000457763672,28.78499984741211,28.78499984741211,8661
2023-03-27 14:44:00-04:00,28.78499984741211,28.790000915527344,28.770000457763672,28.774999618530277,28.774999618530277,34834
2023-03-27 14:45:00-04:00,28.780000686645508,28.790000915527344,28.770000457763672,28.784500122070312,28.784500122070312,14057
2023-03-27 14:46:00-04:00,28.780000686645508,28.81999969482422,28.780000686645508,28.815000534057617,28.815000534057617,44875
2023-03-27 14:47:00-04:00,28.815000534057617,28.825000762939453,28.809999465942383,28.815000534057617,28.815000534057617,17656
2023-03-27 14:48:00-04:00,28.809999465942383,28.815000534057617,28.790000915527344,28.80500030517578,28.80500030517578,18163
2023-03-27 14:49:00-04:00,28.809999465942383,28.81999969482422,28.799999237060547,28.81999969482422,28.81999969482422,14099
2023-03-27 14:50:00-04:00,28.81999969482422,28.82999992370605,28.795000076293945,28.795000076293945,28.795000076293945,29353
2023-03-27 14:51:00-04:00,28.795000076293945,28.809999465942383,28.790000915527344,28.809999465942383,28.809999465942383,10306
2023-03-27 14:52:00-04:00,28.80500030517578,28.815000534057617,28.799999237060547,28.80500030517578,28.80500030517578,8941
2023-03-27 14:53:00-04:00,28.80500030517578,28.809999465942383,28.780000686645508,28.78499984741211,28.78499984741211,14980
2023-03-27 14:54:00-04:00,28.78499984741211,28.790000915527344,28.780000686645508,28.780000686645508,28.780000686645508,5300
2023-03-27 14:55:00-04:00,28.78499984741211,28.795000076293945,28.780000686645508,28.790000915527344,28.790000915527344,13563
2023-03-27 14:56:00-04:00,28.790000915527344,28.795000076293945,28.780000686645508,28.795000076293945,28.795000076293945,11017
2023-03-27 14:57:00-04:00,28.795000076293945,28.81999969482422,28.790000915527344,28.81999969482422,28.81999969482422,26842
2023-03-27 14:58:00-04:00,28.81999969482422,28.82999992370605,28.812000274658203,28.815000534057617,28.815000534057617,28324
2023-03-27 14:59:00-04:00,28.809999465942383,28.815000534057617,28.790000915527344,28.80500030517578,28.80500030517578,26383
2023-03-27 15:00:00-04:00,28.809999465942383,28.809999465942383,28.799999237060547,28.809999465942383,28.809999465942383,6822
2023-03-27 15:01:00-04:00,28.80500030517578,28.81999969482422,28.80500030517578,28.815000534057617,28.815000534057617,8644
2023-03-27 15:02:00-04:00,28.815000534057617,28.81999969482422,28.815000534057617,28.815000534057617,28.815000534057617,3144
2023-03-27 15:03:00-04:00,28.81999969482422,28.81999969482422,28.799999237060547,28.809999465942383,28.809999465942383,21370
2023-03-27 15:04:00-04:00,28.80500030517578,28.80500030517578,28.76000022888184,28.76499938964844,28.76499938964844,44287
2023-03-27 15:05:00-04:00,28.76499938964844,28.780000686645508,28.76000022888184,28.774999618530277,28.774999618530277,14318
2023-03-27 15:06:00-04:00,28.774999618530277,28.780000686645508,28.770000457763672,28.774999618530277,28.774999618530277,29516
2023-03-27 15:07:00-04:00,28.774999618530277,28.774999618530277,28.76000022888184,28.76000022888184,28.76000022888184,25944
2023-03-27 15:08:00-04:00,28.76000022888184,28.780000686645508,28.75,28.770000457763672,28.770000457763672,47135
2023-03-27 15:09:00-04:00,28.770000457763672,28.774999618530277,28.76499938964844,28.76499938964844,28.76499938964844,11224
2023-03-27 15:10:00-04:00,28.76499938964844,28.780000686645508,28.76000022888184,28.774999618530277,28.774999618530277,10952
2023-03-27 15:11:00-04:00,28.780000686645508,28.780000686645508,28.770000457763672,28.774999618530277,28.774999618530277,7469
2023-03-27 15:12:00-04:00,28.774999618530277,28.795000076293945,28.76000022888184,28.795000076293945,28.795000076293945,36696
2023-03-27 15:13:00-04:00,28.795000076293945,28.79990005493164,28.78499984741211,28.78499984741211,28.78499984741211,14207
2023-03-27 15:14:00-04:00,28.790000915527344,28.799999237060547,28.780000686645508,28.795000076293945,28.795000076293945,9108
2023-03-27 15:15:00-04:00,28.799999237060547,28.809999465942383,28.780000686645508,28.78499984741211,28.78499984741211,34750
2023-03-27 15:16:00-04:00,28.790000915527344,28.799999237060547,28.780000686645508,28.799999237060547,28.799999237060547,9795
2023-03-27 15:17:00-04:00,28.799999237060547,28.81999969482422,28.790000915527344,28.81999969482422,28.81999969482422,12123
2023-03-27 15:18:00-04:00,28.81999969482422,28.81999969482422,28.80150032043457,28.80150032043457,28.80150032043457,31794
2023-03-27 15:19:00-04:00,28.80010032653809,28.80500030517578,28.790000915527344,28.795000076293945,28.795000076293945,31533
2023-03-27 15:20:00-04:00,28.795000076293945,28.795000076293945,28.770000457763672,28.774999618530277,28.774999618530277,19793
2023-03-27 15:21:00-04:00,28.774999618530277,28.774999618530277,28.76000022888184,28.770000457763672,28.770000457763672,32055
2023-03-27 15:22:00-04:00,28.774999618530277,28.780000686645508,28.770000457763672,28.780000686645508,28.780000686645508,8683
2023-03-27 15:23:00-04:00,28.774999618530277,28.78499984741211,28.76499938964844,28.770000457763672,28.770000457763672,22234
2023-03-27 15:24:00-04:00,28.76499938964844,28.78499984741211,28.76000022888184,28.78499984741211,28.78499984741211,11251
2023-03-27 15:25:00-04:00,28.78499984741211,28.799999237060547,28.780000686645508,28.78499984741211,28.78499984741211,40296
2023-03-27 15:26:00-04:00,28.78499984741211,28.790000915527344,28.780000686645508,28.78499984741211,28.78499984741211,6631
2023-03-27 15:27:00-04:00,28.790000915527344,28.799999237060547,28.780000686645508,28.799999237060547,28.799999237060547,15857
2023-03-27 15:28:00-04:00,28.799999237060547,28.809999465942383,28.790000915527344,28.80500030517578,28.80500030517578,19833
2023-03-27 15:29:00-04:00,28.803800582885746,28.809999465942383,28.770000457763672,28.78350067138672,28.78350067138672,69757
2023-03-27 15:30:00-04:00,28.780000686645508,28.79170036315918,28.780000686645508,28.790000915527344,28.790000915527344,27766
2023-03-27 15:31:00-04:00,28.795000076293945,28.809999465942383,28.790000915527344,28.795000076293945,28.795000076293945,50682
2023-03-27 15:32:00-04:00,28.795000076293945,28.795000076293945,28.770000457763672,28.770000457763672,28.770000457763672,38418
2023-03-27 15:33:00-04:00,28.780000686645508,28.799999237060547,28.770000457763672,28.790000915527344,28.790000915527344,63052
2023-03-27 15:34:00-04:00,28.795000076293945,28.809999465942383,28.790000915527344,28.80820083618164,28.80820083618164,10779
2023-03-27 15:35:00-04:00,28.809999465942383,28.82999992370605,28.790000915527344,28.795000076293945,28.795000076293945,88723
2023-03-27 15:36:00-04:00,28.795000076293945,28.795000076293945,28.780000686645508,28.790000915527344,28.790000915527344,41799
2023-03-27 15:37:00-04:00,28.790000915527344,28.790000915527344,28.76000022888184,28.76499938964844,28.76499938964844,38298
2023-03-27 15:38:00-04:00,28.770000457763672,28.780000686645508,28.76000022888184,28.76000022888184,28.76000022888184,15874
2023-03-27 15:39:00-04:00,28.7549991607666,28.76000022888184,28.739999771118164,28.739999771118164,28.739999771118164,21582
2023-03-27 15:40:00-04:00,28.7450008392334,28.76000022888184,28.729999542236328,28.739999771118164,28.739999771118164,33926
2023-03-27 15:41:00-04:00,28.739999771118164,28.75,28.729999542236328,28.739999771118164,28.739999771118164,32585
2023-03-27 15:42:00-04:00,28.75,28.770000457763672,28.739999771118164,28.770000457763672,28.770000457763672,21796
2023-03-27 15:43:00-04:00,28.76000022888184,28.780000686645508,28.76000022888184,28.76499938964844,28.76499938964844,22691
2023-03-27 15:44:00-04:00,28.76499938964844,28.770000457763672,28.75,28.7549991607666,28.7549991607666,26561
2023-03-27 15:45:00-04:00,28.75,28.76000022888184,28.739999771118164,28.7450008392334,28.7450008392334,37978
2023-03-27 15:46:00-04:00,28.749900817871094,28.749900817871094,28.71999931335449,28.73500061035156,28.73500061035156,27411
2023-03-27 15:47:00-04:00,28.73500061035156,28.739999771118164,28.71999931335449,28.721399307250977,28.721399307250977,19529
2023-03-27 15:48:00-04:00,28.725000381469727,28.729999542236328,28.709999084472656,28.729999542236328,28.729999542236328,30827
2023-03-27 15:49:00-04:00,28.725000381469727,28.729999542236328,28.709999084472656,28.725000381469727,28.725000381469727,21300
2023-03-27 15:50:00-04:00,28.71999931335449,28.725000381469727,28.68000030517578,28.70499992370605,28.70499992370605,81252
2023-03-27 15:51:00-04:00,28.70499992370605,28.709999084472656,28.690000534057617,28.709999084472656,28.709999084472656,40574
2023-03-27 15:52:00-04:00,28.70499992370605,28.780000686645508,28.700000762939453,28.780000686645508,28.780000686645508,177633
2023-03-27 15:53:00-04:00,28.774999618530277,28.780000686645508,28.76000022888184,28.76499938964844,28.76499938964844,98629
2023-03-27 15:54:00-04:00,28.76000022888184,28.770000457763672,28.7450008392334,28.7450008392334,28.7450008392334,72584
2023-03-27 15:55:00-04:00,28.75,28.76000022888184,28.739999771118164,28.75,28.75,62520
2023-03-27 15:56:00-04:00,28.7450008392334,28.76000022888184,28.739999771118164,28.76000022888184,28.76000022888184,138387
2023-03-27 15:57:00-04:00,28.76000022888184,28.770000457763672,28.7549991607666,28.76499938964844,28.76499938964844,237488
2023-03-27 15:58:00-04:00,28.76499938964844,28.76499938964844,28.75,28.75,28.75,111143
2023-03-27 15:59:00-04:00,28.7549991607666,28.770000457763672,28.71999931335449,28.76000022888184,28.76000022888184,329903
2023-03-28 09:30:00-04:00,28.780000686645508,28.940000534057617,28.729999542236328,28.90999984741211,28.90999984741211,143961
2023-03-28 09:31:00-04:00,28.899999618530277,28.950000762939453,28.899999618530277,28.93000030517578,28.93000030517578,86058
2023-03-28 09:32:00-04:00,28.924999237060547,28.940000534057617,28.85059928894043,28.875,28.875,18737
2023-03-28 09:33:00-04:00,28.8799991607666,28.88999938964844,28.850000381469727,28.875,28.875,24663
2023-03-28 09:34:00-04:00,28.875,28.920000076293945,28.875,28.905000686645508,28.905000686645508,61653
2023-03-28 09:35:00-04:00,28.899999618530277,28.96500015258789,28.899999618530277,28.96500015258789,28.96500015258789,69519
2023-03-28 09:36:00-04:00,28.959999084472656,28.989999771118164,28.93000030517578,28.98500061035156,28.98500061035156,28332
2023-03-28 09:37:00-04:00,28.98500061035156,29.020000457763672,28.98500061035156,28.98500061035156,28.98500061035156,26904
2023-03-28 09:38:00-04:00,28.989999771118164,29.0049991607666,28.959999084472656,29.0049991607666,29.0049991607666,51501
2023-03-28 09:39:00-04:00,29.0049991607666,29.024999618530277,28.98500061035156,29.024999618530277,29.024999618530277,26548
2023-03-28 09:40:00-04:00,29.024999618530277,29.049999237060547,29.01499938964844,29.03499984741211,29.03499984741211,28082
2023-03-28 09:41:00-04:00,29.03499984741211,29.03499984741211,28.98500061035156,28.989999771118164,28.989999771118164,69276
2023-03-28 09:42:00-04:00,28.989999771118164,29.0,28.975000381469727,28.989999771118164,28.989999771118164,30465
2023-03-28 09:43:00-04:00,28.98500061035156,28.989999771118164,28.959999084472656,28.96500015258789,28.96500015258789,21058
2023-03-28 09:44:00-04:00,28.96500015258789,28.96999931335449,28.94499969482422,28.95499992370605,28.95499992370605,17816
2023-03-28 09:45:00-04:00,28.959999084472656,29.0,28.95499992370605,28.9950008392334,28.9950008392334,16308
2023-03-28 09:46:00-04:00,28.9950008392334,29.024999618530277,28.993099212646484,29.024999618530277,29.024999618530277,51634
2023-03-28 09:47:00-04:00,29.024999618530277,29.030000686645508,29.01000022888184,29.01499938964844,29.01499938964844,49653
2023-03-28 09:48:00-04:00,29.01499938964844,29.030000686645508,28.989999771118164,29.024999618530277,29.024999618530277,33404
2023-03-28 09:49:00-04:00,29.030000686645508,29.030000686645508,29.0049991607666,29.020000457763672,29.020000457763672,54293
2023-03-28 09:50:00-04:00,29.020000457763672,29.049999237060547,29.020000457763672,29.045000076293945,29.045000076293945,24131
2023-03-28 09:51:00-04:00,29.045000076293945,29.045000076293945,28.959999084472656,28.96500015258789,28.96500015258789,32538
2023-03-28 09:52:00-04:00,28.959999084472656,28.989999771118164,28.93000030517578,28.940000534057617,28.940000534057617,72933
2023-03-28 09:53:00-04:00,28.940000534057617,28.96999931335449,28.93000030517578,28.93000030517578,28.93000030517578,80157
2023-03-28 09:54:00-04:00,28.93000030517578,28.940000534057617,28.915000915527344,28.934999465942383,28.934999465942383,24954
2023-03-28 09:55:00-04:00,28.940000534057617,28.979999542236328,28.93000030517578,28.979999542236328,28.979999542236328,37811
2023-03-28 09:56:00-04:00,28.979999542236328,29.0049991607666,28.959999084472656,29.0049991607666,29.0049991607666,16832
2023-03-28 09:57:00-04:00,29.0049991607666,29.040000915527344,29.0049991607666,29.030000686645508,29.030000686645508,17229
2023-03-28 09:58:00-04:00,29.03499984741211,29.03499984741211,29.020000457763672,29.030000686645508,29.030000686645508,10552
2023-03-28 09:59:00-04:00,29.030000686645508,29.07999992370605,29.030000686645508,29.075000762939453,29.075000762939453,28021
2023-03-28 10:00:00-04:00,29.075000762939453,29.07999992370605,28.989999771118164,28.9950008392334,28.9950008392334,92477
2023-03-28 10:01:00-04:00,28.989999771118164,29.045000076293945,28.979999542236328,29.045000076293945,29.045000076293945,49794
2023-03-28 10:02:00-04:00,29.049999237060547,29.084999084472656,29.049999237060547,29.06999969482422,29.06999969482422,42319
2023-03-28 10:03:00-04:00,29.065000534057617,29.09000015258789,29.065000534057617,29.075000762939453,29.075000762939453,16442
2023-03-28 10:04:00-04:00,29.075000762939453,29.100000381469727,29.05500030517578,29.05500030517578,29.05500030517578,51169
2023-03-28 10:05:00-04:00,29.05500030517578,29.1200008392334,29.049999237060547,29.09499931335449,29.09499931335449,144292
2023-03-28 10:06:00-04:00,29.09000015258789,29.1299991607666,29.09000015258789,29.125,29.125,45227
2023-03-28 10:07:00-04:00,29.125,29.13500022888184,29.100000381469727,29.1299991607666,29.1299991607666,28854
2023-03-28 10:08:00-04:00,29.125,29.13999938964844,29.114999771118164,29.114999771118164,29.114999771118164,23989
2023-03-28 10:09:00-04:00,29.114999771118164,29.1200008392334,29.09000015258789,29.1200008392334,29.1200008392334,53779
2023-03-28 10:10:00-04:00,29.125,29.170000076293945,29.1200008392334,29.13999938964844,29.13999938964844,76278
2023-03-28 10:11:00-04:00,29.145000457763672,29.18000030517578,29.1299991607666,29.165000915527344,29.165000915527344,69020
2023-03-28 10:12:00-04:00,29.149999618530277,29.155000686645508,29.1200008392334,29.125,29.125,45959
2023-03-28 10:13:00-04:00,29.125,29.15999984741211,29.1200008392334,29.145000457763672,29.145000457763672,45193
2023-03-28 10:14:00-04:00,29.145000457763672,29.15999984741211,29.145000457763672,29.15999984741211,29.15999984741211,8009
2023-03-28 10:15:00-04:00,29.15900039672852,29.165000915527344,29.1299991607666,29.13500022888184,29.13500022888184,42809
2023-03-28 10:16:00-04:00,29.13999938964844,29.149999618530277,29.1200008392334,29.1200008392334,29.1200008392334,27761
2023-03-28 10:17:00-04:00,29.11000061035156,29.170000076293945,29.11000061035156,29.170000076293945,29.170000076293945,19716
2023-03-28 10:18:00-04:00,29.165000915527344,29.174999237060547,29.13999938964844,29.145000457763672,29.145000457763672,71196
2023-03-28 10:19:00-04:00,29.149999618530277,29.149999618530277,29.13999938964844,29.13999938964844,29.13999938964844,11627
2023-03-28 10:20:00-04:00,29.13999938964844,29.13999938964844,29.1200008392334,29.125,29.125,29223
2023-03-28 10:21:00-04:00,29.125,29.13999938964844,29.11000061035156,29.114999771118164,29.114999771118164,32296
2023-03-28 10:22:00-04:00,29.11000061035156,29.1299991607666,29.11000061035156,29.114999771118164,29.114999771118164,25246
2023-03-28 10:23:00-04:00,29.114999771118164,29.114999771118164,29.07999992370605,29.084999084472656,29.084999084472656,23083
2023-03-28 10:24:00-04:00,29.07999992370605,29.104999542236328,29.075000762939453,29.104999542236328,29.104999542236328,20730
2023-03-28 10:25:00-04:00,29.100000381469727,29.104999542236328,29.049999237060547,29.06999969482422,29.06999969482422,37166
2023-03-28 10:26:00-04:00,29.065000534057617,29.084999084472656,29.049999237060547,29.084999084472656,29.084999084472656,25701
2023-03-28 10:27:00-04:00,29.084999084472656,29.114999771118164,29.084999084472656,29.11000061035156,29.11000061035156,14200
2023-03-28 10:28:00-04:00,29.11000061035156,29.11000061035156,29.09000015258789,29.100000381469727,29.100000381469727,15380
2023-03-28 10:29:00-04:00,29.09499931335449,29.133100509643555,29.09499931335449,29.133100509643555,29.133100509643555,40863
2023-03-28 10:30:00-04:00,29.1299991607666,29.13500022888184,29.104999542236328,29.114999771118164,29.114999771118164,32524
2023-03-28 10:31:00-04:00,29.114999771118164,29.114999771118164,29.06999969482422,29.075000762939453,29.075000762939453,37182
2023-03-28 10:32:00-04:00,29.075000762939453,29.084999084472656,29.05500030517578,29.05500030517578,29.05500030517578,21456
2023-03-28 10:33:00-04:00,29.05500030517578,29.05970001220703,29.03499984741211,29.040000915527344,29.040000915527344,22803
2023-03-28 10:34:00-04:00,29.040000915527344,29.040000915527344,29.0049991607666,29.01499938964844,29.01499938964844,23207
2023-03-28 10:35:00-04:00,29.01499938964844,29.040000915527344,29.01499938964844,29.020000457763672,29.020000457763672,25747
2023-03-28 10:36:00-04:00,29.01499938964844,29.020000457763672,29.0049991607666,29.01499938964844,29.01499938964844,10323
2023-03-28 10:37:00-04:00,29.01499938964844,29.01499938964844,28.989999771118164,28.9950008392334,28.9950008392334,9358
2023-03-28 10:38:00-04:00,28.9950008392334,29.0,28.96999931335449,28.979999542236328,28.979999542236328,32395
2023-03-28 10:39:00-04:00,28.975000381469727,29.01000022888184,28.96999931335449,29.0049991607666,29.0049991607666,18228
2023-03-28 10:40:00-04:00,29.01000022888184,29.01000022888184,28.9950008392334,29.0049991607666,29.0049991607666,13651
2023-03-28 10:41:00-04:00,29.0,29.009899139404297,28.979999542236328,28.98500061035156,28.98500061035156,14907
2023-03-28 10:42:00-04:00,28.98500061035156,29.0,28.979999542236328,28.98500061035156,28.98500061035156,9879
2023-03-28 10:43:00-04:00,28.989999771118164,29.01499938964844,28.989999771118164,29.01000022888184,29.01000022888184,25271
2023-03-28 10:44:00-04:00,29.0,29.030000686645508,28.9950008392334,29.030000686645508,29.030000686645508,31036
2023-03-28 10:45:00-04:00,29.024999618530277,29.049999237060547,29.024999618530277,29.049999237060547,29.049999237060547,21127
2023-03-28 10:46:00-04:00,29.045000076293945,29.049999237060547,29.040000915527344,29.045000076293945,29.045000076293945,6119
2023-03-28 10:47:00-04:00,29.040000915527344,29.059999465942383,29.03499984741211,29.05500030517578,29.05500030517578,22096
2023-03-28 10:48:00-04:00,29.049999237060547,29.06999969482422,29.024999618530277,29.024999618530277,29.024999618530277,88562
2023-03-28 10:49:00-04:00,29.024999618530277,29.040000915527344,29.020000457763672,29.040000915527344,29.040000915527344,7594
2023-03-28 10:50:00-04:00,29.040000915527344,29.059999465942383,29.040000915527344,29.059999465942383,29.059999465942383,15161
2023-03-28 10:51:00-04:00,29.049999237060547,29.059999465942383,29.045000076293945,29.05500030517578,29.05500030517578,18960
2023-03-28 10:52:00-04:00,29.05739974975586,29.05739974975586,29.03499984741211,29.040000915527344,29.040000915527344,29148
2023-03-28 10:53:00-04:00,29.045000076293945,29.049999237060547,29.03499984741211,29.03840065002441,29.03840065002441,7957
2023-03-28 10:54:00-04:00,29.03499984741211,29.040000915527344,29.030000686645508,29.030000686645508,29.030000686645508,17990
2023-03-28 10:55:00-04:00,29.03499984741211,29.049999237060547,29.024999618530277,29.03499984741211,29.03499984741211,35087
2023-03-28 10:56:00-04:00,29.040000915527344,29.045000076293945,29.024999618530277,29.0275993347168,29.0275993347168,16491
2023-03-28 10:57:00-04:00,29.020000457763672,29.040000915527344,29.01499938964844,29.040000915527344,29.040000915527344,42543
2023-03-28 10:58:00-04:00,29.040000915527344,29.049999237060547,29.03499984741211,29.045000076293945,29.045000076293945,9415
2023-03-28 10:59:00-04:00,29.045000076293945,29.049999237060547,29.03499984741211,29.045000076293945,29.045000076293945,19070
2023-03-28 11:00:00-04:00,29.045000076293945,29.06999969482422,29.030000686645508,29.06999969482422,29.06999969482422,37460
2023-03-28 11:01:00-04:00,29.059999465942383,29.07999992370605,29.049999237060547,29.07999992370605,29.07999992370605,26136
2023-03-28 11:02:00-04:00,29.07999992370605,29.100000381469727,29.075000762939453,29.100000381469727,29.100000381469727,40819
2023-03-28 11:03:00-04:00,29.100000381469727,29.104999542236328,29.09000015258789,29.104999542236328,29.104999542236328,28439
2023-03-28 11:04:00-04:00,29.104999542236328,29.11000061035156,29.07999992370605,29.084999084472656,29.084999084472656,29417
2023-03-28 11:05:00-04:00,29.09000015258789,29.104999542236328,29.09000015258789,29.100000381469727,29.100000381469727,23497
2023-03-28 11:06:00-04:00,29.100000381469727,29.100000381469727,29.084999084472656,29.084999084472656,29.084999084472656,13299
2023-03-28 11:07:00-04:00,29.09000015258789,29.09499931335449,29.059999465942383,29.065000534057617,29.065000534057617,35073
2023-03-28 11:08:00-04:00,29.065000534057617,29.075000762939453,29.059999465942383,29.065000534057617,29.065000534057617,23229
2023-03-28 11:09:00-04:00,29.059999465942383,29.06999969482422,29.05270004272461,29.05500030517578,29.05500030517578,11956
2023-03-28 11:10:00-04:00,29.049999237060547,29.065000534057617,29.040000915527344,29.059999465942383,29.059999465942383,36570
2023-03-28 11:11:00-04:00,29.065000534057617,29.06999969482422,29.049999237060547,29.049999237060547,29.049999237060547,13759
2023-03-28 11:12:00-04:00,29.049999237060547,29.05500030517578,29.049999237060547,29.05500030517578,29.05500030517578,8001
2023-03-28 11:13:00-04:00,29.049999237060547,29.065000534057617,29.040000915527344,29.045000076293945,29.045000076293945,26084
2023-03-28 11:14:00-04:00,29.049999237060547,29.049999237060547,29.040000915527344,29.045000076293945,29.045000076293945,3222
2023-03-28 11:15:00-04:00,29.040000915527344,29.07990074157715,29.040000915527344,29.065000534057617,29.065000534057617,25346
2023-03-28 11:16:00-04:00,29.065000534057617,29.06999969482422,29.065000534057617,29.065000534057617,29.065000534057617,2598
2023-03-28 11:17:00-04:00,29.065000534057617,29.065000534057617,29.045000076293945,29.045000076293945,29.045000076293945,14794
2023-03-28 11:18:00-04:00,29.040000915527344,29.049999237060547,29.03499984741211,29.049999237060547,29.049999237060547,19358
2023-03-28 11:19:00-04:00,29.045000076293945,29.049999237060547,29.030000686645508,29.045000076293945,29.045000076293945,29790
2023-03-28 11:20:00-04:00,29.049999237060547,29.06999969482422,29.03499984741211,29.059999465942383,29.059999465942383,29172
2023-03-28 11:21:00-04:00,29.059999465942383,29.075000762939453,29.05500030517578,29.075000762939453,29.075000762939453,20863
2023-03-28 11:22:00-04:00,29.075000762939453,29.09499931335449,29.075000762939453,29.084999084472656,29.084999084472656,10389
2023-03-28 11:23:00-04:00,29.08810043334961,29.08810043334961,29.07999992370605,29.07999992370605,29.07999992370605,7094
2023-03-28 11:24:00-04:00,29.07999992370605,29.084999084472656,29.07999992370605,29.084999084472656,29.084999084472656,15393
2023-03-28 11:25:00-04:00,29.09000015258789,29.100000381469727,29.06999969482422,29.075000762939453,29.075000762939453,43763
2023-03-28 11:26:00-04:00,29.06999969482422,29.07999992370605,29.065000534057617,29.075000762939453,29.075000762939453,16195
2023-03-28 11:27:00-04:00,29.075000762939453,29.07999992370605,29.075000762939453,29.07999992370605,29.07999992370605,4596
2023-03-28 11:28:00-04:00,29.07999992370605,29.09000015258789,29.065000534057617,29.06999969482422,29.06999969482422,31643
2023-03-28 11:29:00-04:00,29.06999969482422,29.09000015258789,29.065000534057617,29.084999084472656,29.084999084472656,7969
2023-03-28 11:30:00-04:00,29.084999084472656,29.09000015258789,29.084999084472656,29.084999084472656,29.084999084472656,3988
2023-03-28 11:31:00-04:00,29.084999084472656,29.11000061035156,29.084999084472656,29.09499931335449,29.09499931335449,21010
2023-03-28 11:32:00-04:00,29.09869956970215,29.100000381469727,29.07999992370605,29.084999084472656,29.084999084472656,12604
2023-03-28 11:33:00-04:00,29.084999084472656,29.09000015258789,29.065000534057617,29.07010078430176,29.07010078430176,27470
2023-03-28 11:34:00-04:00,29.075000762939453,29.07999992370605,29.06999969482422,29.07999992370605,29.07999992370605,6595
2023-03-28 11:35:00-04:00,29.07999992370605,29.084999084472656,29.075000762939453,29.075000762939453,29.075000762939453,12528
2023-03-28 11:36:00-04:00,29.075000762939453,29.1200008392334,29.075000762939453,29.1200008392334,29.1200008392334,13192
2023-03-28 11:37:00-04:00,29.11000061035156,29.1200008392334,29.100000381469727,29.100000381469727,29.100000381469727,8230
2023-03-28 11:38:00-04:00,29.104999542236328,29.11000061035156,29.100000381469727,29.11000061035156,29.11000061035156,7280
2023-03-28 11:39:00-04:00,29.11000061035156,29.114999771118164,29.104999542236328,29.104999542236328,29.104999542236328,13719
2023-03-28 11:40:00-04:00,29.11000061035156,29.114999771118164,29.09499931335449,29.09499931335449,29.09499931335449,15127
2023-03-28 11:41:00-04:00,29.09499931335449,29.100000381469727,29.07229995727539,29.075000762939453,29.075000762939453,14037
2023-03-28 11:42:00-04:00,29.06999969482422,29.07999992370605,29.065000534057617,29.075000762939453,29.075000762939453,10963
2023-03-28 11:43:00-04:00,29.07990074157715,29.07990074157715,29.045000076293945,29.05500030517578,29.05500030517578,23178
2023-03-28 11:44:00-04:00,29.05500030517578,29.065000534057617,29.03499984741211,29.040000915527344,29.040000915527344,28654
2023-03-28 11:45:00-04:00,29.045000076293945,29.059999465942383,29.045000076293945,29.05500030517578,29.05500030517578,10591
2023-03-28 11:46:00-04:00,29.05500030517578,29.065000534057617,29.049999237060547,29.065000534057617,29.065000534057617,18309
2023-03-28 11:47:00-04:00,29.059999465942383,29.059999465942383,29.05500030517578,29.056400299072266,29.056400299072266,9425
2023-03-28 11:48:00-04:00,29.049999237060547,29.059999465942383,29.045000076293945,29.045000076293945,29.045000076293945,5282
2023-03-28 11:49:00-04:00,29.045000076293945,29.049999237060547,29.030000686645508,29.030000686645508,29.030000686645508,11238
2023-03-28 11:50:00-04:00,29.024999618530277,29.040000915527344,29.024999618530277,29.024999618530277,29.024999618530277,12679
2023-03-28 11:51:00-04:00,29.030000686645508,29.049999237060547,29.030000686645508,29.049999237060547,29.049999237060547,8416
2023-03-28 11:52:00-04:00,29.049999237060547,29.05500030517578,29.040000915527344,29.05500030517578,29.05500030517578,14279
2023-03-28 11:53:00-04:00,29.05500030517578,29.059999465942383,29.052400588989254,29.05500030517578,29.05500030517578,2114
2023-03-28 11:54:00-04:00,29.05500030517578,29.06999969482422,29.05500030517578,29.065000534057617,29.065000534057617,16254
2023-03-28 11:55:00-04:00,29.059999465942383,29.07999992370605,29.059999465942383,29.06999969482422,29.06999969482422,28073
2023-03-28 11:56:00-04:00,29.06999969482422,29.075000762939453,29.059999465942383,29.06999969482422,29.06999969482422,13485
2023-03-28 11:57:00-04:00,29.075000762939453,29.075000762939453,29.05500030517578,29.05500030517578,29.05500030517578,12325
2023-03-28 11:58:00-04:00,29.05500030517578,29.059999465942383,29.05500030517578,29.05500030517578,29.05500030517578,2586
2023-03-28 11:59:00-04:00,29.05500030517578,29.07999992370605,29.05500030517578,29.075000762939453,29.075000762939453,11010
2023-03-28 12:00:00-04:00,29.07999992370605,29.084999084472656,29.06999969482422,29.075000762939453,29.075000762939453,16748
2023-03-28 12:01:00-04:00,29.075000762939453,29.100000381469727,29.06999969482422,29.100000381469727,29.100000381469727,16982
2023-03-28 12:02:00-04:00,29.100000381469727,29.11000061035156,29.100000381469727,29.104999542236328,29.104999542236328,5162
2023-03-28 12:03:00-04:00,29.11000061035156,29.11000061035156,29.100000381469727,29.101999282836918,29.101999282836918,2234
2023-03-28 12:04:00-04:00,29.104999542236328,29.104999542236328,29.084999084472656,29.08989906311035,29.08989906311035,15668
2023-03-28 12:05:00-04:00,29.09000015258789,29.09499931335449,29.084999084472656,29.084999084472656,29.084999084472656,12090
2023-03-28 12:06:00-04:00,29.084999084472656,29.084999084472656,29.075000762939453,29.075000762939453,29.075000762939453,12515
2023-03-28 12:07:00-04:00,29.07999992370605,29.09499931335449,29.07999992370605,29.09499931335449,29.09499931335449,8167
2023-03-28 12:08:00-04:00,29.09499931335449,29.104999542236328,29.09499931335449,29.104999542236328,29.104999542236328,5098
2023-03-28 12:09:00-04:00,29.104999542236328,29.108400344848636,29.084999084472656,29.084999084472656,29.084999084472656,9024
2023-03-28 12:10:00-04:00,29.09000015258789,29.09499931335449,29.06999969482422,29.09000015258789,29.09000015258789,27188
2023-03-28 12:11:00-04:00,29.08919906616211,29.09499931335449,29.08919906616211,29.09499931335449,29.09499931335449,3348
2023-03-28 12:12:00-04:00,29.09499931335449,29.09499931335449,29.084999084472656,29.09499931335449,29.09499931335449,7895
2023-03-28 12:13:00-04:00,29.09530067443848,29.104999542236328,29.09000015258789,29.09000015258789,29.09000015258789,26296
2023-03-28 12:14:00-04:00,29.09000015258789,29.104999542236328,29.084999084472656,29.104999542236328,29.104999542236328,4328
2023-03-28 12:15:00-04:00,29.11000061035156,29.11000061035156,29.06999969482422,29.06999969482422,29.06999969482422,29441
2023-03-28 12:16:00-04:00,29.06999969482422,29.06999969482422,29.040000915527344,29.05500030517578,29.05500030517578,63798
2023-03-28 12:17:00-04:00,29.059999465942383,29.059999465942383,29.05500030517578,29.05500030517578,29.05500030517578,1470
2023-03-28 12:18:00-04:00,29.05500030517578,29.05500030517578,29.040000915527344,29.045000076293945,29.045000076293945,34613
2023-03-28 12:19:00-04:00,29.045000076293945,29.059999465942383,29.042499542236328,29.05500030517578,29.05500030517578,7940
2023-03-28 12:20:00-04:00,29.05500030517578,29.059999465942383,29.03499984741211,29.049999237060547,29.049999237060547,21775
2023-03-28 12:21:00-04:00,29.049999237060547,29.049999237060547,29.042499542236328,29.046600341796875,29.046600341796875,1613
2023-03-28 12:22:00-04:00,29.045000076293945,29.049999237060547,29.040000915527344,29.040000915527344,29.040000915527344,7715
2023-03-28 12:23:00-04:00,29.045000076293945,29.059999465942383,29.045000076293945,29.05500030517578,29.05500030517578,9916
2023-03-28 12:24:00-04:00,29.05500030517578,29.059999465942383,29.049999237060547,29.049999237060547,29.049999237060547,5535
2023-03-28 12:25:00-04:00,29.059999465942383,29.06999969482422,29.05500030517578,29.06430053710937,29.06430053710937,7466
2023-03-28 12:26:00-04:00,29.065000534057617,29.06999969482422,29.049999237060547,29.049999237060547,29.049999237060547,31209
2023-03-28 12:27:00-04:00,29.049999237060547,29.075000762939453,29.049999237060547,29.06999969482422,29.06999969482422,31500
2023-03-28 12:28:00-04:00,29.075000762939453,29.084999084472656,29.075000762939453,29.07999992370605,29.07999992370605,27627
2023-03-28 12:29:00-04:00,29.084999084472656,29.084999084472656,29.075000762939453,29.075000762939453,29.075000762939453,8378
2023-03-28 12:30:00-04:00,29.075000762939453,29.07999992370605,29.065000534057617,29.075000762939453,29.075000762939453,18307
2023-03-28 12:31:00-04:00,29.075000762939453,29.075000762939453,29.059999465942383,29.065000534057617,29.065000534057617,14043
2023-03-28 12:32:00-04:00,29.059999465942383,29.06999969482422,29.059999465942383,29.065000534057617,29.065000534057617,1203
2023-03-28 12:33:00-04:00,29.065000534057617,29.075000762939453,29.065000534057617,29.075000762939453,29.075000762939453,9131
2023-03-28 12:34:00-04:00,29.075000762939453,29.075000762939453,29.06999969482422,29.075000762939453,29.075000762939453,3693
2023-03-28 12:35:00-04:00,29.075000762939453,29.09000015258789,29.06999969482422,29.084999084472656,29.084999084472656,14469
2023-03-28 12:36:00-04:00,29.09000015258789,29.095399856567383,29.09000015258789,29.09499931335449,29.09499931335449,13345
2023-03-28 12:37:00-04:00,29.09000015258789,29.09000015258789,29.059999465942383,29.065000534057617,29.065000534057617,57167
2023-03-28 12:38:00-04:00,29.065000534057617,29.07999992370605,29.059999465942383,29.07999992370605,29.07999992370605,9652
2023-03-28 12:39:00-04:00,29.07979965209961,29.07999992370605,29.06999969482422,29.07999992370605,29.07999992370605,7927
2023-03-28 12:40:00-04:00,29.07999992370605,29.09000015258789,29.07999992370605,29.084999084472656,29.084999084472656,7403
2023-03-28 12:41:00-04:00,29.09000015258789,29.104999542236328,29.09000015258789,29.09000015258789,29.09000015258789,16550
2023-03-28 12:42:00-04:00,29.100000381469727,29.100000381469727,29.084999084472656,29.084999084472656,29.084999084472656,10244
2023-03-28 12:43:00-04:00,29.084999084472656,29.104999542236328,29.084999084472656,29.104999542236328,29.104999542236328,17578
2023-03-28 12:44:00-04:00,29.104999542236328,29.104999542236328,29.100000381469727,29.100000381469727,29.100000381469727,5956
2023-03-28 12:45:00-04:00,29.104999542236328,29.105899810791016,29.084999084472656,29.084999084472656,29.084999084472656,26983
2023-03-28 12:46:00-04:00,29.07999992370605,29.09499931335449,29.07999992370605,29.084999084472656,29.084999084472656,11055
2023-03-28 12:47:00-04:00,29.084999084472656,29.084999084472656,29.084999084472656,29.084999084472656,29.084999084472656,1061
2023-03-28 12:48:00-04:00,29.084999084472656,29.104999542236328,29.084999084472656,29.104999542236328,29.104999542236328,8395
2023-03-28 12:49:00-04:00,29.104999542236328,29.11000061035156,29.09000015258789,29.091100692749023,29.091100692749023,20871
2023-03-28 12:50:00-04:00,29.09000015258789,29.100000381469727,29.084999084472656,29.100000381469727,29.100000381469727,11090
2023-03-28 12:51:00-04:00,29.100000381469727,29.100000381469727,29.09000015258789,29.100000381469727,29.100000381469727,12742
2023-03-28 12:52:00-04:00,29.09499931335449,29.100000381469727,29.09000015258789,29.09499931335449,29.09499931335449,4039
2023-03-28 12:53:00-04:00,29.09499931335449,29.09499931335449,29.09000015258789,29.09000015258789,29.09000015258789,2307
2023-03-28 12:54:00-04:00,29.09499931335449,29.106599807739254,29.09499931335449,29.104999542236328,29.104999542236328,10201
2023-03-28 12:55:00-04:00,29.104999542236328,29.11000061035156,29.100000381469727,29.104999542236328,29.104999542236328,4990
2023-03-28 12:56:00-04:00,29.11000061035156,29.114999771118164,29.09000015258789,29.097299575805664,29.097299575805664,32700
2023-03-28 12:57:00-04:00,29.09499931335449,29.104999542236328,29.09000015258789,29.104999542236328,29.104999542236328,8763
2023-03-28 12:58:00-04:00,29.104999542236328,29.104999542236328,29.09000015258789,29.09499931335449,29.09499931335449,8627
2023-03-28 12:59:00-04:00,29.09499931335449,29.104999542236328,29.09000015258789,29.104999542236328,29.104999542236328,4892
2023-03-28 13:00:00-04:00,29.11000061035156,29.11000061035156,29.100000381469727,29.11000061035156,29.11000061035156,17457
2023-03-28 13:01:00-04:00,29.11000061035156,29.11000061035156,29.100000381469727,29.11000061035156,29.11000061035156,1844
2023-03-28 13:02:00-04:00,29.104999542236328,29.11000061035156,29.07999992370605,29.084999084472656,29.084999084472656,16796
2023-03-28 13:03:00-04:00,29.084999084472656,29.084999084472656,29.06999969482422,29.07999992370605,29.07999992370605,6151
2023-03-28 13:04:00-04:00,29.075000762939453,29.07999992370605,29.059999465942383,29.06999969482422,29.06999969482422,41404
2023-03-28 13:05:00-04:00,29.065000534057617,29.06999969482422,29.05500030517578,29.059999465942383,29.059999465942383,15633
2023-03-28 13:06:00-04:00,29.06999969482422,29.06999969482422,29.049999237060547,29.049999237060547,29.049999237060547,7137
2023-03-28 13:07:00-04:00,29.040000915527344,29.049999237060547,29.030000686645508,29.03499984741211,29.03499984741211,20716
2023-03-28 13:08:00-04:00,29.040000915527344,29.045000076293945,29.040000915527344,29.040000915527344,29.040000915527344,4810
2023-03-28 13:09:00-04:00,29.040000915527344,29.049999237060547,29.040000915527344,29.045000076293945,29.045000076293945,5741
2023-03-28 13:10:00-04:00,29.049999237060547,29.059999465942383,29.042200088500977,29.05500030517578,29.05500030517578,17352
2023-03-28 13:11:00-04:00,29.059999465942383,29.059999465942383,29.049999237060547,29.05500030517578,29.05500030517578,18872
2023-03-28 13:12:00-04:00,29.049999237060547,29.05500030517578,29.040000915527344,29.040000915527344,29.040000915527344,20923
2023-03-28 13:13:00-04:00,29.03499984741211,29.03499984741211,29.020099639892575,29.020099639892575,29.020099639892575,4038
2023-03-28 13:14:00-04:00,29.020000457763672,29.03499984741211,29.020000457763672,29.03499984741211,29.03499984741211,11783
2023-03-28 13:15:00-04:00,29.03499984741211,29.03499984741211,29.020000457763672,29.030000686645508,29.030000686645508,10602
2023-03-28 13:16:00-04:00,29.03499984741211,29.0359001159668,29.034299850463867,29.03499984741211,29.03499984741211,2479
2023-03-28 13:17:00-04:00,29.03499984741211,29.045000076293945,29.03499984741211,29.045000076293945,29.045000076293945,5631
2023-03-28 13:18:00-04:00,29.040000915527344,29.049999237060547,29.040000915527344,29.045000076293945,29.045000076293945,3306
2023-03-28 13:19:00-04:00,29.049999237060547,29.05500030517578,29.045000076293945,29.05500030517578,29.05500030517578,8668
2023-03-28 13:20:00-04:00,29.054000854492188,29.05500030517578,29.045000076293945,29.045000076293945,29.045000076293945,20210
2023-03-28 13:21:00-04:00,29.049999237060547,29.059999465942383,29.045000076293945,29.059999465942383,29.059999465942383,6606
2023-03-28 13:22:00-04:00,29.049999237060547,29.059999465942383,29.049999237060547,29.059999465942383,29.059999465942383,4438
2023-03-28 13:23:00-04:00,29.059999465942383,29.059999465942383,29.040000915527344,29.040000915527344,29.040000915527344,19194
2023-03-28 13:24:00-04:00,29.049999237060547,29.049999237060547,29.040000915527344,29.040000915527344,29.040000915527344,3284
2023-03-28 13:25:00-04:00,29.040000915527344,29.045000076293945,29.040000915527344,29.045000076293945,29.045000076293945,18777
2023-03-28 13:26:00-04:00,29.040000915527344,29.040000915527344,29.030000686645508,29.040000915527344,29.040000915527344,4960
2023-03-28 13:27:00-04:00,29.030000686645508,29.040000915527344,29.030000686645508,29.03499984741211,29.03499984741211,3999
2023-03-28 13:28:00-04:00,29.040000915527344,29.040000915527344,29.01000022888184,29.01499938964844,29.01499938964844,15813
2023-03-28 13:29:00-04:00,29.01499938964844,29.03499984741211,29.01000022888184,29.03499984741211,29.03499984741211,33241
2023-03-28 13:30:00-04:00,29.03499984741211,29.040000915527344,29.030000686645508,29.040000915527344,29.040000915527344,9899
2023-03-28 13:31:00-04:00,29.040000915527344,29.045000076293945,29.03499984741211,29.03499984741211,29.03499984741211,28142
2023-03-28 13:32:00-04:00,29.040000915527344,29.045000076293945,29.030000686645508,29.030000686645508,29.030000686645508,20485
2023-03-28 13:33:00-04:00,29.030000686645508,29.030000686645508,29.01000022888184,29.01499938964844,29.01499938964844,23640
2023-03-28 13:34:00-04:00,29.01499938964844,29.01499938964844,29.0,29.0049991607666,29.0049991607666,21822
2023-03-28 13:35:00-04:00,29.0049991607666,29.020000457763672,29.0049991607666,29.01000022888184,29.01000022888184,9454
2023-03-28 13:36:00-04:00,29.020000457763672,29.030000686645508,29.020000457763672,29.030000686645508,29.030000686645508,10180
2023-03-28 13:37:00-04:00,29.024999618530277,29.040000915527344,29.024999618530277,29.040000915527344,29.040000915527344,20439
2023-03-28 13:38:00-04:00,29.040000915527344,29.040000915527344,29.030000686645508,29.0314998626709,29.0314998626709,3453
2023-03-28 13:39:00-04:00,29.03499984741211,29.03499984741211,29.030000686645508,29.03499984741211,29.03499984741211,2971
2023-03-28 13:40:00-04:00,29.03499984741211,29.045000076293945,29.030000686645508,29.030000686645508,29.030000686645508,64210
2023-03-28 13:41:00-04:00,29.03499984741211,29.040000915527344,29.030000686645508,29.040000915527344,29.040000915527344,3653
2023-03-28 13:42:00-04:00,29.03499984741211,29.03499984741211,29.030000686645508,29.030000686645508,29.030000686645508,4968
2023-03-28 13:43:00-04:00,29.03499984741211,29.049999237060547,29.030000686645508,29.045000076293945,29.045000076293945,16201
2023-03-28 13:44:00-04:00,29.045000076293945,29.049999237060547,29.040000915527344,29.049999237060547,29.049999237060547,5431
2023-03-28 13:45:00-04:00,29.045000076293945,29.045000076293945,29.030000686645508,29.03499984741211,29.03499984741211,65642
2023-03-28 13:46:00-04:00,29.040000915527344,29.049999237060547,29.020000457763672,29.030000686645508,29.030000686645508,47067
2023-03-28 13:47:00-04:00,29.02989959716797,29.045000076293945,29.020000457763672,29.045000076293945,29.045000076293945,24507
2023-03-28 13:48:00-04:00,29.045000076293945,29.045000076293945,29.0,29.0049991607666,29.0049991607666,34662
2023-03-28 13:49:00-04:00,29.0,29.020000457763672,29.0,29.0049991607666,29.0049991607666,37937
2023-03-28 13:50:00-04:00,29.01000022888184,29.01499938964844,29.0049991607666,29.010099411010746,29.010099411010746,61796
2023-03-28 13:51:00-04:00,29.01499938964844,29.020000457763672,29.011199951171875,29.020000457763672,29.020000457763672,3670
2023-03-28 13:52:00-04:00,29.020000457763672,29.024999618530277,29.01499938964844,29.01499938964844,29.01499938964844,51516
2023-03-28 13:53:00-04:00,29.01499938964844,29.020000457763672,29.01499938964844,29.020000457763672,29.020000457763672,3006
2023-03-28 13:54:00-04:00,29.01000022888184,29.020000457763672,29.01000022888184,29.01499938964844,29.01499938964844,3715
2023-03-28 13:55:00-04:00,29.01000022888184,29.020000457763672,28.9950008392334,28.9950008392334,28.9950008392334,24400
2023-03-28 13:56:00-04:00,28.9950008392334,28.9950008392334,28.979999542236328,28.989999771118164,28.989999771118164,49488
2023-03-28 13:57:00-04:00,28.98500061035156,28.9950008392334,28.979999542236328,28.9950008392334,28.9950008392334,7804
2023-03-28 13:58:00-04:00,28.997900009155277,29.0,28.989999771118164,28.9950008392334,28.9950008392334,2369
2023-03-28 13:59:00-04:00,29.0,29.024999618530277,29.0,29.024999618530277,29.024999618530277,17258
2023-03-28 14:00:00-04:00,29.020000457763672,29.049999237060547,29.020000457763672,29.049999237060547,29.049999237060547,14816
2023-03-28 14:01:00-04:00,29.049999237060547,29.059999465942383,29.045000076293945,29.049999237060547,29.049999237060547,9703
2023-03-28 14:02:00-04:00,29.05500030517578,29.059999465942383,29.030000686645508,29.045000076293945,29.045000076293945,35097
2023-03-28 14:03:00-04:00,29.045000076293945,29.059999465942383,29.040000915527344,29.05500030517578,29.05500030517578,20007
2023-03-28 14:04:00-04:00,29.045000076293945,29.049999237060547,29.040000915527344,29.049999237060547,29.049999237060547,4101
2023-03-28 14:05:00-04:00,29.045000076293945,29.049999237060547,29.03160095214844,29.03499984741211,29.03499984741211,14728
2023-03-28 14:06:00-04:00,29.040000915527344,29.040000915527344,29.030000686645508,29.030000686645508,29.030000686645508,5355
2023-03-28 14:07:00-04:00,29.030000686645508,29.03499984741211,29.01000022888184,29.024999618530277,29.024999618530277,26313
2023-03-28 14:08:00-04:00,29.020000457763672,29.030000686645508,29.020000457763672,29.030000686645508,29.030000686645508,5286
2023-03-28 14:09:00-04:00,29.024999618530277,29.030000686645508,29.020000457763672,29.020000457763672,29.020000457763672,4784
2023-03-28 14:10:00-04:00,29.024999618530277,29.030000686645508,29.0,29.0049991607666,29.0049991607666,15789
2023-03-28 14:11:00-04:00,29.0,29.0049991607666,28.9950008392334,29.0,29.0,21583
2023-03-28 14:12:00-04:00,28.9950008392334,29.0,28.989999771118164,28.9950008392334,28.9950008392334,6136
2023-03-28 14:13:00-04:00,28.9950008392334,29.0,28.989999771118164,28.9950008392334,28.9950008392334,4107
2023-03-28 14:14:00-04:00,28.989999771118164,29.01499938964844,28.989999771118164,29.01000022888184,29.01000022888184,26261
2023-03-28 14:15:00-04:00,29.01000022888184,29.020000457763672,29.01000022888184,29.020000457763672,29.020000457763672,5412
2023-03-28 14:16:00-04:00,29.020000457763672,29.020000457763672,29.00300025939941,29.020000457763672,29.020000457763672,18237
2023-03-28 14:17:00-04:00,29.020000457763672,29.020000457763672,29.020000457763672,29.020000457763672,29.020000457763672,1163
2023-03-28 14:18:00-04:00,29.01499938964844,29.020000457763672,29.0049991607666,29.0049991607666,29.0049991607666,50137
2023-03-28 14:19:00-04:00,29.0049991607666,29.0049991607666,28.99250030517578,29.0049991607666,29.0049991607666,26997
2023-03-28 14:20:00-04:00,29.0,29.01499938964844,29.0,29.01499938964844,29.01499938964844,17189
2023-03-28 14:21:00-04:00,29.01499938964844,29.01499938964844,29.01000022888184,29.01000022888184,29.01000022888184,20232
2023-03-28 14:22:00-04:00,29.0049991607666,29.01000022888184,29.0,29.01000022888184,29.01000022888184,3748
2023-03-28 14:23:00-04:00,29.0,29.0049991607666,28.99250030517578,28.99250030517578,28.99250030517578,13897
2023-03-28 14:24:00-04:00,28.9950008392334,29.0,28.989999771118164,28.997800827026367,28.997800827026367,33018
2023-03-28 14:25:00-04:00,28.9950008392334,29.01000022888184,28.989999771118164,29.01000022888184,29.01000022888184,11174
2023-03-28 14:26:00-04:00,29.01000022888184,29.020000457763672,29.0049991607666,29.020000457763672,29.020000457763672,14213
2023-03-28 14:27:00-04:00,29.020000457763672,29.020000457763672,29.01000022888184,29.020000457763672,29.020000457763672,40710
2023-03-28 14:28:00-04:00,29.01499938964844,29.030000686645508,29.0049991607666,29.0049991607666,29.0049991607666,27299
2023-03-28 14:29:00-04:00,29.0049991607666,29.0049991607666,28.989999771118164,28.9950008392334,28.9950008392334,7936
2023-03-28 14:30:00-04:00,28.9950008392334,29.0,28.989999771118164,28.9950008392334,28.9950008392334,14148
2023-03-28 14:31:00-04:00,28.9950008392334,29.0,28.989999771118164,28.9950008392334,28.9950008392334,9476
2023-03-28 14:32:00-04:00,28.9950008392334,28.9950008392334,28.96999931335449,28.975000381469727,28.975000381469727,25502
2023-03-28 14:33:00-04:00,28.979999542236328,28.989999771118164,28.96999931335449,28.979999542236328,28.979999542236328,9919
2023-03-28 14:34:00-04:00,28.979999542236328,28.979999542236328,28.959999084472656,28.96500015258789,28.96500015258789,15051
2023-03-28 14:35:00-04:00,28.96999931335449,28.98550033569336,28.959999084472656,28.98500061035156,28.98500061035156,31514
2023-03-28 14:36:00-04:00,28.98500061035156,29.00830078125,28.979999542236328,29.00830078125,29.00830078125,13507
2023-03-28 14:37:00-04:00,29.0049991607666,29.01000022888184,29.0,29.0,29.0,2024
2023-03-28 14:38:00-04:00,29.0,29.01000022888184,29.0,29.0,29.0,4958
2023-03-28 14:39:00-04:00,29.0049991607666,29.01000022888184,29.0,29.0049991607666,29.0049991607666,4343
2023-03-28 14:40:00-04:00,29.0049991607666,29.020000457763672,29.0,29.020000457763672,29.020000457763672,18065
2023-03-28 14:41:00-04:00,29.01499938964844,29.020000457763672,29.01000022888184,29.01740074157715,29.01740074157715,6836
2023-03-28 14:42:00-04:00,29.01499938964844,29.020000457763672,29.01000022888184,29.020000457763672,29.020000457763672,5402
2023-03-28 14:43:00-04:00,29.020000457763672,29.030000686645508,29.01000022888184,29.030000686645508,29.030000686645508,12239
2023-03-28 14:44:00-04:00,29.030000686645508,29.040000915527344,29.020000457763672,29.03499984741211,29.03499984741211,8172
2023-03-28 14:45:00-04:00,29.03499984741211,29.040000915527344,29.030000686645508,29.040000915527344,29.040000915527344,6500
2023-03-28 14:46:00-04:00,29.040000915527344,29.059999465942383,29.030000686645508,29.03499984741211,29.03499984741211,54965
2023-03-28 14:47:00-04:00,29.040000915527344,29.045000076293945,29.030000686645508,29.045000076293945,29.045000076293945,7937
2023-03-28 14:48:00-04:00,29.045000076293945,29.049999237060547,29.030000686645508,29.030000686645508,29.030000686645508,13262
2023-03-28 14:49:00-04:00,29.03499984741211,29.03499984741211,29.020000457763672,29.030000686645508,29.030000686645508,9910
2023-03-28 14:50:00-04:00,29.024999618530277,29.039899826049805,29.020000457763672,29.03499984741211,29.03499984741211,15717
2023-03-28 14:51:00-04:00,29.030000686645508,29.049999237060547,29.030000686645508,29.045000076293945,29.045000076293945,14085
2023-03-28 14:52:00-04:00,29.045000076293945,29.049999237060547,29.040000915527344,29.045000076293945,29.045000076293945,5060
2023-03-28 14:53:00-04:00,29.045000076293945,29.049999237060547,29.040000915527344,29.049999237060547,29.049999237060547,4817
2023-03-28 14:54:00-04:00,29.045000076293945,29.049999237060547,29.040000915527344,29.049999237060547,29.049999237060547,10372
2023-03-28 14:55:00-04:00,29.049999237060547,29.059999465942383,29.040000915527344,29.05500030517578,29.05500030517578,15314
2023-03-28 14:56:00-04:00,29.05500030517578,29.05500030517578,29.030000686645508,29.040000915527344,29.040000915527344,23944
2023-03-28 14:57:00-04:00,29.040000915527344,29.059999465942383,29.040000915527344,29.059999465942383,29.059999465942383,14198
2023-03-28 14:58:00-04:00,29.05500030517578,29.059999465942383,29.049999237060547,29.059999465942383,29.059999465942383,2640
2023-03-28 14:59:00-04:00,29.059999465942383,29.065000534057617,29.049999237060547,29.065000534057617,29.065000534057617,13223
2023-03-28 15:00:00-04:00,29.065000534057617,29.06999969482422,29.059999465942383,29.06999969482422,29.06999969482422,15305
2023-03-28 15:01:00-04:00,29.065000534057617,29.07999992370605,29.059999465942383,29.075000762939453,29.075000762939453,35832
2023-03-28 15:02:00-04:00,29.07999992370605,29.07999992370605,29.06999969482422,29.06999969482422,29.06999969482422,696
2023-03-28 15:03:00-04:00,29.075000762939453,29.07999992370605,29.065000534057617,29.06999969482422,29.06999969482422,27646
2023-03-28 15:04:00-04:00,29.06999969482422,29.084999084472656,29.065000534057617,29.075000762939453,29.075000762939453,22531
2023-03-28 15:05:00-04:00,29.07999992370605,29.07999992370605,29.059999465942383,29.065000534057617,29.065000534057617,17464
2023-03-28 15:06:00-04:00,29.0625,29.075000762939453,29.059999465942383,29.065000534057617,29.065000534057617,18355
2023-03-28 15:07:00-04:00,29.06999969482422,29.075000762939453,29.059999465942383,29.06999969482422,29.06999969482422,8141
2023-03-28 15:08:00-04:00,29.075000762939453,29.07830047607422,29.06999969482422,29.075000762939453,29.075000762939453,4112
2023-03-28 15:09:00-04:00,29.075000762939453,29.07999992370605,29.059999465942383,29.059999465942383,29.059999465942383,18901
2023-03-28 15:10:00-04:00,29.065000534057617,29.07999992370605,29.049999237060547,29.049999237060547,29.049999237060547,51028
2023-03-28 15:11:00-04:00,29.05500030517578,29.065000534057617,29.049999237060547,29.049999237060547,29.049999237060547,20775
2023-03-28 15:12:00-04:00,29.065000534057617,29.065000534057617,29.049999237060547,29.049999237060547,29.049999237060547,12188
2023-03-28 15:13:00-04:00,29.049999237060547,29.05990028381348,29.049999237060547,29.049999237060547,29.049999237060547,27828
2023-03-28 15:14:00-04:00,29.049999237060547,29.05500030517578,29.049999237060547,29.052499771118164,29.052499771118164,7700
2023-03-28 15:15:00-04:00,29.059999465942383,29.06999969482422,29.049999237060547,29.05500030517578,29.05500030517578,27353
2023-03-28 15:16:00-04:00,29.049999237060547,29.0575008392334,29.040000915527344,29.0575008392334,29.0575008392334,30714
2023-03-28 15:17:00-04:00,29.05500030517578,29.06999969482422,29.049999237060547,29.065000534057617,29.065000534057617,8657
2023-03-28 15:18:00-04:00,29.06999969482422,29.06999969482422,29.059999465942383,29.06999969482422,29.06999969482422,2916
2023-03-28 15:19:00-04:00,29.065000534057617,29.06999969482422,29.059999465942383,29.065000534057617,29.065000534057617,5491
2023-03-28 15:20:00-04:00,29.065000534057617,29.06999969482422,29.059999465942383,29.065000534057617,29.065000534057617,9470
2023-03-28 15:21:00-04:00,29.0625,29.07999992370605,29.059999465942383,29.07099914550781,29.07099914550781,22445
2023-03-28 15:22:00-04:00,29.07999992370605,29.07999992370605,29.040000915527344,29.045000076293945,29.045000076293945,46902
2023-03-28 15:23:00-04:00,29.045000076293945,29.065000534057617,29.040000915527344,29.059999465942383,29.059999465942383,18262
2023-03-28 15:24:00-04:00,29.06999969482422,29.06999969482422,29.059999465942383,29.059999465942383,29.059999465942383,10280
2023-03-28 15:25:00-04:00,29.06999969482422,29.07999992370605,29.059999465942383,29.07999992370605,29.07999992370605,16447
2023-03-28 15:26:00-04:00,29.075000762939453,29.07999992370605,29.06999969482422,29.06999969482422,29.06999969482422,13590
2023-03-28 15:27:00-04:00,29.07999992370605,29.07999992370605,29.040000915527344,29.040000915527344,29.040000915527344,44359
2023-03-28 15:28:00-04:00,29.045000076293945,29.059999465942383,29.040000915527344,29.049999237060547,29.049999237060547,19603
2023-03-28 15:29:00-04:00,29.05500030517578,29.059999465942383,29.049999237060547,29.059999465942383,29.059999465942383,13633
2023-03-28 15:30:00-04:00,29.05500030517578,29.059999465942383,29.040000915527344,29.059999465942383,29.059999465942383,40486
2023-03-28 15:31:00-04:00,29.059999465942383,29.059999465942383,29.049999237060547,29.05500030517578,29.05500030517578,18586
2023-03-28 15:32:00-04:00,29.05500030517578,29.059999465942383,29.040000915527344,29.05500030517578,29.05500030517578,37757
2023-03-28 15:33:00-04:00,29.05500030517578,29.07999992370605,29.049999237060547,29.06999969482422,29.06999969482422,28415
2023-03-28 15:34:00-04:00,29.09000015258789,29.11000061035156,29.07999992370605,29.11000061035156,29.11000061035156,26038
2023-03-28 15:35:00-04:00,29.11000061035156,29.11000061035156,29.09000015258789,29.09000015258789,29.09000015258789,27868
2023-03-28 15:36:00-04:00,29.09000015258789,29.11000061035156,29.09000015258789,29.100000381469727,29.100000381469727,14477
2023-03-28 15:37:00-04:00,29.104999542236328,29.104999542236328,29.07999992370605,29.09499931335449,29.09499931335449,44117
2023-03-28 15:38:00-04:00,29.09000015258789,29.100000381469727,29.05500030517578,29.05500030517578,29.05500030517578,59019
2023-03-28 15:39:00-04:00,29.049999237060547,29.07999992370605,29.049999237060547,29.07250022888184,29.07250022888184,14538
2023-03-28 15:40:00-04:00,29.075000762939453,29.07999992370605,29.06999969482422,29.075000762939453,29.075000762939453,10380
2023-03-28 15:41:00-04:00,29.075000762939453,29.07999992370605,29.059999465942383,29.059999465942383,29.059999465942383,22316
2023-03-28 15:42:00-04:00,29.065000534057617,29.06999969482422,29.059999465942383,29.059999465942383,29.059999465942383,16641
2023-03-28 15:43:00-04:00,29.059999465942383,29.065000534057617,29.040000915527344,29.040000915527344,29.040000915527344,18120
2023-03-28 15:44:00-04:00,29.040000915527344,29.049999237060547,29.040000915527344,29.049999237060547,29.049999237060547,13736
2023-03-28 15:45:00-04:00,29.049999237060547,29.059999465942383,29.040000915527344,29.049999237060547,29.049999237060547,24413
2023-03-28 15:46:00-04:00,29.05500030517578,29.059999465942383,29.049999237060547,29.049999237060547,29.049999237060547,25149
2023-03-28 15:47:00-04:00,29.049999237060547,29.05500030517578,29.040000915527344,29.040000915527344,29.040000915527344,75376
2023-03-28 15:48:00-04:00,29.045000076293945,29.059999465942383,29.040000915527344,29.05500030517578,29.05500030517578,27657
2023-03-28 15:49:00-04:00,29.056299209594727,29.059999465942383,29.049999237060547,29.05500030517578,29.05500030517578,11778
2023-03-28 15:50:00-04:00,29.049999237060547,29.06999969482422,29.049999237060547,29.06999969482422,29.06999969482422,109951
2023-03-28 15:51:00-04:00,29.06999969482422,29.09000015258789,29.059999465942383,29.09000015258789,29.09000015258789,48115
2023-03-28 15:52:00-04:00,29.09000015258789,29.13500022888184,29.07999992370605,29.125,29.125,87429
2023-03-28 15:53:00-04:00,29.12120056152344,29.13999938964844,29.114999771118164,29.114999771118164,29.114999771118164,105283
2023-03-28 15:54:00-04:00,29.1200008392334,29.1299991607666,29.09000015258789,29.114999771118164,29.114999771118164,140114
2023-03-28 15:55:00-04:00,29.114999771118164,29.114999771118164,29.09000015258789,29.09499931335449,29.09499931335449,51765
2023-03-28 15:56:00-04:00,29.09499931335449,29.100000381469727,29.09000015258789,29.09499931335449,29.09499931335449,65829
2023-03-28 15:57:00-04:00,29.100000381469727,29.1200008392334,29.09000015258789,29.114999771118164,29.114999771118164,126674
2023-03-28 15:58:00-04:00,29.114999771118164,29.1200008392334,29.11000061035156,29.114999771118164,29.114999771118164,168730
2023-03-28 15:59:00-04:00,29.1200008392334,29.15999984741211,29.11000061035156,29.13500022888184,29.13500022888184,298728
2023-03-29 09:30:00-04:00,29.31999969482422,29.549999237060547,29.31999969482422,29.549999237060547,29.549999237060547,150216
2023-03-29 09:31:00-04:00,29.540000915527344,29.59000015258789,29.540000915527344,29.540000915527344,29.540000915527344,58560
2023-03-29 09:32:00-04:00,29.545000076293945,29.545000076293945,29.51000022888184,29.51499938964844,29.51499938964844,53006
2023-03-29 09:33:00-04:00,29.520000457763672,29.56999969482422,29.459999084472656,29.459999084472656,29.459999084472656,49517
2023-03-29 09:34:00-04:00,29.468000411987305,29.53499984741211,29.46500015258789,29.53499984741211,29.53499984741211,17623
2023-03-29 09:35:00-04:00,29.53499984741211,29.575000762939453,29.530000686645508,29.540000915527344,29.540000915527344,51474
2023-03-29 09:36:00-04:00,29.540000915527344,29.549999237060547,29.51000022888184,29.540000915527344,29.540000915527344,80904
2023-03-29 09:37:00-04:00,29.53499984741211,29.559999465942383,29.530000686645508,29.55500030517578,29.55500030517578,19083
2023-03-29 09:38:00-04:00,29.555700302124023,29.57999992370605,29.530000686645508,29.549999237060547,29.549999237060547,23788
2023-03-29 09:39:00-04:00,29.549999237060547,29.559999465942383,29.520000457763672,29.545000076293945,29.545000076293945,35692
2023-03-29 09:40:00-04:00,29.549999237060547,29.559999465942383,29.520000457763672,29.545000076293945,29.545000076293945,43351
2023-03-29 09:41:00-04:00,29.549999237060547,29.55500030517578,29.520000457763672,29.520000457763672,29.520000457763672,33009
2023-03-29 09:42:00-04:00,29.530000686645508,29.540000915527344,29.479999542236328,29.51499938964844,29.51499938964844,26027
2023-03-29 09:43:00-04:00,29.520000457763672,29.59000015258789,29.520000457763672,29.59000015258789,29.59000015258789,22184
2023-03-29 09:44:00-04:00,29.59000015258789,29.600000381469727,29.565000534057617,29.600000381469727,29.600000381469727,34260
2023-03-29 09:45:00-04:00,29.59499931335449,29.600000381469727,29.520000457763672,29.524999618530277,29.524999618530277,37124
2023-03-29 09:46:00-04:00,29.520000457763672,29.55500030517578,29.520000457763672,29.53499984741211,29.53499984741211,18490
2023-03-29 09:47:00-04:00,29.530000686645508,29.530000686645508,29.51000022888184,29.51000022888184,29.51000022888184,10653
2023-03-29 09:48:00-04:00,29.520000457763672,29.520000457763672,29.479999542236328,29.489999771118164,29.489999771118164,15161
2023-03-29 09:49:00-04:00,29.489999771118164,29.53499984741211,29.45499992370605,29.459999084472656,29.459999084472656,33399
2023-03-29 09:50:00-04:00,29.459999084472656,29.5049991607666,29.45499992370605,29.4950008392334,29.4950008392334,37383
2023-03-29 09:51:00-04:00,29.5,29.51000022888184,29.479999542236328,29.4950008392334,29.4950008392334,18411
2023-03-29 09:52:00-04:00,29.489999771118164,29.496999740600582,29.46999931335449,29.489999771118164,29.489999771118164,60638
2023-03-29 09:53:00-04:00,29.48500061035156,29.48500061035156,29.440000534057617,29.46999931335449,29.46999931335449,43361
2023-03-29 09:54:00-04:00,29.46999931335449,29.46999931335449,29.440000534057617,29.45499992370605,29.45499992370605,19947
2023-03-29 09:55:00-04:00,29.450000762939453,29.479999542236328,29.440000534057617,29.475000381469727,29.475000381469727,28386
2023-03-29 09:56:00-04:00,29.475000381469727,29.475000381469727,29.450000762939453,29.45499992370605,29.45499992370605,8295
2023-03-29 09:57:00-04:00,29.459999084472656,29.459999084472656,29.44499969482422,29.45499992370605,29.45499992370605,6912
2023-03-29 09:58:00-04:00,29.459999084472656,29.459999084472656,29.440000534057617,29.447999954223636,29.447999954223636,20381
2023-03-29 09:59:00-04:00,29.440000534057617,29.46500015258789,29.440000534057617,29.459999084472656,29.459999084472656,17567
2023-03-29 10:00:00-04:00,29.459999084472656,29.489999771118164,29.45499992370605,29.475000381469727,29.475000381469727,24911
2023-03-29 10:01:00-04:00,29.479999542236328,29.51000022888184,29.479999542236328,29.48500061035156,29.48500061035156,27861
2023-03-29 10:02:00-04:00,29.489999771118164,29.520000457763672,29.489999771118164,29.51000022888184,29.51000022888184,15094
2023-03-29 10:03:00-04:00,29.5049991607666,29.524999618530277,29.489999771118164,29.524999618530277,29.524999618530277,13218
2023-03-29 10:04:00-04:00,29.52989959716797,29.540000915527344,29.51499938964844,29.53499984741211,29.53499984741211,18106
2023-03-29 10:05:00-04:00,29.540000915527344,29.549999237060547,29.51499938964844,29.53499984741211,29.53499984741211,27770
2023-03-29 10:06:00-04:00,29.540000915527344,29.545000076293945,29.5,29.51000022888184,29.51000022888184,35369
2023-03-29 10:07:00-04:00,29.5049991607666,29.524999618530277,29.5,29.51499938964844,29.51499938964844,18522
2023-03-29 10:08:00-04:00,29.51499938964844,29.549999237060547,29.51000022888184,29.549999237060547,29.549999237060547,24597
2023-03-29 10:09:00-04:00,29.55500030517578,29.55500030517578,29.530000686645508,29.530000686645508,29.530000686645508,27701
2023-03-29 10:10:00-04:00,29.540000915527344,29.540000915527344,29.51000022888184,29.51499938964844,29.51499938964844,34705
2023-03-29 10:11:00-04:00,29.51000022888184,29.559999465942383,29.51000022888184,29.55699920654297,29.55699920654297,35382
2023-03-29 10:12:00-04:00,29.549999237060547,29.549999237060547,29.5049991607666,29.5049991607666,29.5049991607666,22181
2023-03-29 10:13:00-04:00,29.51000022888184,29.51000022888184,29.479999542236328,29.5,29.5,21563
2023-03-29 10:14:00-04:00,29.51000022888184,29.520000457763672,29.4950008392334,29.5,29.5,34870
2023-03-29 10:15:00-04:00,29.5,29.520000457763672,29.489999771118164,29.520000457763672,29.520000457763672,17395
2023-03-29 10:16:00-04:00,29.520000457763672,29.530000686645508,29.5049991607666,29.524999618530277,29.524999618530277,21648
2023-03-29 10:17:00-04:00,29.524999618530277,29.545000076293945,29.520000457763672,29.53499984741211,29.53499984741211,25591
2023-03-29 10:18:00-04:00,29.53499984741211,29.559999465942383,29.53499984741211,29.559999465942383,29.559999465942383,11520
2023-03-29 10:19:00-04:00,29.559999465942383,29.56999969482422,29.545000076293945,29.565000534057617,29.565000534057617,26709
2023-03-29 10:20:00-04:00,29.559999465942383,29.56999969482422,29.545000076293945,29.545000076293945,29.545000076293945,50335
2023-03-29 10:21:00-04:00,29.545000076293945,29.56999969482422,29.545000076293945,29.545000076293945,29.545000076293945,19943
2023-03-29 10:22:00-04:00,29.545000076293945,29.559999465942383,29.540000915527344,29.549999237060547,29.549999237060547,12907
2023-03-29 10:23:00-04:00,29.549999237060547,29.559999465942383,29.51000022888184,29.51000022888184,29.51000022888184,16476
2023-03-29 10:24:00-04:00,29.51000022888184,29.51000022888184,29.5,29.51000022888184,29.51000022888184,5549
2023-03-29 10:25:00-04:00,29.5049991607666,29.5049991607666,29.475000381469727,29.489999771118164,29.489999771118164,25626
2023-03-29 10:26:00-04:00,29.489999771118164,29.5,29.48500061035156,29.5,29.5,6376
2023-03-29 10:27:00-04:00,29.4950008392334,29.524999618530277,29.4950008392334,29.51499938964844,29.51499938964844,17761
2023-03-29 10:28:00-04:00,29.520000457763672,29.524999618530277,29.51499938964844,29.520000457763672,29.520000457763672,9893
2023-03-29 10:29:00-04:00,29.524999618530277,29.524999618530277,29.51000022888184,29.524999618530277,29.524999618530277,8311
2023-03-29 10:30:00-04:00,29.524999618530277,29.549999237060547,29.524999618530277,29.53499984741211,29.53499984741211,17015
2023-03-29 10:31:00-04:00,29.540000915527344,29.549999237060547,29.540000915527344,29.545000076293945,29.545000076293945,14278
2023-03-29 10:32:00-04:00,29.545000076293945,29.545000076293945,29.524999618530277,29.53499984741211,29.53499984741211,23729
2023-03-29 10:33:00-04:00,29.530000686645508,29.530000686645508,29.520000457763672,29.530000686645508,29.530000686645508,10134
2023-03-29 10:34:00-04:00,29.530000686645508,29.540000915527344,29.524999618530277,29.524999618530277,29.524999618530277,15902
2023-03-29 10:35:00-04:00,29.524999618530277,29.524999618530277,29.48500061035156,29.5,29.5,26014
2023-03-29 10:36:00-04:00,29.5,29.530000686645508,29.499000549316406,29.524999618530277,29.524999618530277,11707
2023-03-29 10:37:00-04:00,29.530000686645508,29.530000686645508,29.5,29.5049991607666,29.5049991607666,17201
2023-03-29 10:38:00-04:00,29.51000022888184,29.530000686645508,29.5049991607666,29.530000686645508,29.530000686645508,87526
2023-03-29 10:39:00-04:00,29.530000686645508,29.530000686645508,29.51499938964844,29.520000457763672,29.520000457763672,10151
2023-03-29 10:40:00-04:00,29.520000457763672,29.520000457763672,29.479999542236328,29.48500061035156,29.48500061035156,18908
2023-03-29 10:41:00-04:00,29.48500061035156,29.489999771118164,29.46999931335449,29.46999931335449,29.46999931335449,7155
2023-03-29 10:42:00-04:00,29.46999931335449,29.479999542236328,29.45499992370605,29.479999542236328,29.479999542236328,16537
2023-03-29 10:43:00-04:00,29.46999931335449,29.475000381469727,29.459999084472656,29.459999084472656,29.459999084472656,19047
2023-03-29 10:44:00-04:00,29.45499992370605,29.46999931335449,29.450000762939453,29.450000762939453,29.450000762939453,30477
2023-03-29 10:45:00-04:00,29.450000762939453,29.46999931335449,29.440000534057617,29.457799911499023,29.457799911499023,105810
2023-03-29 10:46:00-04:00,29.45499992370605,29.46999931335449,29.440000534057617,29.44499969482422,29.44499969482422,80689
2023-03-29 10:47:00-04:00,29.44499969482422,29.459999084472656,29.440000534057617,29.44499969482422,29.44499969482422,41637
2023-03-29 10:48:00-04:00,29.44499969482422,29.46999931335449,29.44499969482422,29.459999084472656,29.459999084472656,21022
2023-03-29 10:49:00-04:00,29.45499992370605,29.459999084472656,29.440000534057617,29.459999084472656,29.459999084472656,21004
2023-03-29 10:50:00-04:00,29.459999084472656,29.475000381469727,29.45499992370605,29.46999931335449,29.46999931335449,32940
2023-03-29 10:51:00-04:00,29.459999084472656,29.48500061035156,29.450000762939453,29.450000762939453,29.450000762939453,44944
2023-03-29 10:52:00-04:00,29.450000762939453,29.46999931335449,29.440000534057617,29.458999633789062,29.458999633789062,13062
2023-03-29 10:53:00-04:00,29.45499992370605,29.489999771118164,29.45499992370605,29.479999542236328,29.479999542236328,17025
2023-03-29 10:54:00-04:00,29.479999542236328,29.486099243164062,29.46500015258789,29.46999931335449,29.46999931335449,8699
2023-03-29 10:55:00-04:00,29.46500015258789,29.46999931335449,29.46199989318848,29.46999931335449,29.46999931335449,5949
2023-03-29 10:56:00-04:00,29.46999931335449,29.5,29.462499618530277,29.479999542236328,29.479999542236328,28333
2023-03-29 10:57:00-04:00,29.479999542236328,29.479999542236328,29.44499969482422,29.450000762939453,29.450000762939453,30895
2023-03-29 10:58:00-04:00,29.450000762939453,29.450000762939453,29.434999465942383,29.450000762939453,29.450000762939453,62324
2023-03-29 10:59:00-04:00,29.450000762939453,29.459999084472656,29.44499969482422,29.459999084472656,29.459999084472656,6470
2023-03-29 11:00:00-04:00,29.45499992370605,29.467500686645508,29.44499969482422,29.44499969482422,29.44499969482422,24711
2023-03-29 11:01:00-04:00,29.450000762939453,29.46999931335449,29.44499969482422,29.46999931335449,29.46999931335449,13060
2023-03-29 11:02:00-04:00,29.475000381469727,29.479999542236328,29.459999084472656,29.475000381469727,29.475000381469727,18978
2023-03-29 11:03:00-04:00,29.479999542236328,29.489999771118164,29.475000381469727,29.489999771118164,29.489999771118164,8069
2023-03-29 11:04:00-04:00,29.5,29.51000022888184,29.489999771118164,29.4950008392334,29.4950008392334,31575
2023-03-29 11:05:00-04:00,29.4950008392334,29.51000022888184,29.4950008392334,29.51000022888184,29.51000022888184,8314
2023-03-29 11:06:00-04:00,29.5049991607666,29.520000457763672,29.4950008392334,29.51499938964844,29.51499938964844,13191
2023-03-29 11:07:00-04:00,29.51499938964844,29.520000457763672,29.51000022888184,29.520000457763672,29.520000457763672,5919
2023-03-29 11:08:00-04:00,29.520000457763672,29.549999237060547,29.520000457763672,29.54450035095215,29.54450035095215,16316
2023-03-29 11:09:00-04:00,29.540000915527344,29.559999465942383,29.540000915527344,29.549999237060547,29.549999237060547,43038
2023-03-29 11:10:00-04:00,29.545000076293945,29.559999465942383,29.530000686645508,29.549999237060547,29.549999237060547,35442
2023-03-29 11:11:00-04:00,29.545000076293945,29.559999465942383,29.530000686645508,29.559999465942383,29.559999465942383,19235
2023-03-29 11:12:00-04:00,29.559999465942383,29.559999465942383,29.540000915527344,29.545000076293945,29.545000076293945,7679
2023-03-29 11:13:00-04:00,29.545000076293945,29.56999969482422,29.545000076293945,29.559999465942383,29.559999465942383,9967
2023-03-29 11:14:00-04:00,29.565000534057617,29.59000015258789,29.559999465942383,29.584999084472656,29.584999084472656,13928
2023-03-29 11:15:00-04:00,29.584999084472656,29.59000015258789,29.565000534057617,29.56999969482422,29.56999969482422,25297
2023-03-29 11:16:00-04:00,29.56999969482422,29.584999084472656,29.56999969482422,29.584999084472656,29.584999084472656,6761
2023-03-29 11:17:00-04:00,29.59000015258789,29.59000015258789,29.575000762939453,29.57999992370605,29.57999992370605,11777
2023-03-29 11:18:00-04:00,29.57999992370605,29.57999992370605,29.56999969482422,29.575000762939453,29.575000762939453,6730
2023-03-29 11:19:00-04:00,29.575000762939453,29.575000762939453,29.545000076293945,29.545000076293945,29.545000076293945,36722
2023-03-29 11:20:00-04:00,29.549999237060547,29.57999992370605,29.545000076293945,29.575000762939453,29.575000762939453,12473
2023-03-29 11:21:00-04:00,29.575000762939453,29.575000762939453,29.565000534057617,29.565000534057617,29.565000534057617,11285
2023-03-29 11:22:00-04:00,29.565000534057617,29.584999084472656,29.565000534057617,29.575000762939453,29.575000762939453,34390
2023-03-29 11:23:00-04:00,29.575000762939453,29.584999084472656,29.565000534057617,29.565000534057617,29.565000534057617,14981
2023-03-29 11:24:00-04:00,29.565000534057617,29.565000534057617,29.549999237060547,29.55500030517578,29.55500030517578,15194
2023-03-29 11:25:00-04:00,29.55500030517578,29.559999465942383,29.542299270629883,29.545000076293945,29.545000076293945,29775
2023-03-29 11:26:00-04:00,29.549999237060547,29.549999237060547,29.54129981994629,29.549999237060547,29.549999237060547,15171
2023-03-29 11:27:00-04:00,29.545000076293945,29.549999237060547,29.545000076293945,29.545000076293945,29.545000076293945,5350
2023-03-29 11:28:00-04:00,29.545000076293945,29.545000076293945,29.530000686645508,29.53499984741211,29.53499984741211,26430
2023-03-29 11:29:00-04:00,29.540000915527344,29.549999237060547,29.520000457763672,29.540000915527344,29.540000915527344,16391
2023-03-29 11:30:00-04:00,29.540000915527344,29.559999465942383,29.530000686645508,29.559999465942383,29.559999465942383,16279
2023-03-29 11:31:00-04:00,29.559999465942383,29.559999465942383,29.545000076293945,29.559999465942383,29.559999465942383,5866
2023-03-29 11:32:00-04:00,29.559999465942383,29.59000015258789,29.559999465942383,29.584999084472656,29.584999084472656,16221
2023-03-29 11:33:00-04:00,29.57999992370605,29.59000015258789,29.56999969482422,29.58919906616211,29.58919906616211,11521
2023-03-29 11:34:00-04:00,29.58340072631836,29.600000381469727,29.58340072631836,29.600000381469727,29.600000381469727,19095
2023-03-29 11:35:00-04:00,29.592500686645508,29.604999542236328,29.57999992370605,29.584999084472656,29.584999084472656,28791
2023-03-29 11:36:00-04:00,29.584999084472656,29.600000381469727,29.584999084472656,29.59499931335449,29.59499931335449,15059
2023-03-29 11:37:00-04:00,29.59499931335449,29.604999542236328,29.59499931335449,29.604999542236328,29.604999542236328,7737
2023-03-29 11:38:00-04:00,29.604999542236328,29.61000061035156,29.59499931335449,29.59499931335449,29.59499931335449,8826
2023-03-29 11:39:00-04:00,29.59499931335449,29.59499931335449,29.57999992370605,29.584999084472656,29.584999084472656,19463
2023-03-29 11:40:00-04:00,29.584999084472656,29.600000381469727,29.582500457763672,29.59499931335449,29.59499931335449,7267
2023-03-29 11:41:00-04:00,29.600000381469727,29.61000061035156,29.59499931335449,29.604999542236328,29.604999542236328,12073
2023-03-29 11:42:00-04:00,29.608699798583984,29.608699798583984,29.592500686645508,29.598499298095703,29.598499298095703,9366
2023-03-29 11:43:00-04:00,29.59499931335449,29.61000061035156,29.592500686645508,29.604999542236328,29.604999542236328,26617
2023-03-29 11:44:00-04:00,29.604999542236328,29.614999771118164,29.600000381469727,29.604999542236328,29.604999542236328,25731
2023-03-29 11:45:00-04:00,29.604999542236328,29.61000061035156,29.602500915527344,29.61000061035156,29.61000061035156,3442
2023-03-29 11:46:00-04:00,29.61000061035156,29.6200008392334,29.602500915527344,29.6200008392334,29.6200008392334,8305
2023-03-29 11:47:00-04:00,29.6200008392334,29.6200008392334,29.604999542236328,29.61000061035156,29.61000061035156,17616
2023-03-29 11:48:00-04:00,29.61000061035156,29.6200008392334,29.604999542236328,29.604999542236328,29.604999542236328,8156
2023-03-29 11:49:00-04:00,29.604999542236328,29.61000061035156,29.600000381469727,29.61000061035156,29.61000061035156,4405
2023-03-29 11:50:00-04:00,29.61000061035156,29.63999938964844,29.61000061035156,29.63999938964844,29.63999938964844,68512
2023-03-29 11:51:00-04:00,29.63999938964844,29.63999938964844,29.63500022888184,29.63999938964844,29.63999938964844,6936
2023-03-29 11:52:00-04:00,29.63999938964844,29.63999938964844,29.6200008392334,29.6200008392334,29.6200008392334,55237
2023-03-29 11:53:00-04:00,29.6200008392334,29.65999984741211,29.614999771118164,29.659900665283203,29.659900665283203,93550
2023-03-29 11:54:00-04:00,29.655000686645508,29.670000076293945,29.63999938964844,29.649999618530277,29.649999618530277,34033
2023-03-29 11:55:00-04:00,29.649999618530277,29.674999237060547,29.649999618530277,29.665000915527344,29.665000915527344,22397
2023-03-29 11:56:00-04:00,29.665000915527344,29.68000030517578,29.65999984741211,29.665000915527344,29.665000915527344,16743
2023-03-29 11:57:00-04:00,29.665000915527344,29.670000076293945,29.645000457763672,29.649999618530277,29.649999618530277,23982
2023-03-29 11:58:00-04:00,29.645000457763672,29.645000457763672,29.6299991607666,29.63500022888184,29.63500022888184,7552
2023-03-29 11:59:00-04:00,29.63999938964844,29.649999618530277,29.63999938964844,29.645000457763672,29.645000457763672,9736
2023-03-29 12:00:00-04:00,29.645000457763672,29.649999618530277,29.6299991607666,29.63500022888184,29.63500022888184,33664
2023-03-29 12:01:00-04:00,29.63500022888184,29.63500022888184,29.61000061035156,29.614999771118164,29.614999771118164,12543
2023-03-29 12:02:00-04:00,29.61000061035156,29.6200008392334,29.60449981689453,29.614999771118164,29.614999771118164,11560
2023-03-29 12:03:00-04:00,29.614999771118164,29.618600845336918,29.604999542236328,29.61000061035156,29.61000061035156,12278
2023-03-29 12:04:00-04:00,29.61000061035156,29.6299991607666,29.600000381469727,29.6299991607666,29.6299991607666,73003
2023-03-29 12:05:00-04:00,29.625,29.63999938964844,29.625,29.63500022888184,29.63500022888184,11568
2023-03-29 12:06:00-04:00,29.63500022888184,29.63999938964844,29.6200008392334,29.63500022888184,29.63500022888184,88493
2023-03-29 12:07:00-04:00,29.63500022888184,29.649999618530277,29.6299991607666,29.63990020751953,29.63990020751953,89392
2023-03-29 12:08:00-04:00,29.6299991607666,29.648500442504883,29.6299991607666,29.63500022888184,29.63500022888184,20304
2023-03-29 12:09:00-04:00,29.6299991607666,29.63500022888184,29.59000015258789,29.59000015258789,29.59000015258789,25871
2023-03-29 12:10:00-04:00,29.59499931335449,29.614999771118164,29.59499931335449,29.604999542236328,29.604999542236328,17640
2023-03-29 12:11:00-04:00,29.604999542236328,29.61000061035156,29.604999542236328,29.60930061340332,29.60930061340332,10524
2023-03-29 12:12:00-04:00,29.604999542236328,29.6200008392334,29.600000381469727,29.604999542236328,29.604999542236328,38623
2023-03-29 12:13:00-04:00,29.604999542236328,29.6200008392334,29.604999542236328,29.614999771118164,29.614999771118164,43360
2023-03-29 12:14:00-04:00,29.614999771118164,29.6299991607666,29.60260009765625,29.6299991607666,29.6299991607666,22058
2023-03-29 12:15:00-04:00,29.6299991607666,29.6299991607666,29.600000381469727,29.600000381469727,29.600000381469727,54733
2023-03-29 12:16:00-04:00,29.600000381469727,29.61000061035156,29.59000015258789,29.61000061035156,29.61000061035156,52446
2023-03-29 12:17:00-04:00,29.61000061035156,29.6200008392334,29.604999542236328,29.6200008392334,29.6200008392334,8845
2023-03-29 12:18:00-04:00,29.614999771118164,29.6299991607666,29.61000061035156,29.6299991607666,29.6299991607666,10253
2023-03-29 12:19:00-04:00,29.625,29.63999938964844,29.614999771118164,29.63500022888184,29.63500022888184,54226
2023-03-29 12:20:00-04:00,29.6299991607666,29.63999938964844,29.6299991607666,29.63999938964844,29.63999938964844,1588
2023-03-29 12:21:00-04:00,29.63999938964844,29.63999938964844,29.625,29.625,29.625,76470
2023-03-29 12:22:00-04:00,29.6299991607666,29.6299991607666,29.625,29.6299991607666,29.6299991607666,3915
2023-03-29 12:23:00-04:00,29.625,29.6299991607666,29.620100021362305,29.6299991607666,29.6299991607666,4412
2023-03-29 12:24:00-04:00,29.625,29.6299991607666,29.600000381469727,29.600000381469727,29.600000381469727,28845
2023-03-29 12:25:00-04:00,29.604999542236328,29.61000061035156,29.600000381469727,29.61000061035156,29.61000061035156,6266
2023-03-29 12:26:00-04:00,29.604999542236328,29.61000061035156,29.600000381469727,29.604999542236328,29.604999542236328,25058
2023-03-29 12:27:00-04:00,29.604999542236328,29.614999771118164,29.600000381469727,29.61000061035156,29.61000061035156,44200
2023-03-29 12:28:00-04:00,29.61000061035156,29.6200008392334,29.600000381469727,29.6200008392334,29.6200008392334,43203
2023-03-29 12:29:00-04:00,29.6200008392334,29.6299991607666,29.614999771118164,29.6299991607666,29.6299991607666,8294
2023-03-29 12:30:00-04:00,29.625,29.6299991607666,29.622499465942383,29.625,29.625,4997
2023-03-29 12:31:00-04:00,29.622499465942383,29.63999938964844,29.622499465942383,29.625,29.625,22168
2023-03-29 12:32:00-04:00,29.625,29.6299991607666,29.625,29.625,29.625,2073
2023-03-29 12:33:00-04:00,29.625,29.6299991607666,29.600000381469727,29.600000381469727,29.600000381469727,34012
2023-03-29 12:34:00-04:00,29.59000015258789,29.59000015258789,29.56999969482422,29.56999969482422,29.56999969482422,8585
2023-03-29 12:35:00-04:00,29.57110023498535,29.59000015258789,29.56999969482422,29.584999084472656,29.584999084472656,15359
2023-03-29 12:36:00-04:00,29.584999084472656,29.59000015258789,29.565000534057617,29.565000534057617,29.565000534057617,10512
2023-03-29 12:37:00-04:00,29.56010055541992,29.565000534057617,29.55500030517578,29.55500030517578,29.55500030517578,4753
2023-03-29 12:38:00-04:00,29.55500030517578,29.56999969482422,29.55500030517578,29.56999969482422,29.56999969482422,10631
2023-03-29 12:39:00-04:00,29.565000534057617,29.56999969482422,29.559999465942383,29.56999969482422,29.56999969482422,4062
2023-03-29 12:40:00-04:00,29.565000534057617,29.56999969482422,29.55500030517578,29.55500030517578,29.55500030517578,11677
2023-03-29 12:41:00-04:00,29.559999465942383,29.559999465942383,29.55500030517578,29.55500030517578,29.55500030517578,3952
2023-03-29 12:42:00-04:00,29.559999465942383,29.559999465942383,29.530000686645508,29.530000686645508,29.530000686645508,11920
2023-03-29 12:43:00-04:00,29.530000686645508,29.549999237060547,29.530000686645508,29.549999237060547,29.549999237060547,7398
2023-03-29 12:44:00-04:00,29.549999237060547,29.549999237060547,29.540000915527344,29.545000076293945,29.545000076293945,8953
2023-03-29 12:45:00-04:00,29.545000076293945,29.545000076293945,29.540000915527344,29.545000076293945,29.545000076293945,3131
2023-03-29 12:46:00-04:00,29.540000915527344,29.545000076293945,29.540000915527344,29.545000076293945,29.545000076293945,1244
2023-03-29 12:47:00-04:00,29.545000076293945,29.545000076293945,29.520000457763672,29.520000457763672,29.520000457763672,15659
2023-03-29 12:48:00-04:00,29.524999618530277,29.540000915527344,29.524999618530277,29.524999618530277,29.524999618530277,17061
2023-03-29 12:49:00-04:00,29.530000686645508,29.540000915527344,29.524999618530277,29.539499282836918,29.539499282836918,4477
2023-03-29 12:50:00-04:00,29.53499984741211,29.540000915527344,29.530000686645508,29.540000915527344,29.540000915527344,12904
2023-03-29 12:51:00-04:00,29.540000915527344,29.55900001525879,29.53249931335449,29.55500030517578,29.55500030517578,13142
2023-03-29 12:52:00-04:00,29.55599975585937,29.559999465942383,29.520000457763672,29.524999618530277,29.524999618530277,19822
2023-03-29 12:53:00-04:00,29.524999618530277,29.530000686645508,29.524999618530277,29.524999618530277,29.524999618530277,1261
2023-03-29 12:54:00-04:00,29.524999618530277,29.530000686645508,29.522499084472656,29.530000686645508,29.530000686645508,3388
2023-03-29 12:55:00-04:00,29.530000686645508,29.540000915527344,29.524999618530277,29.53499984741211,29.53499984741211,6230
2023-03-29 12:56:00-04:00,29.530000686645508,29.53499984741211,29.51499938964844,29.517200469970703,29.517200469970703,17584
2023-03-29 12:57:00-04:00,29.51000022888184,29.51499938964844,29.51000022888184,29.51499938964844,29.51499938964844,1387
2023-03-29 12:58:00-04:00,29.51000022888184,29.520000457763672,29.5049991607666,29.51000022888184,29.51000022888184,10139
2023-03-29 12:59:00-04:00,29.5049991607666,29.520000457763672,29.5049991607666,29.520000457763672,29.520000457763672,6505
2023-03-29 13:00:00-04:00,29.520000457763672,29.520000457763672,29.5049991607666,29.5049991607666,29.5049991607666,11874
2023-03-29 13:01:00-04:00,29.5,29.5049991607666,29.5,29.5,29.5,3374
2023-03-29 13:02:00-04:00,29.50200080871582,29.520000457763672,29.5,29.520000457763672,29.520000457763672,11391
2023-03-29 13:03:00-04:00,29.520000457763672,29.530000686645508,29.51000022888184,29.52750015258789,29.52750015258789,23556
2023-03-29 13:04:00-04:00,29.530000686645508,29.530000686645508,29.51000022888184,29.51000022888184,29.51000022888184,11130
2023-03-29 13:05:00-04:00,29.51000022888184,29.530000686645508,29.51000022888184,29.524999618530277,29.524999618530277,19550
2023-03-29 13:06:00-04:00,29.52549934387207,29.540000915527344,29.520000457763672,29.53499984741211,29.53499984741211,16259
2023-03-29 13:07:00-04:00,29.540000915527344,29.559999465942383,29.540000915527344,29.55500030517578,29.55500030517578,37007
2023-03-29 13:08:00-04:00,29.559999465942383,29.57999992370605,29.549999237060547,29.559999465942383,29.559999465942383,28784
2023-03-29 13:09:00-04:00,29.56999969482422,29.575000762939453,29.56010055541992,29.56010055541992,29.56010055541992,8659
2023-03-29 13:10:00-04:00,29.565000534057617,29.59000015258789,29.559999465942383,29.584999084472656,29.584999084472656,28658
2023-03-29 13:11:00-04:00,29.584999084472656,29.59000015258789,29.575000762939453,29.575000762939453,29.575000762939453,9997
2023-03-29 13:12:00-04:00,29.56999969482422,29.57999992370605,29.559999465942383,29.559999465942383,29.559999465942383,10208
2023-03-29 13:13:00-04:00,29.565000534057617,29.565000534057617,29.559999465942383,29.559999465942383,29.559999465942383,2665
2023-03-29 13:14:00-04:00,29.559999465942383,29.575000762939453,29.549999237060547,29.56999969482422,29.56999969482422,56710
2023-03-29 13:15:00-04:00,29.56999969482422,29.57999992370605,29.559999465942383,29.565000534057617,29.565000534057617,10387
2023-03-29 13:16:00-04:00,29.565000534057617,29.575000762939453,29.549999237060547,29.559999465942383,29.559999465942383,44003
2023-03-29 13:17:00-04:00,29.565000534057617,29.56999969482422,29.540000915527344,29.540000915527344,29.540000915527344,25529
2023-03-29 13:18:00-04:00,29.540000915527344,29.540000915527344,29.53499984741211,29.53499984741211,29.53499984741211,5275
2023-03-29 13:19:00-04:00,29.53499984741211,29.540000915527344,29.530000686645508,29.53499984741211,29.53499984741211,2482
2023-03-29 13:20:00-04:00,29.53499984741211,29.559999465942383,29.53499984741211,29.55500030517578,29.55500030517578,14646
2023-03-29 13:21:00-04:00,29.559999465942383,29.559999465942383,29.55500030517578,29.559999465942383,29.559999465942383,3716
2023-03-29 13:22:00-04:00,29.559999465942383,29.559999465942383,29.545000076293945,29.55500030517578,29.55500030517578,18792
2023-03-29 13:23:00-04:00,29.55500030517578,29.55500030517578,29.545000076293945,29.545000076293945,29.545000076293945,8504
2023-03-29 13:24:00-04:00,29.545000076293945,29.549999237060547,29.545000076293945,29.549999237060547,29.549999237060547,4715
2023-03-29 13:25:00-04:00,29.549999237060547,29.559999465942383,29.545000076293945,29.559999465942383,29.559999465942383,8267
2023-03-29 13:26:00-04:00,29.559999465942383,29.565000534057617,29.55500030517578,29.556400299072266,29.556400299072266,33318
2023-03-29 13:27:00-04:00,29.559999465942383,29.559999465942383,29.55500030517578,29.55500030517578,29.55500030517578,5072
2023-03-29 13:28:00-04:00,29.55500030517578,29.56999969482422,29.55500030517578,29.55500030517578,29.55500030517578,14161
2023-03-29 13:29:00-04:00,29.55500030517578,29.56999969482422,29.549999237060547,29.559999465942383,29.559999465942383,14124
2023-03-29 13:30:00-04:00,29.559999465942383,29.565000534057617,29.559999465942383,29.559999465942383,29.559999465942383,9685
2023-03-29 13:31:00-04:00,29.559999465942383,29.56999969482422,29.55500030517578,29.559999465942383,29.559999465942383,18512
2023-03-29 13:32:00-04:00,29.559999465942383,29.559999465942383,29.545000076293945,29.545000076293945,29.545000076293945,9589
2023-03-29 13:33:00-04:00,29.549999237060547,29.549999237060547,29.545000076293945,29.545000076293945,29.545000076293945,2496
2023-03-29 13:34:00-04:00,29.545000076293945,29.545000076293945,29.530000686645508,29.530000686645508,29.530000686645508,9591
2023-03-29 13:35:00-04:00,29.53499984741211,29.549999237060547,29.5,29.524999618530277,29.524999618530277,46336
2023-03-29 13:36:00-04:00,29.524999618530277,29.540000915527344,29.520000457763672,29.540000915527344,29.540000915527344,10589
2023-03-29 13:37:00-04:00,29.53499984741211,29.548999786376957,29.53499984741211,29.545000076293945,29.545000076293945,8896
2023-03-29 13:38:00-04:00,29.545000076293945,29.545000076293945,29.520000457763672,29.520000457763672,29.520000457763672,11924
2023-03-29 13:39:00-04:00,29.530000686645508,29.540000915527344,29.520000457763672,29.520000457763672,29.520000457763672,26619
2023-03-29 13:40:00-04:00,29.520000457763672,29.540000915527344,29.520000457763672,29.540000915527344,29.540000915527344,158492
2023-03-29 13:41:00-04:00,29.53499984741211,29.549999237060547,29.520000457763672,29.530000686645508,29.530000686645508,28682
2023-03-29 13:42:00-04:00,29.530000686645508,29.53499984741211,29.524999618530277,29.53499984741211,29.53499984741211,5007
2023-03-29 13:43:00-04:00,29.53499984741211,29.53499984741211,29.51000022888184,29.51499938964844,29.51499938964844,13190
2023-03-29 13:44:00-04:00,29.520000457763672,29.530000686645508,29.520000457763672,29.524999618530277,29.524999618530277,10386
2023-03-29 13:45:00-04:00,29.524999618530277,29.530000686645508,29.520000457763672,29.530000686645508,29.530000686645508,3892
2023-03-29 13:46:00-04:00,29.530000686645508,29.540000915527344,29.524999618530277,29.540000915527344,29.540000915527344,11110
2023-03-29 13:47:00-04:00,29.537500381469727,29.537500381469727,29.520000457763672,29.53499984741211,29.53499984741211,17710
2023-03-29 13:48:00-04:00,29.53499984741211,29.53499984741211,29.520000457763672,29.524999618530277,29.524999618530277,10379
2023-03-29 13:49:00-04:00,29.524999618530277,29.530000686645508,29.46999931335449,29.4950008392334,29.4950008392334,160984
2023-03-29 13:50:00-04:00,29.489999771118164,29.5049991607666,29.48500061035156,29.489999771118164,29.489999771118164,51228
2023-03-29 13:51:00-04:00,29.48500061035156,29.48500061035156,29.46999931335449,29.46999931335449,29.46999931335449,18017
2023-03-29 13:52:00-04:00,29.475000381469727,29.479999542236328,29.459999084472656,29.46999931335449,29.46999931335449,55762
2023-03-29 13:53:00-04:00,29.475000381469727,29.475000381469727,29.46999931335449,29.47010040283203,29.47010040283203,3511
2023-03-29 13:54:00-04:00,29.46999931335449,29.479999542236328,29.46500015258789,29.479999542236328,29.479999542236328,12026
2023-03-29 13:55:00-04:00,29.479999542236328,29.5049991607666,29.479999542236328,29.5049991607666,29.5049991607666,47454
2023-03-29 13:56:00-04:00,29.5049991607666,29.51000022888184,29.489999771118164,29.51000022888184,29.51000022888184,30932
2023-03-29 13:57:00-04:00,29.51000022888184,29.51000022888184,29.5,29.5049991607666,29.5049991607666,8329
2023-03-29 13:58:00-04:00,29.5049991607666,29.5049991607666,29.489999771118164,29.4950008392334,29.4950008392334,26756
2023-03-29 13:59:00-04:00,29.4950008392334,29.51000022888184,29.4950008392334,29.5049991607666,29.5049991607666,17039
2023-03-29 14:00:00-04:00,29.5049991607666,29.5049991607666,29.5,29.5,29.5,2765
2023-03-29 14:01:00-04:00,29.51000022888184,29.520000457763672,29.5,29.5044002532959,29.5044002532959,15768
2023-03-29 14:02:00-04:00,29.5049991607666,29.5049991607666,29.479999542236328,29.491600036621094,29.491600036621094,16833
2023-03-29 14:03:00-04:00,29.489999771118164,29.4950008392334,29.489999771118164,29.4950008392334,29.4950008392334,8055
2023-03-29 14:04:00-04:00,29.489999771118164,29.51000022888184,29.489999771118164,29.4950008392334,29.4950008392334,24160
2023-03-29 14:05:00-04:00,29.5,29.5,29.4950008392334,29.4950008392334,29.4950008392334,2826
2023-03-29 14:06:00-04:00,29.4950008392334,29.520000457763672,29.490100860595703,29.520000457763672,29.520000457763672,16612
2023-03-29 14:07:00-04:00,29.520000457763672,29.530000686645508,29.51499938964844,29.524999618530277,29.524999618530277,10306
2023-03-29 14:08:00-04:00,29.524999618530277,29.549999237060547,29.524999618530277,29.545000076293945,29.545000076293945,12128
2023-03-29 14:09:00-04:00,29.545000076293945,29.559999465942383,29.540000915527344,29.55500030517578,29.55500030517578,40060
2023-03-29 14:10:00-04:00,29.545000076293945,29.56999969482422,29.540000915527344,29.559999465942383,29.559999465942383,15441
2023-03-29 14:11:00-04:00,29.565000534057617,29.56999969482422,29.549999237060547,29.565000534057617,29.565000534057617,29743
2023-03-29 14:12:00-04:00,29.56999969482422,29.56999969482422,29.549999237060547,29.55500030517578,29.55500030517578,10435
2023-03-29 14:13:00-04:00,29.549999237060547,29.559999465942383,29.540000915527344,29.55500030517578,29.55500030517578,16800
2023-03-29 14:14:00-04:00,29.55500030517578,29.558500289916992,29.540000915527344,29.549999237060547,29.549999237060547,10112
2023-03-29 14:15:00-04:00,29.549999237060547,29.549999237060547,29.530000686645508,29.530000686645508,29.530000686645508,13123
2023-03-29 14:16:00-04:00,29.530000686645508,29.53499984741211,29.520000457763672,29.53499984741211,29.53499984741211,13643
2023-03-29 14:17:00-04:00,29.53499984741211,29.540000915527344,29.530000686645508,29.53499984741211,29.53499984741211,13255
2023-03-29 14:18:00-04:00,29.540000915527344,29.545000076293945,29.53499984741211,29.545000076293945,29.545000076293945,14281
2023-03-29 14:19:00-04:00,29.540000915527344,29.545000076293945,29.530000686645508,29.53499984741211,29.53499984741211,11580
2023-03-29 14:20:00-04:00,29.53499984741211,29.53499984741211,29.520000457763672,29.530000686645508,29.530000686645508,29787
2023-03-29 14:21:00-04:00,29.53499984741211,29.549999237060547,29.530000686645508,29.545000076293945,29.545000076293945,10987
2023-03-29 14:22:00-04:00,29.545000076293945,29.549999237060547,29.520000457763672,29.524999618530277,29.524999618530277,31622
2023-03-29 14:23:00-04:00,29.524999618530277,29.540000915527344,29.520000457763672,29.540000915527344,29.540000915527344,12070
2023-03-29 14:24:00-04:00,29.540000915527344,29.540000915527344,29.530000686645508,29.53499984741211,29.53499984741211,7417
2023-03-29 14:25:00-04:00,29.530000686645508,29.53499984741211,29.520000457763672,29.524999618530277,29.524999618530277,14293
2023-03-29 14:26:00-04:00,29.524999618530277,29.540000915527344,29.520000457763672,29.524999618530277,29.524999618530277,24564
2023-03-29 14:27:00-04:00,29.520000457763672,29.530000686645508,29.520000457763672,29.530000686645508,29.530000686645508,5674
2023-03-29 14:28:00-04:00,29.524999618530277,29.530000686645508,29.522499084472656,29.530000686645508,29.530000686645508,4114
2023-03-29 14:29:00-04:00,29.524999618530277,29.530000686645508,29.51000022888184,29.51499938964844,29.51499938964844,20388
2023-03-29 14:30:00-04:00,29.51499938964844,29.520000457763672,29.51000022888184,29.510099411010746,29.510099411010746,3790
2023-03-29 14:31:00-04:00,29.51499938964844,29.520000457763672,29.51000022888184,29.51499938964844,29.51499938964844,11210
2023-03-29 14:32:00-04:00,29.51499938964844,29.520000457763672,29.5,29.51499938964844,29.51499938964844,31159
2023-03-29 14:33:00-04:00,29.51499938964844,29.51499938964844,29.51000022888184,29.51499938964844,29.51499938964844,12814
2023-03-29 14:34:00-04:00,29.51499938964844,29.520000457763672,29.51000022888184,29.51499938964844,29.51499938964844,7523
2023-03-29 14:35:00-04:00,29.51000022888184,29.520000457763672,29.51000022888184,29.520000457763672,29.520000457763672,10083
2023-03-29 14:36:00-04:00,29.51499938964844,29.51499938964844,29.51499938964844,29.51499938964844,29.51499938964844,3065
2023-03-29 14:37:00-04:00,29.51499938964844,29.540000915527344,29.51000022888184,29.540000915527344,29.540000915527344,19866
2023-03-29 14:38:00-04:00,29.53499984741211,29.540000915527344,29.520000457763672,29.530000686645508,29.530000686645508,32340
2023-03-29 14:39:00-04:00,29.524999618530277,29.540000915527344,29.524999618530277,29.540000915527344,29.540000915527344,13371
2023-03-29 14:40:00-04:00,29.540000915527344,29.540000915527344,29.530000686645508,29.53499984741211,29.53499984741211,7087
2023-03-29 14:41:00-04:00,29.53499984741211,29.540000915527344,29.53499984741211,29.53499984741211,29.53499984741211,3697
2023-03-29 14:42:00-04:00,29.539100646972656,29.540000915527344,29.533899307250977,29.540000915527344,29.540000915527344,5537
2023-03-29 14:43:00-04:00,29.540000915527344,29.540000915527344,29.530000686645508,29.53499984741211,29.53499984741211,18522
2023-03-29 14:44:00-04:00,29.540000915527344,29.55500030517578,29.530000686645508,29.53499984741211,29.53499984741211,55231
2023-03-29 14:45:00-04:00,29.53499984741211,29.540000915527344,29.51499938964844,29.51499938964844,29.51499938964844,24224
2023-03-29 14:46:00-04:00,29.520000457763672,29.520000457763672,29.51000022888184,29.520000457763672,29.520000457763672,7398
2023-03-29 14:47:00-04:00,29.51499938964844,29.549999237060547,29.5049991607666,29.540000915527344,29.540000915527344,54650
2023-03-29 14:48:00-04:00,29.540000915527344,29.540000915527344,29.520000457763672,29.520000457763672,29.520000457763672,11884
2023-03-29 14:49:00-04:00,29.52039909362793,29.530000686645508,29.520000457763672,29.520000457763672,29.520000457763672,16885
2023-03-29 14:50:00-04:00,29.524999618530277,29.524999618530277,29.489999771118164,29.4950008392334,29.4950008392334,24076
2023-03-29 14:51:00-04:00,29.4950008392334,29.5,29.46999931335449,29.46999931335449,29.46999931335449,16076
2023-03-29 14:52:00-04:00,29.46999931335449,29.520000457763672,29.46999931335449,29.4950008392334,29.4950008392334,44027
2023-03-29 14:53:00-04:00,29.5,29.5049991607666,29.5,29.5,29.5,21194
2023-03-29 14:54:00-04:00,29.5049991607666,29.51000022888184,29.489999771118164,29.51000022888184,29.51000022888184,12815
2023-03-29 14:55:00-04:00,29.51000022888184,29.520000457763672,29.5049991607666,29.51499938964844,29.51499938964844,37898
2023-03-29 14:56:00-04:00,29.520000457763672,29.520000457763672,29.51000022888184,29.51499938964844,29.51499938964844,7176
2023-03-29 14:57:00-04:00,29.520000457763672,29.520000457763672,29.5049991607666,29.51000022888184,29.51000022888184,33219
2023-03-29 14:58:00-04:00,29.51000022888184,29.520000457763672,29.5,29.5,29.5,21148
2023-03-29 14:59:00-04:00,29.5,29.5049991607666,29.5,29.5,29.5,3960
2023-03-29 15:00:00-04:00,29.5049991607666,29.51000022888184,29.5,29.5049991607666,29.5049991607666,16465
2023-03-29 15:01:00-04:00,29.51000022888184,29.51000022888184,29.46999931335449,29.489999771118164,29.489999771118164,93811
2023-03-29 15:02:00-04:00,29.479999542236328,29.48500061035156,29.46500015258789,29.46500015258789,29.46500015258789,15339
2023-03-29 15:03:00-04:00,29.46999931335449,29.5,29.46999931335449,29.5,29.5,14638
2023-03-29 15:04:00-04:00,29.4950008392334,29.520000457763672,29.4950008392334,29.51499938964844,29.51499938964844,28301
2023-03-29 15:05:00-04:00,29.51499938964844,29.51499938964844,29.489999771118164,29.5,29.5,15856
2023-03-29 15:06:00-04:00,29.5,29.5,29.489999771118164,29.4950008392334,29.4950008392334,14706
2023-03-29 15:07:00-04:00,29.4950008392334,29.520000457763672,29.489999771118164,29.51499938964844,29.51499938964844,19742
2023-03-29 15:08:00-04:00,29.520000457763672,29.530000686645508,29.51499938964844,29.524999618530277,29.524999618530277,17833
2023-03-29 15:09:00-04:00,29.524999618530277,29.540000915527344,29.520000457763672,29.53499984741211,29.53499984741211,34292
2023-03-29 15:10:00-04:00,29.53499984741211,29.540000915527344,29.524999618530277,29.540000915527344,29.540000915527344,26031
2023-03-29 15:11:00-04:00,29.540000915527344,29.559999465942383,29.540000915527344,29.55500030517578,29.55500030517578,20710
2023-03-29 15:12:00-04:00,29.549999237060547,29.549999237060547,29.540000915527344,29.547700881958008,29.547700881958008,8043
2023-03-29 15:13:00-04:00,29.545000076293945,29.559999465942383,29.545000076293945,29.559999465942383,29.559999465942383,25722
2023-03-29 15:14:00-04:00,29.55500030517578,29.559999465942383,29.549999237060547,29.549999237060547,29.549999237060547,16051
2023-03-29 15:15:00-04:00,29.55500030517578,29.57999992370605,29.55500030517578,29.57999992370605,29.57999992370605,18756
2023-03-29 15:16:00-04:00,29.57999992370605,29.600000381469727,29.57999992370605,29.600000381469727,29.600000381469727,14939
2023-03-29 15:17:00-04:00,29.600000381469727,29.61000061035156,29.59499931335449,29.59499931335449,29.59499931335449,24205
2023-03-29 15:18:00-04:00,29.600000381469727,29.6200008392334,29.600000381469727,29.61000061035156,29.61000061035156,14947
2023-03-29 15:19:00-04:00,29.614999771118164,29.6200008392334,29.61000061035156,29.614999771118164,29.614999771118164,10210
2023-03-29 15:20:00-04:00,29.614999771118164,29.6200008392334,29.604999542236328,29.61000061035156,29.61000061035156,21718
2023-03-29 15:21:00-04:00,29.604999542236328,29.6200008392334,29.604999542236328,29.614999771118164,29.614999771118164,34028
2023-03-29 15:22:00-04:00,29.6200008392334,29.6299991607666,29.6200008392334,29.625,29.625,14624
2023-03-29 15:23:00-04:00,29.625,29.6299991607666,29.61000061035156,29.614999771118164,29.614999771118164,39757
2023-03-29 15:24:00-04:00,29.6200008392334,29.6200008392334,29.600000381469727,29.604999542236328,29.604999542236328,30124
2023-03-29 15:25:00-04:00,29.604999542236328,29.61000061035156,29.57999992370605,29.59000015258789,29.59000015258789,26468
2023-03-29 15:26:00-04:00,29.59000015258789,29.61000061035156,29.59000015258789,29.59000015258789,29.59000015258789,62749
2023-03-29 15:27:00-04:00,29.584999084472656,29.600000381469727,29.57999992370605,29.600000381469727,29.600000381469727,15427
2023-03-29 15:28:00-04:00,29.600000381469727,29.61000061035156,29.59000015258789,29.59499931335449,29.59499931335449,41550
2023-03-29 15:29:00-04:00,29.59499931335449,29.59499931335449,29.584999084472656,29.59499931335449,29.59499931335449,17986
2023-03-29 15:30:00-04:00,29.59000015258789,29.600000381469727,29.575000762939453,29.57999992370605,29.57999992370605,38679
2023-03-29 15:31:00-04:00,29.59000015258789,29.59000015258789,29.57999992370605,29.584999084472656,29.584999084472656,65557
2023-03-29 15:32:00-04:00,29.584999084472656,29.59000015258789,29.57999992370605,29.584999084472656,29.584999084472656,9064
2023-03-29 15:33:00-04:00,29.584999084472656,29.59000015258789,29.56999969482422,29.584999084472656,29.584999084472656,55680
2023-03-29 15:34:00-04:00,29.584999084472656,29.584999084472656,29.57999992370605,29.584999084472656,29.584999084472656,23963
2023-03-29 15:35:00-04:00,29.57999992370605,29.57999992370605,29.56999969482422,29.575000762939453,29.575000762939453,26368
2023-03-29 15:36:00-04:00,29.575000762939453,29.57999992370605,29.549999237060547,29.565000534057617,29.565000534057617,67406
2023-03-29 15:37:00-04:00,29.565000534057617,29.56999969482422,29.559999465942383,29.565000534057617,29.565000534057617,28737
2023-03-29 15:38:00-04:00,29.565000534057617,29.584999084472656,29.559999465942383,29.575000762939453,29.575000762939453,27121
2023-03-29 15:39:00-04:00,29.57999992370605,29.57999992370605,29.565000534057617,29.575000762939453,29.575000762939453,27658
2023-03-29 15:40:00-04:00,29.57999992370605,29.57999992370605,29.56010055541992,29.565000534057617,29.565000534057617,31532
2023-03-29 15:41:00-04:00,29.559999465942383,29.575000762939453,29.559999465942383,29.575000762939453,29.575000762939453,19578
2023-03-29 15:42:00-04:00,29.575000762939453,29.575000762939453,29.549999237060547,29.565000534057617,29.565000534057617,48780
2023-03-29 15:43:00-04:00,29.56999969482422,29.575000762939453,29.559999465942383,29.575000762939453,29.575000762939453,27492
2023-03-29 15:44:00-04:00,29.575000762939453,29.59000015258789,29.56999969482422,29.575000762939453,29.575000762939453,23765
2023-03-29 15:45:00-04:00,29.56999969482422,29.59499931335449,29.565000534057617,29.59499931335449,29.59499931335449,59139
2023-03-29 15:46:00-04:00,29.59499931335449,29.597999572753903,29.57999992370605,29.584999084472656,29.584999084472656,33306
2023-03-29 15:47:00-04:00,29.57999992370605,29.59499931335449,29.56999969482422,29.59000015258789,29.59000015258789,42633
2023-03-29 15:48:00-04:00,29.59000015258789,29.59499931335449,29.57999992370605,29.59499931335449,29.59499931335449,29508
2023-03-29 15:49:00-04:00,29.600000381469727,29.61000061035156,29.59499931335449,29.600000381469727,29.600000381469727,47688
2023-03-29 15:50:00-04:00,29.59000015258789,29.604999542236328,29.56999969482422,29.600000381469727,29.600000381469727,70547
2023-03-29 15:51:00-04:00,29.59499931335449,29.61000061035156,29.59000015258789,29.61000061035156,29.61000061035156,38835
2023-03-29 15:52:00-04:00,29.600000381469727,29.6200008392334,29.600000381469727,29.6200008392334,29.6200008392334,32380
2023-03-29 15:53:00-04:00,29.6200008392334,29.6200008392334,29.59499931335449,29.61000061035156,29.61000061035156,124055
2023-03-29 15:54:00-04:00,29.604999542236328,29.6200008392334,29.57999992370605,29.584999084472656,29.584999084472656,188328
2023-03-29 15:55:00-04:00,29.57999992370605,29.6200008392334,29.57999992370605,29.61000061035156,29.61000061035156,125775
2023-03-29 15:56:00-04:00,29.61000061035156,29.61000061035156,29.56999969482422,29.59000015258789,29.59000015258789,125176
2023-03-29 15:57:00-04:00,29.584999084472656,29.600000381469727,29.56999969482422,29.57999992370605,29.57999992370605,104027
2023-03-29 15:58:00-04:00,29.57990074157715,29.59000015258789,29.56999969482422,29.584999084472656,29.584999084472656,115116
2023-03-29 15:59:00-04:00,29.584999084472656,29.59000015258789,29.56999969482422,29.59000015258789,29.59000015258789,260786
2023-03-30 09:30:00-04:00,29.770000457763672,29.940000534057617,29.770000457763672,29.93000030517578,29.93000030517578,292207
2023-03-30 09:31:00-04:00,29.93000030517578,29.93000030517578,29.88999938964844,29.895000457763672,29.895000457763672,30677
2023-03-30 09:32:00-04:00,29.895000457763672,29.90999984741211,29.8700008392334,29.88999938964844,29.88999938964844,39863
2023-03-30 09:33:00-04:00,29.8799991607666,29.88500022888184,29.84499931335449,29.850000381469727,29.850000381469727,17795
2023-03-30 09:34:00-04:00,29.854999542236328,29.8799991607666,29.84499931335449,29.86000061035156,29.86000061035156,14595
2023-03-30 09:35:00-04:00,29.864999771118164,29.8700008392334,29.84000015258789,29.850000381469727,29.850000381469727,16118
2023-03-30 09:36:00-04:00,29.850000381469727,29.854999542236328,29.82999992370605,29.82999992370605,29.82999992370605,11502
2023-03-30 09:37:00-04:00,29.84000015258789,29.86000061035156,29.82999992370605,29.854999542236328,29.854999542236328,18475
2023-03-30 09:38:00-04:00,29.856800079345703,29.920000076293945,29.854999542236328,29.920000076293945,29.920000076293945,14756
2023-03-30 09:39:00-04:00,29.915000915527344,29.940000534057617,29.899999618530277,29.899999618530277,29.899999618530277,29552
2023-03-30 09:40:00-04:00,29.905000686645508,29.93000030517578,29.88999938964844,29.88999938964844,29.88999938964844,21016
2023-03-30 09:41:00-04:00,29.895000457763672,29.920000076293945,29.8799991607666,29.88999938964844,29.88999938964844,30333
2023-03-30 09:42:00-04:00,29.88999938964844,29.895000457763672,29.8700008392334,29.8700008392334,29.8700008392334,34181
2023-03-30 09:43:00-04:00,29.864999771118164,29.8799991607666,29.84000015258789,29.86000061035156,29.86000061035156,17969
2023-03-30 09:44:00-04:00,29.86000061035156,29.8700008392334,29.84000015258789,29.850000381469727,29.850000381469727,15925
2023-03-30 09:45:00-04:00,29.86000061035156,29.864999771118164,29.84000015258789,29.84000015258789,29.84000015258789,21295
2023-03-30 09:46:00-04:00,29.84499931335449,29.8799991607666,29.84499931335449,29.850000381469727,29.850000381469727,25159
2023-03-30 09:47:00-04:00,29.84499931335449,29.86000061035156,29.84000015258789,29.858800888061523,29.858800888061523,4303
2023-03-30 09:48:00-04:00,29.86000061035156,29.8700008392334,29.850000381469727,29.86000061035156,29.86000061035156,10300
2023-03-30 09:49:00-04:00,29.854999542236328,29.8700008392334,29.84499931335449,29.864999771118164,29.864999771118164,14325
2023-03-30 09:50:00-04:00,29.864999771118164,29.864999771118164,29.809999465942383,29.809999465942383,29.809999465942383,26072
2023-03-30 09:51:00-04:00,29.809999465942383,29.81999969482422,29.799999237060547,29.81999969482422,29.81999969482422,22225
2023-03-30 09:52:00-04:00,29.815000534057617,29.825000762939453,29.809999465942383,29.81999969482422,29.81999969482422,11770
2023-03-30 09:53:00-04:00,29.81999969482422,29.834999084472656,29.815000534057617,29.82999992370605,29.82999992370605,31009
2023-03-30 09:54:00-04:00,29.825000762939453,29.84000015258789,29.815000534057617,29.82999992370605,29.82999992370605,39760
2023-03-30 09:55:00-04:00,29.82999992370605,29.850000381469727,29.80500030517578,29.81999969482422,29.81999969482422,25970
2023-03-30 09:56:00-04:00,29.809999465942383,29.850000381469727,29.809999465942383,29.82999992370605,29.82999992370605,23927
2023-03-30 09:57:00-04:00,29.834999084472656,29.850000381469727,29.81999969482422,29.84499931335449,29.84499931335449,32487
2023-03-30 09:58:00-04:00,29.84000015258789,29.84000015258789,29.809999465942383,29.81999969482422,29.81999969482422,10656
2023-03-30 09:59:00-04:00,29.82999992370605,29.84000015258789,29.81999969482422,29.84000015258789,29.84000015258789,23134
2023-03-30 10:00:00-04:00,29.84000015258789,29.8700008392334,29.82999992370605,29.864999771118164,29.864999771118164,46098
2023-03-30 10:01:00-04:00,29.864999771118164,29.8799991607666,29.86000061035156,29.864999771118164,29.864999771118164,50160
2023-03-30 10:02:00-04:00,29.850000381469727,29.86000061035156,29.82999992370605,29.84499931335449,29.84499931335449,27148
2023-03-30 10:03:00-04:00,29.84000015258789,29.86000061035156,29.84000015258789,29.84499931335449,29.84499931335449,19732
2023-03-30 10:04:00-04:00,29.84000015258789,29.850000381469727,29.84000015258789,29.84499931335449,29.84499931335449,17228
2023-03-30 10:05:00-04:00,29.84000015258789,29.84499931335449,29.809999465942383,29.834999084472656,29.834999084472656,20796
2023-03-30 10:06:00-04:00,29.82999992370605,29.86000061035156,29.80500030517578,29.80500030517578,29.80500030517578,25778
2023-03-30 10:07:00-04:00,29.799999237060547,29.825000762939453,29.780000686645508,29.825000762939453,29.825000762939453,31641
2023-03-30 10:08:00-04:00,29.834999084472656,29.854999542236328,29.82999992370605,29.84000015258789,29.84000015258789,5194
2023-03-30 10:09:00-04:00,29.84000015258789,29.84499931335449,29.82999992370605,29.82999992370605,29.82999992370605,14196
2023-03-30 10:10:00-04:00,29.82999992370605,29.84499931335449,29.82999992370605,29.84499931335449,29.84499931335449,6474
2023-03-30 10:11:00-04:00,29.848100662231445,29.854999542236328,29.84000015258789,29.854999542236328,29.854999542236328,5953
2023-03-30 10:12:00-04:00,29.850000381469727,29.850000381469727,29.78499984741211,29.78499984741211,29.78499984741211,44452
2023-03-30 10:13:00-04:00,29.78499984741211,29.790000915527344,29.76000022888184,29.780000686645508,29.780000686645508,22002
2023-03-30 10:14:00-04:00,29.780000686645508,29.78499984741211,29.76499938964844,29.78499984741211,29.78499984741211,8206
2023-03-30 10:15:00-04:00,29.780000686645508,29.815000534057617,29.774999618530277,29.815000534057617,29.815000534057617,26219
2023-03-30 10:16:00-04:00,29.815000534057617,29.81999969482422,29.795000076293945,29.809999465942383,29.809999465942383,12204
2023-03-30 10:17:00-04:00,29.80500030517578,29.80990028381348,29.780000686645508,29.80990028381348,29.80990028381348,9495
2023-03-30 10:18:00-04:00,29.80500030517578,29.809999465942383,29.790000915527344,29.795000076293945,29.795000076293945,18245
2023-03-30 10:19:00-04:00,29.795000076293945,29.815000534057617,29.795000076293945,29.809999465942383,29.809999465942383,21238
2023-03-30 10:20:00-04:00,29.809999465942383,29.82699966430664,29.799999237060547,29.81999969482422,29.81999969482422,13749
2023-03-30 10:21:00-04:00,29.81999969482422,29.81999969482422,29.790000915527344,29.790000915527344,29.790000915527344,60191
2023-03-30 10:22:00-04:00,29.78499984741211,29.80500030517578,29.78499984741211,29.799999237060547,29.799999237060547,13400
2023-03-30 10:23:00-04:00,29.799999237060547,29.799999237060547,29.790000915527344,29.795000076293945,29.795000076293945,5336
2023-03-30 10:24:00-04:00,29.795000076293945,29.81999969482422,29.790000915527344,29.815000534057617,29.815000534057617,28651
2023-03-30 10:25:00-04:00,29.81999969482422,29.81999969482422,29.809999465942383,29.815000534057617,29.815000534057617,10827
2023-03-30 10:26:00-04:00,29.815000534057617,29.850000381469727,29.815000534057617,29.84499931335449,29.84499931335449,21998
2023-03-30 10:27:00-04:00,29.84499931335449,29.86000061035156,29.84000015258789,29.850000381469727,29.850000381469727,21074
2023-03-30 10:28:00-04:00,29.86000061035156,29.86000061035156,29.81999969482422,29.825000762939453,29.825000762939453,26861
2023-03-30 10:29:00-04:00,29.825000762939453,29.82999992370605,29.809999465942383,29.809999465942383,29.809999465942383,10523
2023-03-30 10:30:00-04:00,29.815000534057617,29.854999542236328,29.815000534057617,29.84499931335449,29.84499931335449,21039
2023-03-30 10:31:00-04:00,29.850000381469727,29.875,29.850000381469727,29.875,29.875,18235
2023-03-30 10:32:00-04:00,29.875,29.87700080871582,29.854999542236328,29.864999771118164,29.864999771118164,35840
2023-03-30 10:33:00-04:00,29.864999771118164,29.864999771118164,29.84000015258789,29.84499931335449,29.84499931335449,7402
2023-03-30 10:34:00-04:00,29.84499931335449,29.850000381469727,29.809999465942383,29.815000534057617,29.815000534057617,31459
2023-03-30 10:35:00-04:00,29.815000534057617,29.82999992370605,29.799999237060547,29.80500030517578,29.80500030517578,23160
2023-03-30 10:36:00-04:00,29.809999465942383,29.825000762939453,29.809999465942383,29.815000534057617,29.815000534057617,23144
2023-03-30 10:37:00-04:00,29.815000534057617,29.825000762939453,29.80500030517578,29.815000534057617,29.815000534057617,11146
2023-03-30 10:38:00-04:00,29.81999969482422,29.84499931335449,29.81999969482422,29.82999992370605,29.82999992370605,20878
2023-03-30 10:39:00-04:00,29.834999084472656,29.86000061035156,29.834999084472656,29.86000061035156,29.86000061035156,3844
2023-03-30 10:40:00-04:00,29.854999542236328,29.8700008392334,29.854999542236328,29.854999542236328,29.854999542236328,11132
2023-03-30 10:41:00-04:00,29.86000061035156,29.864999771118164,29.86000061035156,29.86000061035156,29.86000061035156,8902
2023-03-30 10:42:00-04:00,29.864999771118164,29.8700008392334,29.850000381469727,29.850000381469727,29.850000381469727,4274
2023-03-30 10:43:00-04:00,29.854999542236328,29.854999542236328,29.84000015258789,29.84499931335449,29.84499931335449,15695
2023-03-30 10:44:00-04:00,29.850000381469727,29.864999771118164,29.84000015258789,29.854999542236328,29.854999542236328,16382
2023-03-30 10:45:00-04:00,29.850000381469727,29.854999542236328,29.850000381469727,29.850000381469727,29.850000381469727,4539
2023-03-30 10:46:00-04:00,29.84000015258789,29.850000381469727,29.82999992370605,29.850000381469727,29.850000381469727,6084
2023-03-30 10:47:00-04:00,29.84499931335449,29.86000061035156,29.84499931335449,29.86000061035156,29.86000061035156,8974
2023-03-30 10:48:00-04:00,29.86000061035156,29.86000061035156,29.84000015258789,29.84000015258789,29.84000015258789,6450
2023-03-30 10:49:00-04:00,29.84499931335449,29.84499931335449,29.834999084472656,29.84000015258789,29.84000015258789,11261
2023-03-30 10:50:00-04:00,29.84000015258789,29.84000015258789,29.809999465942383,29.81999969482422,29.81999969482422,49398
2023-03-30 10:51:00-04:00,29.81999969482422,29.82999992370605,29.815000534057617,29.825000762939453,29.825000762939453,24359
2023-03-30 10:52:00-04:00,29.82999992370605,29.84000015258789,29.799999237060547,29.799999237060547,29.799999237060547,24296
2023-03-30 10:53:00-04:00,29.799999237060547,29.80500030517578,29.780000686645508,29.799999237060547,29.799999237060547,25861
2023-03-30 10:54:00-04:00,29.795000076293945,29.799999237060547,29.790000915527344,29.799999237060547,29.799999237060547,4037
2023-03-30 10:55:00-04:00,29.799999237060547,29.799999237060547,29.76000022888184,29.76000022888184,29.76000022888184,24941
2023-03-30 10:56:00-04:00,29.770000457763672,29.770000457763672,29.7549991607666,29.770000457763672,29.770000457763672,18948
2023-03-30 10:57:00-04:00,29.76919937133789,29.770000457763672,29.76000022888184,29.76499938964844,29.76499938964844,1716
2023-03-30 10:58:00-04:00,29.76000022888184,29.76000022888184,29.74220085144043,29.75,29.75,10814
2023-03-30 10:59:00-04:00,29.75,29.76000022888184,29.71999931335449,29.725000381469727,29.725000381469727,31041
2023-03-30 11:00:00-04:00,29.71999931335449,29.739999771118164,29.71999931335449,29.725000381469727,29.725000381469727,21841
2023-03-30 11:01:00-04:00,29.71999931335449,29.729999542236328,29.71999931335449,29.725000381469727,29.725000381469727,6389
2023-03-30 11:02:00-04:00,29.720600128173828,29.727500915527344,29.700000762939453,29.709999084472656,29.709999084472656,21629
2023-03-30 11:03:00-04:00,29.709999084472656,29.71999931335449,29.709999084472656,29.71500015258789,29.71500015258789,9226
2023-03-30 11:04:00-04:00,29.71500015258789,29.71999931335449,29.690000534057617,29.70499992370605,29.70499992370605,23724
2023-03-30 11:05:00-04:00,29.70499992370605,29.71999931335449,29.700000762939453,29.71500015258789,29.71500015258789,22385
2023-03-30 11:06:00-04:00,29.709999084472656,29.71999931335449,29.70499992370605,29.709999084472656,29.709999084472656,19183
2023-03-30 11:07:00-04:00,29.709999084472656,29.71500015258789,29.700000762939453,29.70499992370605,29.70499992370605,18440
2023-03-30 11:08:00-04:00,29.70499992370605,29.709999084472656,29.690000534057617,29.69499969482422,29.69499969482422,67022
2023-03-30 11:09:00-04:00,29.69499969482422,29.70499992370605,29.684999465942383,29.69499969482422,29.69499969482422,49709
2023-03-30 11:10:00-04:00,29.69499969482422,29.700000762939453,29.690000534057617,29.69109916687012,29.69109916687012,17692
2023-03-30 11:11:00-04:00,29.690000534057617,29.700000762939453,29.670000076293945,29.674999237060547,29.674999237060547,20739
2023-03-30 11:12:00-04:00,29.670000076293945,29.68000030517578,29.649999618530277,29.65999984741211,29.65999984741211,50937
2023-03-30 11:13:00-04:00,29.649999618530277,29.649999618530277,29.63999938964844,29.645000457763672,29.645000457763672,10684
2023-03-30 11:14:00-04:00,29.645000457763672,29.645000457763672,29.625,29.625,29.625,16305
2023-03-30 11:15:00-04:00,29.625,29.63999938964844,29.614999771118164,29.625,29.625,20812
2023-03-30 11:16:00-04:00,29.6200008392334,29.6200008392334,29.600000381469727,29.600000381469727,29.600000381469727,15638
2023-03-30 11:17:00-04:00,29.600000381469727,29.61000061035156,29.584999084472656,29.604999542236328,29.604999542236328,33319
2023-03-30 11:18:00-04:00,29.604999542236328,29.61000061035156,29.59000015258789,29.604999542236328,29.604999542236328,10352
2023-03-30 11:19:00-04:00,29.61000061035156,29.6200008392334,29.600000381469727,29.614999771118164,29.614999771118164,31605
2023-03-30 11:20:00-04:00,29.6200008392334,29.6200008392334,29.59000015258789,29.59000015258789,29.59000015258789,22632
2023-03-30 11:21:00-04:00,29.59000015258789,29.61000061035156,29.59000015258789,29.604999542236328,29.604999542236328,14619
2023-03-30 11:22:00-04:00,29.600000381469727,29.607799530029297,29.600000381469727,29.600000381469727,29.600000381469727,5501
2023-03-30 11:23:00-04:00,29.600000381469727,29.61000061035156,29.59499931335449,29.604999542236328,29.604999542236328,24540
2023-03-30 11:24:00-04:00,29.604999542236328,29.6200008392334,29.600000381469727,29.614999771118164,29.614999771118164,29777
2023-03-30 11:25:00-04:00,29.61000061035156,29.6200008392334,29.600000381469727,29.614999771118164,29.614999771118164,17997
2023-03-30 11:26:00-04:00,29.614999771118164,29.614999771118164,29.604999542236328,29.61000061035156,29.61000061035156,19217
2023-03-30 11:27:00-04:00,29.6200008392334,29.6200008392334,29.61000061035156,29.61000061035156,29.61000061035156,16823
2023-03-30 11:28:00-04:00,29.61000061035156,29.625,29.604999542236328,29.614999771118164,29.614999771118164,17855
2023-03-30 11:29:00-04:00,29.6200008392334,29.628999710083008,29.6200008392334,29.625,29.625,9471
2023-03-30 11:30:00-04:00,29.625,29.63999938964844,29.6200008392334,29.625,29.625,22598
2023-03-30 11:31:00-04:00,29.625,29.6299991607666,29.614999771118164,29.620100021362305,29.620100021362305,10841
2023-03-30 11:32:00-04:00,29.625,29.6299991607666,29.6200008392334,29.6200008392334,29.6200008392334,6594
2023-03-30 11:33:00-04:00,29.6299991607666,29.63500022888184,29.61009979248047,29.614999771118164,29.614999771118164,17841
2023-03-30 11:34:00-04:00,29.614999771118164,29.625,29.604999542236328,29.614999771118164,29.614999771118164,23867
2023-03-30 11:35:00-04:00,29.6200008392334,29.625,29.6200008392334,29.625,29.625,6106
2023-03-30 11:36:00-04:00,29.625,29.63500022888184,29.614999771118164,29.63500022888184,29.63500022888184,31470
2023-03-30 11:37:00-04:00,29.63500022888184,29.63500022888184,29.61000061035156,29.614999771118164,29.614999771118164,21383
2023-03-30 11:38:00-04:00,29.614999771118164,29.63999938964844,29.61000061035156,29.6299991607666,29.6299991607666,26785
2023-03-30 11:39:00-04:00,29.63500022888184,29.63500022888184,29.6200008392334,29.625,29.625,10763
2023-03-30 11:40:00-04:00,29.625,29.655000686645508,29.625,29.63999938964844,29.63999938964844,46144
2023-03-30 11:41:00-04:00,29.63999938964844,29.655000686645508,29.6299991607666,29.655000686645508,29.655000686645508,33158
2023-03-30 11:42:00-04:00,29.655000686645508,29.670000076293945,29.655000686645508,29.655000686645508,29.655000686645508,27629
2023-03-30 11:43:00-04:00,29.65999984741211,29.679000854492188,29.655000686645508,29.674999237060547,29.674999237060547,7383
2023-03-30 11:44:00-04:00,29.67650032043457,29.68000030517578,29.65999984741211,29.665000915527344,29.665000915527344,14105
2023-03-30 11:45:00-04:00,29.665700912475582,29.69499969482422,29.65999984741211,29.69499969482422,29.69499969482422,26284
2023-03-30 11:46:00-04:00,29.69499969482422,29.700000762939453,29.670000076293945,29.674999237060547,29.674999237060547,20767
2023-03-30 11:47:00-04:00,29.670000076293945,29.670000076293945,29.6299991607666,29.63500022888184,29.63500022888184,48254
2023-03-30 11:48:00-04:00,29.63500022888184,29.655000686645508,29.625,29.645000457763672,29.645000457763672,9197
2023-03-30 11:49:00-04:00,29.63999938964844,29.645000457763672,29.6299991607666,29.645000457763672,29.645000457763672,8921
2023-03-30 11:50:00-04:00,29.63999938964844,29.65999984741211,29.63999938964844,29.655000686645508,29.655000686645508,4456
2023-03-30 11:51:00-04:00,29.65999984741211,29.68000030517578,29.655000686645508,29.68000030517578,29.68000030517578,13766
2023-03-30 11:52:00-04:00,29.68000030517578,29.68000030517578,29.649999618530277,29.665000915527344,29.665000915527344,24650
2023-03-30 11:53:00-04:00,29.665000915527344,29.66990089416504,29.63999938964844,29.655000686645508,29.655000686645508,24758
2023-03-30 11:54:00-04:00,29.65999984741211,29.684999465942383,29.65999984741211,29.684999465942383,29.684999465942383,51464
2023-03-30 11:55:00-04:00,29.684999465942383,29.69499969482422,29.68000030517578,29.684999465942383,29.684999465942383,22849
2023-03-30 11:56:00-04:00,29.690000534057617,29.709199905395508,29.690000534057617,29.70499992370605,29.70499992370605,16415
2023-03-30 11:57:00-04:00,29.70499992370605,29.709999084472656,29.69499969482422,29.69499969482422,29.69499969482422,17301
2023-03-30 11:58:00-04:00,29.69499969482422,29.700000762939453,29.690000534057617,29.69499969482422,29.69499969482422,3537
2023-03-30 11:59:00-04:00,29.690000534057617,29.690000534057617,29.645000457763672,29.645000457763672,29.645000457763672,19142
2023-03-30 12:00:00-04:00,29.640100479125977,29.65999984741211,29.63500022888184,29.63500022888184,29.63500022888184,14755
2023-03-30 12:01:00-04:00,29.63500022888184,29.63500022888184,29.61000061035156,29.6299991607666,29.6299991607666,9594
2023-03-30 12:02:00-04:00,29.625,29.6299991607666,29.6200008392334,29.625,29.625,2756
2023-03-30 12:03:00-04:00,29.625,29.6299991607666,29.6200008392334,29.625,29.625,4972
2023-03-30 12:04:00-04:00,29.625,29.63500022888184,29.6200008392334,29.62700080871582,29.62700080871582,23140
2023-03-30 12:05:00-04:00,29.6299991607666,29.6299991607666,29.614999771118164,29.625,29.625,14785
2023-03-30 12:06:00-04:00,29.625,29.625,29.614999771118164,29.6200008392334,29.6200008392334,17572
2023-03-30 12:07:00-04:00,29.614999771118164,29.63500022888184,29.61000061035156,29.6299991607666,29.6299991607666,25507
2023-03-30 12:08:00-04:00,29.625,29.6299991607666,29.6200008392334,29.625,29.625,2740
2023-03-30 12:09:00-04:00,29.6200008392334,29.628400802612305,29.6200008392334,29.625,29.625,5570
2023-03-30 12:10:00-04:00,29.625,29.6299991607666,29.6200008392334,29.625,29.625,4063
2023-03-30 12:11:00-04:00,29.625,29.6299991607666,29.6200008392334,29.625,29.625,3303
2023-03-30 12:12:00-04:00,29.625,29.625,29.62150001525879,29.625,29.625,2593
2023-03-30 12:13:00-04:00,29.625,29.63999938964844,29.604999542236328,29.604999542236328,29.604999542236328,28809
2023-03-30 12:14:00-04:00,29.604999542236328,29.61000061035156,29.604999542236328,29.604999542236328,29.604999542236328,6778
2023-03-30 12:15:00-04:00,29.60330009460449,29.604999542236328,29.575000762939453,29.575000762939453,29.575000762939453,23474
2023-03-30 12:16:00-04:00,29.575000762939453,29.584999084472656,29.565000534057617,29.575000762939453,29.575000762939453,21420
2023-03-30 12:17:00-04:00,29.57999992370605,29.57999992370605,29.562400817871094,29.575000762939453,29.575000762939453,11409
2023-03-30 12:18:00-04:00,29.575000762939453,29.57999992370605,29.56999969482422,29.575000762939453,29.575000762939453,5318
2023-03-30 12:19:00-04:00,29.57999992370605,29.59000015258789,29.56999969482422,29.584999084472656,29.584999084472656,13685
2023-03-30 12:20:00-04:00,29.57999992370605,29.584999084472656,29.559999465942383,29.575000762939453,29.575000762939453,14182
2023-03-30 12:21:00-04:00,29.575000762939453,29.575000762939453,29.559999465942383,29.575000762939453,29.575000762939453,9078
2023-03-30 12:22:00-04:00,29.575000762939453,29.584999084472656,29.565000534057617,29.565000534057617,29.565000534057617,15077
2023-03-30 12:23:00-04:00,29.56999969482422,29.59000015258789,29.56999969482422,29.59000015258789,29.59000015258789,10305
2023-03-30 12:24:00-04:00,29.584999084472656,29.59000015258789,29.559999465942383,29.565000534057617,29.565000534057617,23272
2023-03-30 12:25:00-04:00,29.565000534057617,29.57999992370605,29.559999465942383,29.57999992370605,29.57999992370605,6857
2023-03-30 12:26:00-04:00,29.575000762939453,29.59000015258789,29.565000534057617,29.584999084472656,29.584999084472656,31662
2023-03-30 12:27:00-04:00,29.584999084472656,29.584999084472656,29.57439994812012,29.575000762939453,29.575000762939453,9197
2023-03-30 12:28:00-04:00,29.57999992370605,29.57999992370605,29.575000762939453,29.575000762939453,29.575000762939453,4019
2023-03-30 12:29:00-04:00,29.57999992370605,29.57999992370605,29.57010078430176,29.575000762939453,29.575000762939453,3580
2023-03-30 12:30:00-04:00,29.571199417114254,29.57990074157715,29.56999969482422,29.57990074157715,29.57990074157715,7197
2023-03-30 12:31:00-04:00,29.575000762939453,29.584999084472656,29.559999465942383,29.575000762939453,29.575000762939453,23927
2023-03-30 12:32:00-04:00,29.575000762939453,29.57999992370605,29.549999237060547,29.55500030517578,29.55500030517578,22845
2023-03-30 12:33:00-04:00,29.549999237060547,29.56999969482422,29.549999237060547,29.565000534057617,29.565000534057617,20797
2023-03-30 12:34:00-04:00,29.565000534057617,29.56999969482422,29.55500030517578,29.565000534057617,29.565000534057617,25584
2023-03-30 12:35:00-04:00,29.565000534057617,29.57999992370605,29.559999465942383,29.575000762939453,29.575000762939453,10578
2023-03-30 12:36:00-04:00,29.575000762939453,29.57999992370605,29.56999969482422,29.57999992370605,29.57999992370605,8914
2023-03-30 12:37:00-04:00,29.575000762939453,29.575000762939453,29.549999237060547,29.55990028381348,29.55990028381348,18685
2023-03-30 12:38:00-04:00,29.55500030517578,29.565000534057617,29.55500030517578,29.565000534057617,29.565000534057617,21811
2023-03-30 12:39:00-04:00,29.565000534057617,29.565000534057617,29.545000076293945,29.545000076293945,29.545000076293945,13849
2023-03-30 12:40:00-04:00,29.545000076293945,29.549999237060547,29.53499984741211,29.53499984741211,29.53499984741211,6800
2023-03-30 12:41:00-04:00,29.540000915527344,29.55500030517578,29.540000915527344,29.55500030517578,29.55500030517578,27769
2023-03-30 12:42:00-04:00,29.55500030517578,29.57999992370605,29.55500030517578,29.57010078430176,29.57010078430176,16788
2023-03-30 12:43:00-04:00,29.57999992370605,29.57999992370605,29.540000915527344,29.549999237060547,29.549999237060547,40219
2023-03-30 12:44:00-04:00,29.55500030517578,29.56999969482422,29.55500030517578,29.56999969482422,29.56999969482422,9190
2023-03-30 12:45:00-04:00,29.56999969482422,29.575000762939453,29.563600540161133,29.565000534057617,29.565000534057617,18637
2023-03-30 12:46:00-04:00,29.565000534057617,29.565000534057617,29.53459930419922,29.53459930419922,29.53459930419922,15408
2023-03-30 12:47:00-04:00,29.53499984741211,29.53499984741211,29.530000686645508,29.53499984741211,29.53499984741211,4546
2023-03-30 12:48:00-04:00,29.53499984741211,29.53499984741211,29.52199935913086,29.524999618530277,29.524999618530277,6754
2023-03-30 12:49:00-04:00,29.524999618530277,29.540000915527344,29.524999618530277,29.53499984741211,29.53499984741211,10741
2023-03-30 12:50:00-04:00,29.530000686645508,29.540000915527344,29.524999618530277,29.53499984741211,29.53499984741211,18990
2023-03-30 12:51:00-04:00,29.540000915527344,29.545000076293945,29.530500411987305,29.545000076293945,29.545000076293945,19641
2023-03-30 12:52:00-04:00,29.540000915527344,29.56999969482422,29.53499984741211,29.559999465942383,29.559999465942383,38420
2023-03-30 12:53:00-04:00,29.565000534057617,29.575000762939453,29.549999237060547,29.565000534057617,29.565000534057617,21485
2023-03-30 12:54:00-04:00,29.56049919128418,29.565000534057617,29.549999237060547,29.55500030517578,29.55500030517578,10514
2023-03-30 12:55:00-04:00,29.549999237060547,29.565000534057617,29.549999237060547,29.55500030517578,29.55500030517578,8062
2023-03-30 12:56:00-04:00,29.55500030517578,29.55500030517578,29.53499984741211,29.53499984741211,29.53499984741211,6741
2023-03-30 12:57:00-04:00,29.53499984741211,29.53499984741211,29.51000022888184,29.51499938964844,29.51499938964844,10600
2023-03-30 12:58:00-04:00,29.51499938964844,29.520000457763672,29.51499938964844,29.51499938964844,29.51499938964844,7200
2023-03-30 12:59:00-04:00,29.51499938964844,29.520000457763672,29.51000022888184,29.51000022888184,29.51000022888184,11131
2023-03-30 13:00:00-04:00,29.51499938964844,29.520000457763672,29.5049991607666,29.5049991607666,29.5049991607666,16789
2023-03-30 13:01:00-04:00,29.51000022888184,29.524999618530277,29.5049991607666,29.524999618530277,29.524999618530277,12452
2023-03-30 13:02:00-04:00,29.524999618530277,29.530000686645508,29.51499938964844,29.524999618530277,29.524999618530277,14146
2023-03-30 13:03:00-04:00,29.520000457763672,29.549999237060547,29.520000457763672,29.545000076293945,29.545000076293945,18542
2023-03-30 13:04:00-04:00,29.545000076293945,29.56999969482422,29.545000076293945,29.565000534057617,29.565000534057617,31383
2023-03-30 13:05:00-04:00,29.56999969482422,29.575000762939453,29.56999969482422,29.575000762939453,29.575000762939453,5008
2023-03-30 13:06:00-04:00,29.57999992370605,29.584999084472656,29.559999465942383,29.565000534057617,29.565000534057617,21384
2023-03-30 13:07:00-04:00,29.565000534057617,29.56999969482422,29.549999237060547,29.55500030517578,29.55500030517578,13941
2023-03-30 13:08:00-04:00,29.549999237060547,29.549999237060547,29.53499984741211,29.545000076293945,29.545000076293945,14757
2023-03-30 13:09:00-04:00,29.545000076293945,29.549999237060547,29.540000915527344,29.545000076293945,29.545000076293945,1853
2023-03-30 13:10:00-04:00,29.545000076293945,29.549999237060547,29.530000686645508,29.530000686645508,29.530000686645508,15586
2023-03-30 13:11:00-04:00,29.530000686645508,29.540000915527344,29.530000686645508,29.53499984741211,29.53499984741211,4330
2023-03-30 13:12:00-04:00,29.53499984741211,29.559999465942383,29.53499984741211,29.559999465942383,29.559999465942383,10288
2023-03-30 13:13:00-04:00,29.549999237060547,29.56999969482422,29.549999237060547,29.55500030517578,29.55500030517578,13716
2023-03-30 13:14:00-04:00,29.55500030517578,29.559999465942383,29.549999237060547,29.55500030517578,29.55500030517578,5160
2023-03-30 13:15:00-04:00,29.55500030517578,29.559999465942383,29.53499984741211,29.53499984741211,29.53499984741211,11489
2023-03-30 13:16:00-04:00,29.53499984741211,29.540000915527344,29.5,29.51000022888184,29.51000022888184,36544
2023-03-30 13:17:00-04:00,29.51499938964844,29.51499938964844,29.5049991607666,29.5049991607666,29.5049991607666,3569
2023-03-30 13:18:00-04:00,29.5049991607666,29.5049991607666,29.4950008392334,29.4950008392334,29.4950008392334,8122
2023-03-30 13:19:00-04:00,29.489999771118164,29.489999771118164,29.48500061035156,29.48500061035156,29.48500061035156,10543
2023-03-30 13:20:00-04:00,29.489999771118164,29.489999771118164,29.479999542236328,29.48500061035156,29.48500061035156,41709
2023-03-30 13:21:00-04:00,29.48500061035156,29.4950008392334,29.46500015258789,29.46500015258789,29.46500015258789,51172
2023-03-30 13:22:00-04:00,29.46500015258789,29.46500015258789,29.45499992370605,29.46500015258789,29.46500015258789,8097
2023-03-30 13:23:00-04:00,29.46999931335449,29.46999931335449,29.45499992370605,29.46500015258789,29.46500015258789,26162
2023-03-30 13:24:00-04:00,29.46500015258789,29.475000381469727,29.440000534057617,29.44499969482422,29.44499969482422,34174
2023-03-30 13:25:00-04:00,29.440000534057617,29.44499969482422,29.440000534057617,29.44499969482422,29.44499969482422,5709
2023-03-30 13:26:00-04:00,29.44499969482422,29.450000762939453,29.440000534057617,29.44750022888184,29.44750022888184,22413
2023-03-30 13:27:00-04:00,29.44499969482422,29.46999931335449,29.44499969482422,29.46999931335449,29.46999931335449,31876
2023-03-30 13:28:00-04:00,29.46500015258789,29.46500015258789,29.450000762939453,29.45499992370605,29.45499992370605,9137
2023-03-30 13:29:00-04:00,29.45499992370605,29.45499992370605,29.45499992370605,29.45499992370605,29.45499992370605,5685
2023-03-30 13:30:00-04:00,29.45499992370605,29.45499992370605,29.440000534057617,29.44499969482422,29.44499969482422,11182
2023-03-30 13:31:00-04:00,29.440000534057617,29.44499969482422,29.38999938964844,29.434999465942383,29.434999465942383,85218
2023-03-30 13:32:00-04:00,29.43000030517578,29.434999465942383,29.40999984741211,29.40999984741211,29.40999984741211,57381
2023-03-30 13:33:00-04:00,29.40999984741211,29.43000030517578,29.40999984741211,29.415000915527344,29.415000915527344,38996
2023-03-30 13:34:00-04:00,29.415000915527344,29.43000030517578,29.40999984741211,29.415000915527344,29.415000915527344,45318
2023-03-30 13:35:00-04:00,29.415000915527344,29.420000076293945,29.40999984741211,29.41200065612793,29.41200065612793,28821
2023-03-30 13:36:00-04:00,29.40999984741211,29.40999984741211,29.38999938964844,29.395000457763672,29.395000457763672,32978
2023-03-30 13:37:00-04:00,29.38999938964844,29.40999984741211,29.38999938964844,29.405000686645508,29.405000686645508,23566
2023-03-30 13:38:00-04:00,29.405000686645508,29.424999237060547,29.399999618530277,29.420000076293945,29.420000076293945,37061
2023-03-30 13:39:00-04:00,29.415000915527344,29.424999237060547,29.405000686645508,29.405000686645508,29.405000686645508,37599
2023-03-30 13:40:00-04:00,29.405000686645508,29.405000686645508,29.399999618530277,29.405000686645508,29.405000686645508,5880
2023-03-30 13:41:00-04:00,29.405000686645508,29.40999984741211,29.399999618530277,29.40999984741211,29.40999984741211,24622
2023-03-30 13:42:00-04:00,29.40999984741211,29.424999237060547,29.399999618530277,29.415000915527344,29.415000915527344,46302
2023-03-30 13:43:00-04:00,29.420000076293945,29.440000534057617,29.415000915527344,29.434999465942383,29.434999465942383,52900
2023-03-30 13:44:00-04:00,29.434999465942383,29.440000534057617,29.420000076293945,29.43090057373047,29.43090057373047,31924
2023-03-30 13:45:00-04:00,29.434999465942383,29.450000762939453,29.43000030517578,29.434999465942383,29.434999465942383,29384
2023-03-30 13:46:00-04:00,29.43000030517578,29.450000762939453,29.420000076293945,29.450000762939453,29.450000762939453,41899
2023-03-30 13:47:00-04:00,29.450000762939453,29.459999084472656,29.44499969482422,29.450000762939453,29.450000762939453,15003
2023-03-30 13:48:00-04:00,29.450000762939453,29.450000762939453,29.43000030517578,29.434999465942383,29.434999465942383,6081
2023-03-30 13:49:00-04:00,29.434999465942383,29.46999931335449,29.43000030517578,29.46999931335449,29.46999931335449,33273
2023-03-30 13:50:00-04:00,29.46500015258789,29.479999542236328,29.459999084472656,29.475000381469727,29.475000381469727,25039
2023-03-30 13:51:00-04:00,29.46999931335449,29.478200912475582,29.459999084472656,29.46500015258789,29.46500015258789,10126
2023-03-30 13:52:00-04:00,29.459999084472656,29.475000381469727,29.459999084472656,29.475000381469727,29.475000381469727,13410
2023-03-30 13:53:00-04:00,29.46999931335449,29.479999542236328,29.46500015258789,29.475000381469727,29.475000381469727,11293
2023-03-30 13:54:00-04:00,29.475000381469727,29.489999771118164,29.475000381469727,29.48500061035156,29.48500061035156,30044
2023-03-30 13:55:00-04:00,29.48500061035156,29.489999771118164,29.475000381469727,29.48500061035156,29.48500061035156,9541
2023-03-30 13:56:00-04:00,29.489999771118164,29.5,29.48500061035156,29.4950008392334,29.4950008392334,11762
2023-03-30 13:57:00-04:00,29.5,29.5,29.479999542236328,29.48500061035156,29.48500061035156,17738
2023-03-30 13:58:00-04:00,29.48500061035156,29.51499938964844,29.479999542236328,29.51499938964844,29.51499938964844,17462
2023-03-30 13:59:00-04:00,29.51499938964844,29.524999618530277,29.51000022888184,29.520000457763672,29.520000457763672,18727
2023-03-30 14:00:00-04:00,29.51499938964844,29.520000457763672,29.5049991607666,29.51499938964844,29.51499938964844,12030
2023-03-30 14:01:00-04:00,29.51499938964844,29.520000457763672,29.51000022888184,29.520000457763672,29.520000457763672,6875
2023-03-30 14:02:00-04:00,29.51499938964844,29.520000457763672,29.4950008392334,29.5049991607666,29.5049991607666,78967
2023-03-30 14:03:00-04:00,29.5049991607666,29.5049991607666,29.489999771118164,29.4950008392334,29.4950008392334,11261
2023-03-30 14:04:00-04:00,29.4950008392334,29.5,29.48500061035156,29.488100051879883,29.488100051879883,32495
2023-03-30 14:05:00-04:00,29.48500061035156,29.489999771118164,29.479999542236328,29.479999542236328,29.479999542236328,5901
2023-03-30 14:06:00-04:00,29.48500061035156,29.489999771118164,29.479999542236328,29.48500061035156,29.48500061035156,13616
2023-03-30 14:07:00-04:00,29.48500061035156,29.489999771118164,29.479999542236328,29.48500061035156,29.48500061035156,12922
2023-03-30 14:08:00-04:00,29.489999771118164,29.489999771118164,29.479999542236328,29.48500061035156,29.48500061035156,27479
2023-03-30 14:09:00-04:00,29.48500061035156,29.48500061035156,29.459999084472656,29.459999084472656,29.459999084472656,27503
2023-03-30 14:10:00-04:00,29.46500015258789,29.46999931335449,29.459999084472656,29.46500015258789,29.46500015258789,39920
2023-03-30 14:11:00-04:00,29.46500015258789,29.48500061035156,29.46500015258789,29.479999542236328,29.479999542236328,45410
2023-03-30 14:12:00-04:00,29.479999542236328,29.51000022888184,29.475000381469727,29.51000022888184,29.51000022888184,44929
2023-03-30 14:13:00-04:00,29.51000022888184,29.51499938964844,29.5,29.51499938964844,29.51499938964844,18663
2023-03-30 14:14:00-04:00,29.51499938964844,29.51499938964844,29.5049991607666,29.51499938964844,29.51499938964844,11831
2023-03-30 14:15:00-04:00,29.51499938964844,29.520000457763672,29.5,29.51499938964844,29.51499938964844,17769
2023-03-30 14:16:00-04:00,29.51499938964844,29.530000686645508,29.51499938964844,29.524999618530277,29.524999618530277,12755
2023-03-30 14:17:00-04:00,29.524999618530277,29.524999618530277,29.520000457763672,29.524999618530277,29.524999618530277,3595
2023-03-30 14:18:00-04:00,29.524999618530277,29.540000915527344,29.524999618530277,29.53499984741211,29.53499984741211,15998
2023-03-30 14:19:00-04:00,29.53499984741211,29.540000915527344,29.530000686645508,29.537500381469727,29.537500381469727,15942
2023-03-30 14:20:00-04:00,29.53499984741211,29.549999237060547,29.520000457763672,29.540000915527344,29.540000915527344,29780
2023-03-30 14:21:00-04:00,29.545000076293945,29.559999465942383,29.545000076293945,29.55500030517578,29.55500030517578,8178
2023-03-30 14:22:00-04:00,29.55500030517578,29.559999465942383,29.549999237060547,29.55500030517578,29.55500030517578,24206
2023-03-30 14:23:00-04:00,29.549999237060547,29.55500030517578,29.549999237060547,29.55500030517578,29.55500030517578,4872
2023-03-30 14:24:00-04:00,29.55500030517578,29.56999969482422,29.55500030517578,29.565000534057617,29.565000534057617,20145
2023-03-30 14:25:00-04:00,29.565000534057617,29.565000534057617,29.559999465942383,29.565000534057617,29.565000534057617,8360
2023-03-30 14:26:00-04:00,29.565000534057617,29.56999969482422,29.55500030517578,29.565000534057617,29.565000534057617,19733
2023-03-30 14:27:00-04:00,29.565000534057617,29.57999992370605,29.559999465942383,29.575000762939453,29.575000762939453,11124
2023-03-30 14:28:00-04:00,29.575000762939453,29.59000015258789,29.559999465942383,29.575000762939453,29.575000762939453,43148
2023-03-30 14:29:00-04:00,29.575000762939453,29.57999992370605,29.559999465942383,29.565000534057617,29.565000534057617,20924
2023-03-30 14:30:00-04:00,29.565000534057617,29.575000762939453,29.559999465942383,29.565000534057617,29.565000534057617,21726
2023-03-30 14:31:00-04:00,29.56999969482422,29.57999992370605,29.565000534057617,29.575000762939453,29.575000762939453,12108
2023-03-30 14:32:00-04:00,29.56999969482422,29.57999992370605,29.56999969482422,29.57999992370605,29.57999992370605,37911
2023-03-30 14:33:00-04:00,29.57999992370605,29.57999992370605,29.56999969482422,29.575000762939453,29.575000762939453,8752
2023-03-30 14:34:00-04:00,29.575000762939453,29.600000381469727,29.56999969482422,29.59499931335449,29.59499931335449,40886
2023-03-30 14:35:00-04:00,29.600000381469727,29.600000381469727,29.59000015258789,29.59499931335449,29.59499931335449,8283
2023-03-30 14:36:00-04:00,29.600000381469727,29.61000061035156,29.59000015258789,29.61000061035156,29.61000061035156,38979
2023-03-30 14:37:00-04:00,29.604999542236328,29.61000061035156,29.59499931335449,29.604999542236328,29.604999542236328,16330
2023-03-30 14:38:00-04:00,29.604999542236328,29.604999542236328,29.53499984741211,29.549999237060547,29.549999237060547,36968
2023-03-30 14:39:00-04:00,29.545000076293945,29.549999237060547,29.54010009765625,29.545000076293945,29.545000076293945,3346
2023-03-30 14:40:00-04:00,29.549999237060547,29.559999465942383,29.545000076293945,29.55500030517578,29.55500030517578,28796
2023-03-30 14:41:00-04:00,29.549999237060547,29.559999465942383,29.549999237060547,29.559999465942383,29.559999465942383,9858
2023-03-30 14:42:00-04:00,29.559999465942383,29.575000762939453,29.549999237060547,29.549999237060547,29.549999237060547,26215
2023-03-30 14:43:00-04:00,29.55500030517578,29.559999465942383,29.549999237060547,29.55500030517578,29.55500030517578,3729
2023-03-30 14:44:00-04:00,29.55500030517578,29.559999465942383,29.545000076293945,29.545000076293945,29.545000076293945,11822
2023-03-30 14:45:00-04:00,29.545000076293945,29.549999237060547,29.541400909423828,29.545000076293945,29.545000076293945,6930
2023-03-30 14:46:00-04:00,29.549999237060547,29.549999237060547,29.530000686645508,29.53499984741211,29.53499984741211,13679
2023-03-30 14:47:00-04:00,29.53499984741211,29.53499984741211,29.524999618530277,29.53009986877441,29.53009986877441,21010
2023-03-30 14:48:00-04:00,29.530000686645508,29.549999237060547,29.530000686645508,29.545000076293945,29.545000076293945,16656
2023-03-30 14:49:00-04:00,29.549999237060547,29.55500030517578,29.545000076293945,29.55500030517578,29.55500030517578,12202
2023-03-30 14:50:00-04:00,29.549999237060547,29.549999237060547,29.520000457763672,29.524999618530277,29.524999618530277,29682
2023-03-30 14:51:00-04:00,29.520000457763672,29.530000686645508,29.51000022888184,29.524999618530277,29.524999618530277,34411
2023-03-30 14:52:00-04:00,29.524999618530277,29.540000915527344,29.520000457763672,29.53499984741211,29.53499984741211,14566
2023-03-30 14:53:00-04:00,29.53499984741211,29.53499984741211,29.530000686645508,29.53499984741211,29.53499984741211,3005
2023-03-30 14:54:00-04:00,29.53499984741211,29.540000915527344,29.524999618530277,29.524999618530277,29.524999618530277,14065
2023-03-30 14:55:00-04:00,29.520000457763672,29.545000076293945,29.520000457763672,29.545000076293945,29.545000076293945,19661
2023-03-30 14:56:00-04:00,29.545000076293945,29.545000076293945,29.53499984741211,29.53499984741211,29.53499984741211,10132
2023-03-30 14:57:00-04:00,29.53499984741211,29.549999237060547,29.53499984741211,29.545000076293945,29.545000076293945,13476
2023-03-30 14:58:00-04:00,29.545000076293945,29.559999465942383,29.540000915527344,29.55500030517578,29.55500030517578,29466
2023-03-30 14:59:00-04:00,29.559999465942383,29.56999969482422,29.549999237060547,29.565000534057617,29.565000534057617,14169
2023-03-30 15:00:00-04:00,29.56999969482422,29.56999969482422,29.549999237060547,29.549999237060547,29.549999237060547,13302
2023-03-30 15:01:00-04:00,29.55500030517578,29.565000534057617,29.55500030517578,29.565000534057617,29.565000534057617,10805
2023-03-30 15:02:00-04:00,29.56999969482422,29.56999969482422,29.565000534057617,29.565000534057617,29.565000534057617,6432
2023-03-30 15:03:00-04:00,29.56130027770996,29.56999969482422,29.549999237060547,29.549999237060547,29.549999237060547,26424
2023-03-30 15:04:00-04:00,29.549999237060547,29.559999465942383,29.549999237060547,29.55500030517578,29.55500030517578,15360
2023-03-30 15:05:00-04:00,29.55500030517578,29.559999465942383,29.549999237060547,29.549999237060547,29.549999237060547,9540
2023-03-30 15:06:00-04:00,29.55500030517578,29.56999969482422,29.549999237060547,29.549999237060547,29.549999237060547,17789
2023-03-30 15:07:00-04:00,29.55500030517578,29.56999969482422,29.55500030517578,29.565000534057617,29.565000534057617,12454
2023-03-30 15:08:00-04:00,29.559999465942383,29.565000534057617,29.559999465942383,29.565000534057617,29.565000534057617,7093
2023-03-30 15:09:00-04:00,29.565000534057617,29.565000534057617,29.520000457763672,29.53499984741211,29.53499984741211,39337
2023-03-30 15:10:00-04:00,29.53499984741211,29.53499984741211,29.51499938964844,29.51499938964844,29.51499938964844,15561
2023-03-30 15:11:00-04:00,29.51499938964844,29.520000457763672,29.51000022888184,29.51000022888184,29.51000022888184,4333
2023-03-30 15:12:00-04:00,29.51499938964844,29.51499938964844,29.5,29.5,29.5,12923
2023-03-30 15:13:00-04:00,29.5049991607666,29.520000457763672,29.489999771118164,29.51499938964844,29.51499938964844,29655
2023-03-30 15:14:00-04:00,29.51499938964844,29.520000457763672,29.51000022888184,29.51499938964844,29.51499938964844,19792
2023-03-30 15:15:00-04:00,29.51499938964844,29.51499938964844,29.5,29.5049991607666,29.5049991607666,24173
2023-03-30 15:16:00-04:00,29.5049991607666,29.520000457763672,29.5049991607666,29.51499938964844,29.51499938964844,8115
2023-03-30 15:17:00-04:00,29.51499938964844,29.530000686645508,29.51499938964844,29.530000686645508,29.530000686645508,10188
2023-03-30 15:18:00-04:00,29.530000686645508,29.530000686645508,29.51000022888184,29.51000022888184,29.51000022888184,22976
2023-03-30 15:19:00-04:00,29.51499938964844,29.524999618530277,29.51499938964844,29.524999618530277,29.524999618530277,18451
2023-03-30 15:20:00-04:00,29.524999618530277,29.540000915527344,29.520000457763672,29.530000686645508,29.530000686645508,23001
2023-03-30 15:21:00-04:00,29.524999618530277,29.540000915527344,29.520000457763672,29.53499984741211,29.53499984741211,28482
2023-03-30 15:22:00-04:00,29.53499984741211,29.53499984741211,29.524999618530277,29.524999618530277,29.524999618530277,12525
2023-03-30 15:23:00-04:00,29.524999618530277,29.530000686645508,29.51499938964844,29.524999618530277,29.524999618530277,28697
2023-03-30 15:24:00-04:00,29.520000457763672,29.549999237060547,29.520000457763672,29.53499984741211,29.53499984741211,26848
2023-03-30 15:25:00-04:00,29.540000915527344,29.549999237060547,29.530000686645508,29.53499984741211,29.53499984741211,47327
2023-03-30 15:26:00-04:00,29.53499984741211,29.549999237060547,29.530000686645508,29.545000076293945,29.545000076293945,11850
2023-03-30 15:27:00-04:00,29.545000076293945,29.549999237060547,29.540000915527344,29.545000076293945,29.545000076293945,14645
2023-03-30 15:28:00-04:00,29.545000076293945,29.545000076293945,29.540000915527344,29.540000915527344,29.540000915527344,4540
2023-03-30 15:29:00-04:00,29.545000076293945,29.559999465942383,29.540000915527344,29.540000915527344,29.540000915527344,32612
2023-03-30 15:30:00-04:00,29.540000915527344,29.545000076293945,29.53499984741211,29.53499984741211,29.53499984741211,15437
2023-03-30 15:31:00-04:00,29.53499984741211,29.545000076293945,29.524999618530277,29.53499984741211,29.53499984741211,36068
2023-03-30 15:32:00-04:00,29.530000686645508,29.559999465942383,29.530000686645508,29.55500030517578,29.55500030517578,32191
2023-03-30 15:33:00-04:00,29.55500030517578,29.559999465942383,29.549999237060547,29.55500030517578,29.55500030517578,20328
2023-03-30 15:34:00-04:00,29.55500030517578,29.55500030517578,29.530000686645508,29.53499984741211,29.53499984741211,40153
2023-03-30 15:35:00-04:00,29.53499984741211,29.549999237060547,29.53499984741211,29.545000076293945,29.545000076293945,34039
2023-03-30 15:36:00-04:00,29.549999237060547,29.549999237060547,29.53499984741211,29.545000076293945,29.545000076293945,23493
2023-03-30 15:37:00-04:00,29.549999237060547,29.559999465942383,29.545000076293945,29.55500030517578,29.55500030517578,24905
2023-03-30 15:38:00-04:00,29.55500030517578,29.559999465942383,29.545000076293945,29.55500030517578,29.55500030517578,53704
2023-03-30 15:39:00-04:00,29.55500030517578,29.56999969482422,29.55500030517578,29.565000534057617,29.565000534057617,25857
2023-03-30 15:40:00-04:00,29.559999465942383,29.559999465942383,29.540000915527344,29.545000076293945,29.545000076293945,29989
2023-03-30 15:41:00-04:00,29.540000915527344,29.549999237060547,29.540000915527344,29.545000076293945,29.545000076293945,18095
2023-03-30 15:42:00-04:00,29.545000076293945,29.559999465942383,29.540000915527344,29.545000076293945,29.545000076293945,43788
2023-03-30 15:43:00-04:00,29.540000915527344,29.545000076293945,29.540000915527344,29.545000076293945,29.545000076293945,47058
2023-03-30 15:44:00-04:00,29.545000076293945,29.549999237060547,29.540000915527344,29.545000076293945,29.545000076293945,18225
2023-03-30 15:45:00-04:00,29.549999237060547,29.559999465942383,29.530000686645508,29.53499984741211,29.53499984741211,65081
2023-03-30 15:46:00-04:00,29.53499984741211,29.540000915527344,29.524999618530277,29.530000686645508,29.530000686645508,23414
2023-03-30 15:47:00-04:00,29.530000686645508,29.549999237060547,29.520099639892575,29.53499984741211,29.53499984741211,45367
2023-03-30 15:48:00-04:00,29.530000686645508,29.53499984741211,29.51000022888184,29.51499938964844,29.51499938964844,36357
2023-03-30 15:49:00-04:00,29.51000022888184,29.524999618530277,29.5,29.5049991607666,29.5049991607666,63079
2023-03-30 15:50:00-04:00,29.51000022888184,29.530000686645508,29.51000022888184,29.530000686645508,29.530000686645508,95863
2023-03-30 15:51:00-04:00,29.524999618530277,29.540000915527344,29.5221004486084,29.524999618530277,29.524999618530277,64437
2023-03-30 15:52:00-04:00,29.524999618530277,29.524999618530277,29.5,29.51499938964844,29.51499938964844,70514
2023-03-30 15:53:00-04:00,29.520000457763672,29.520000457763672,29.489999771118164,29.5049991607666,29.5049991607666,59676
2023-03-30 15:54:00-04:00,29.5049991607666,29.51000022888184,29.479999542236328,29.48500061035156,29.48500061035156,99934
2023-03-30 15:55:00-04:00,29.479999542236328,29.5,29.46999931335449,29.48500061035156,29.48500061035156,141560
2023-03-30 15:56:00-04:00,29.48500061035156,29.5,29.46999931335449,29.48500061035156,29.48500061035156,98717
2023-03-30 15:57:00-04:00,29.48500061035156,29.51000022888184,29.479999542236328,29.51000022888184,29.51000022888184,153199
2023-03-30 15:58:00-04:00,29.5049991607666,29.51000022888184,29.5,29.5049991607666,29.5049991607666,76329
2023-03-30 15:59:00-04:00,29.5,29.51000022888184,29.48500061035156,29.5,29.5,160013
2023-03-31 09:30:00-04:00,29.604999542236328,29.61000061035156,29.520000457763672,29.56999969482422,29.56999969482422,124829
2023-03-31 09:31:00-04:00,29.57999992370605,29.59000015258789,29.5,29.519399642944336,29.519399642944336,30212
2023-03-31 09:32:00-04:00,29.51000022888184,29.540000915527344,29.489999771118164,29.540000915527344,29.540000915527344,64718
2023-03-31 09:33:00-04:00,29.55500030517578,29.55500030517578,29.530000686645508,29.530000686645508,29.530000686645508,11090
2023-03-31 09:34:00-04:00,29.530000686645508,29.540000915527344,29.520000457763672,29.524999618530277,29.524999618530277,5795
2023-03-31 09:35:00-04:00,29.524999618530277,29.524999618530277,29.479999542236328,29.48500061035156,29.48500061035156,56554
2023-03-31 09:36:00-04:00,29.489999771118164,29.5,29.46500015258789,29.475000381469727,29.475000381469727,41396
2023-03-31 09:37:00-04:00,29.475000381469727,29.565000534057617,29.459999084472656,29.559999465942383,29.559999465942383,34357
2023-03-31 09:38:00-04:00,29.56999969482422,29.57999992370605,29.549999237060547,29.549999237060547,29.549999237060547,16540
2023-03-31 09:39:00-04:00,29.549999237060547,29.56999969482422,29.549999237060547,29.56999969482422,29.56999969482422,18059
2023-03-31 09:40:00-04:00,29.56999969482422,29.575000762939453,29.549999237060547,29.559999465942383,29.559999465942383,9858
2023-03-31 09:41:00-04:00,29.56999969482422,29.584999084472656,29.559999465942383,29.57999992370605,29.57999992370605,10421
2023-03-31 09:42:00-04:00,29.57999992370605,29.584999084472656,29.559999465942383,29.565000534057617,29.565000534057617,22188
2023-03-31 09:43:00-04:00,29.565000534057617,29.56999969482422,29.55500030517578,29.559999465942383,29.559999465942383,10672
2023-03-31 09:44:00-04:00,29.559999465942383,29.575000762939453,29.51499938964844,29.520000457763672,29.520000457763672,11600
2023-03-31 09:45:00-04:00,29.540000915527344,29.558799743652344,29.524999618530277,29.524999618530277,29.524999618530277,9455
2023-03-31 09:46:00-04:00,29.524999618530277,29.565000534057617,29.524999618530277,29.565000534057617,29.565000534057617,11980
2023-03-31 09:47:00-04:00,29.56999969482422,29.57999992370605,29.51000022888184,29.524999618530277,29.524999618530277,26751
2023-03-31 09:48:00-04:00,29.530000686645508,29.540000915527344,29.51000022888184,29.51499938964844,29.51499938964844,49419
2023-03-31 09:49:00-04:00,29.520000457763672,29.520000457763672,29.459999084472656,29.46500015258789,29.46500015258789,47911
2023-03-31 09:50:00-04:00,29.46500015258789,29.51000022888184,29.46500015258789,29.5,29.5,24203
2023-03-31 09:51:00-04:00,29.489999771118164,29.5,29.46999931335449,29.479999542236328,29.479999542236328,27573
2023-03-31 09:52:00-04:00,29.479999542236328,29.489999771118164,29.459999084472656,29.46500015258789,29.46500015258789,17746
2023-03-31 09:53:00-04:00,29.46999931335449,29.5049991607666,29.46999931335449,29.46999931335449,29.46999931335449,25882
2023-03-31 09:54:00-04:00,29.47450065612793,29.5,29.46999931335449,29.479999542236328,29.479999542236328,24029
2023-03-31 09:55:00-04:00,29.48500061035156,29.540000915527344,29.479999542236328,29.540000915527344,29.540000915527344,13797
2023-03-31 09:56:00-04:00,29.53499984741211,29.559999465942383,29.530000686645508,29.540000915527344,29.540000915527344,19671
2023-03-31 09:57:00-04:00,29.549999237060547,29.549999237060547,29.530000686645508,29.549999237060547,29.549999237060547,11083
2023-03-31 09:58:00-04:00,29.549999237060547,29.559999465942383,29.540000915527344,29.545000076293945,29.545000076293945,11194
2023-03-31 09:59:00-04:00,29.545000076293945,29.565000534057617,29.545000076293945,29.559999465942383,29.559999465942383,9029
2023-03-31 10:00:00-04:00,29.56999969482422,29.71999931335449,29.56999969482422,29.584999084472656,29.584999084472656,43685
2023-03-31 10:01:00-04:00,29.584999084472656,29.61000061035156,29.56999969482422,29.575000762939453,29.575000762939453,29977
2023-03-31 10:02:00-04:00,29.57999992370605,29.600000381469727,29.56999969482422,29.59499931335449,29.59499931335449,15685
2023-03-31 10:03:00-04:00,29.600000381469727,29.61000061035156,29.584999084472656,29.600000381469727,29.600000381469727,24384
2023-03-31 10:04:00-04:00,29.59000015258789,29.6299991607666,29.59000015258789,29.6200008392334,29.6200008392334,17590
2023-03-31 10:05:00-04:00,29.6299991607666,29.6299991607666,29.600000381469727,29.600000381469727,29.600000381469727,11850
2023-03-31 10:06:00-04:00,29.600000381469727,29.6200008392334,29.600000381469727,29.6200008392334,29.6200008392334,6902
2023-03-31 10:07:00-04:00,29.6200008392334,29.6200008392334,29.604999542236328,29.614999771118164,29.614999771118164,8483
2023-03-31 10:08:00-04:00,29.6200008392334,29.63500022888184,29.6200008392334,29.6299991607666,29.6299991607666,13391
2023-03-31 10:09:00-04:00,29.6299991607666,29.63999938964844,29.61000061035156,29.61000061035156,29.61000061035156,19917
2023-03-31 10:10:00-04:00,29.604999542236328,29.6200008392334,29.59499931335449,29.600000381469727,29.600000381469727,21969
2023-03-31 10:11:00-04:00,29.61000061035156,29.6299991607666,29.604999542236328,29.6299991607666,29.6299991607666,9582
2023-03-31 10:12:00-04:00,29.625,29.6299991607666,29.614999771118164,29.614999771118164,29.614999771118164,6132
2023-03-31 10:13:00-04:00,29.6200008392334,29.6200008392334,29.57999992370605,29.57999992370605,29.57999992370605,15831
2023-03-31 10:14:00-04:00,29.57999992370605,29.584999084472656,29.559999465942383,29.56999969482422,29.56999969482422,17642
2023-03-31 10:15:00-04:00,29.56999969482422,29.59499931335449,29.56999969482422,29.584999084472656,29.584999084472656,28603
2023-03-31 10:16:00-04:00,29.59000015258789,29.59000015258789,29.56999969482422,29.575000762939453,29.575000762939453,23134
2023-03-31 10:17:00-04:00,29.575000762939453,29.575000762939453,29.524999618530277,29.524999618530277,29.524999618530277,56149
2023-03-31 10:18:00-04:00,29.530000686645508,29.559999465942383,29.530000686645508,29.55500030517578,29.55500030517578,30353
2023-03-31 10:19:00-04:00,29.559999465942383,29.56999969482422,29.549999237060547,29.559999465942383,29.559999465942383,20333
2023-03-31 10:20:00-04:00,29.56999969482422,29.600000381469727,29.56999969482422,29.59499931335449,29.59499931335449,10335
2023-03-31 10:21:00-04:00,29.59499931335449,29.600000381469727,29.56999969482422,29.575000762939453,29.575000762939453,8910
2023-03-31 10:22:00-04:00,29.575000762939453,29.584999084472656,29.565000534057617,29.584999084472656,29.584999084472656,7383
2023-03-31 10:23:00-04:00,29.59000015258789,29.600000381469727,29.584999084472656,29.59000015258789,29.59000015258789,12949
2023-03-31 10:24:00-04:00,29.584999084472656,29.584999084472656,29.520000457763672,29.520000457763672,29.520000457763672,24198
2023-03-31 10:25:00-04:00,29.51499938964844,29.530000686645508,29.4950008392334,29.5,29.5,55212
2023-03-31 10:26:00-04:00,29.5049991607666,29.520000457763672,29.492000579833984,29.5,29.5,56876
2023-03-31 10:27:00-04:00,29.499099731445312,29.565000534057617,29.4950008392334,29.559999465942383,29.559999465942383,32918
2023-03-31 10:28:00-04:00,29.559999465942383,29.600000381469727,29.559999465942383,29.57999992370605,29.57999992370605,31407
2023-03-31 10:29:00-04:00,29.57999992370605,29.59000015258789,29.549999237060547,29.549999237060547,29.549999237060547,11218
2023-03-31 10:30:00-04:00,29.559999465942383,29.59000015258789,29.559999465942383,29.57999992370605,29.57999992370605,14620
2023-03-31 10:31:00-04:00,29.57999992370605,29.604999542236328,29.57999992370605,29.598800659179688,29.598800659179688,20838
2023-03-31 10:32:00-04:00,29.59499931335449,29.61000061035156,29.59499931335449,29.61000061035156,29.61000061035156,12723
2023-03-31 10:33:00-04:00,29.614999771118164,29.614999771118164,29.59000015258789,29.61000061035156,29.61000061035156,8938
2023-03-31 10:34:00-04:00,29.61000061035156,29.614999771118164,29.600000381469727,29.61000061035156,29.61000061035156,20726
2023-03-31 10:35:00-04:00,29.61000061035156,29.6299991607666,29.600000381469727,29.614999771118164,29.614999771118164,17042
2023-03-31 10:36:00-04:00,29.6200008392334,29.625,29.604999542236328,29.61000061035156,29.61000061035156,14822
2023-03-31 10:37:00-04:00,29.61000061035156,29.6200008392334,29.604999542236328,29.61000061035156,29.61000061035156,6781
2023-03-31 10:38:00-04:00,29.61000061035156,29.614999771118164,29.59000015258789,29.614999771118164,29.614999771118164,31122
2023-03-31 10:39:00-04:00,29.6200008392334,29.6299991607666,29.61000061035156,29.6200008392334,29.6200008392334,20820
2023-03-31 10:40:00-04:00,29.6200008392334,29.649999618530277,29.614999771118164,29.645000457763672,29.645000457763672,15130
2023-03-31 10:41:00-04:00,29.649999618530277,29.65999984741211,29.64229965209961,29.655000686645508,29.655000686645508,18618
2023-03-31 10:42:00-04:00,29.655000686645508,29.674999237060547,29.63999938964844,29.649999618530277,29.649999618530277,70400
2023-03-31 10:43:00-04:00,29.645000457763672,29.670000076293945,29.645000457763672,29.665000915527344,29.665000915527344,4913
2023-03-31 10:44:00-04:00,29.670000076293945,29.670000076293945,29.665000915527344,29.665000915527344,29.665000915527344,11424
2023-03-31 10:45:00-04:00,29.670000076293945,29.670000076293945,29.655000686645508,29.665000915527344,29.665000915527344,21040
2023-03-31 10:46:00-04:00,29.665000915527344,29.665000915527344,29.63999938964844,29.655000686645508,29.655000686645508,36476
2023-03-31 10:47:00-04:00,29.655000686645508,29.65999984741211,29.63999938964844,29.63999938964844,29.63999938964844,15462
2023-03-31 10:48:00-04:00,29.63999938964844,29.68000030517578,29.63999938964844,29.674999237060547,29.674999237060547,23202
2023-03-31 10:49:00-04:00,29.674999237060547,29.690000534057617,29.674999237060547,29.690000534057617,29.690000534057617,12669
2023-03-31 10:50:00-04:00,29.690000534057617,29.700000762939453,29.674999237060547,29.68000030517578,29.68000030517578,21283
2023-03-31 10:51:00-04:00,29.684999465942383,29.700000762939453,29.68000030517578,29.700000762939453,29.700000762939453,7146
2023-03-31 10:52:00-04:00,29.700000762939453,29.700000762939453,29.670000076293945,29.674999237060547,29.674999237060547,18665
2023-03-31 10:53:00-04:00,29.674999237060547,29.68000030517578,29.674999237060547,29.674999237060547,29.674999237060547,3590
2023-03-31 10:54:00-04:00,29.674999237060547,29.700000762939453,29.674999237060547,29.700000762939453,29.700000762939453,10982
2023-03-31 10:55:00-04:00,29.69499969482422,29.700000762939453,29.690000534057617,29.700000762939453,29.700000762939453,6733
2023-03-31 10:56:00-04:00,29.700000762939453,29.709999084472656,29.700000762939453,29.709999084472656,29.709999084472656,8298
2023-03-31 10:57:00-04:00,29.70499992370605,29.739999771118164,29.70499992370605,29.729999542236328,29.729999542236328,28433
2023-03-31 10:58:00-04:00,29.739999771118164,29.75,29.73500061035156,29.75,29.75,7666
2023-03-31 10:59:00-04:00,29.75,29.7549991607666,29.7450008392334,29.75,29.75,17259
2023-03-31 11:00:00-04:00,29.7450008392334,29.75,29.739999771118164,29.7450008392334,29.7450008392334,10252
2023-03-31 11:01:00-04:00,29.75,29.770000457763672,29.75,29.770000457763672,29.770000457763672,7515
2023-03-31 11:02:00-04:00,29.770000457763672,29.770000457763672,29.7549991607666,29.7549991607666,29.7549991607666,14366
2023-03-31 11:03:00-04:00,29.7549991607666,29.76499938964844,29.739999771118164,29.76000022888184,29.76000022888184,25636
2023-03-31 11:04:00-04:00,29.75,29.7549991607666,29.75,29.75,29.75,3021
2023-03-31 11:05:00-04:00,29.7549991607666,29.770000457763672,29.75,29.76499938964844,29.76499938964844,9007
2023-03-31 11:06:00-04:00,29.76000022888184,29.76499938964844,29.76000022888184,29.76499938964844,29.76499938964844,13290
2023-03-31 11:07:00-04:00,29.760099411010746,29.790000915527344,29.760099411010746,29.790000915527344,29.790000915527344,21165
2023-03-31 11:08:00-04:00,29.790000915527344,29.799999237060547,29.774999618530277,29.774999618530277,29.774999618530277,18137
2023-03-31 11:09:00-04:00,29.774999618530277,29.795000076293945,29.774999618530277,29.78499984741211,29.78499984741211,13195
2023-03-31 11:10:00-04:00,29.780000686645508,29.795000076293945,29.780000686645508,29.795000076293945,29.795000076293945,7136
2023-03-31 11:11:00-04:00,29.790000915527344,29.809999465942383,29.790000915527344,29.790000915527344,29.790000915527344,11334
2023-03-31 11:12:00-04:00,29.790000915527344,29.799999237060547,29.790000915527344,29.795000076293945,29.795000076293945,3493
2023-03-31 11:13:00-04:00,29.799999237060547,29.80500030517578,29.790000915527344,29.795000076293945,29.795000076293945,18656
2023-03-31 11:14:00-04:00,29.790000915527344,29.799999237060547,29.78499984741211,29.795000076293945,29.795000076293945,127480
2023-03-31 11:15:00-04:00,29.790000915527344,29.795000076293945,29.780000686645508,29.780000686645508,29.780000686645508,11048
2023-03-31 11:16:00-04:00,29.780000686645508,29.81999969482422,29.780000686645508,29.815000534057617,29.815000534057617,27636
2023-03-31 11:17:00-04:00,29.81999969482422,29.834999084472656,29.815000534057617,29.834999084472656,29.834999084472656,18313
2023-03-31 11:18:00-04:00,29.84000015258789,29.84499931335449,29.81999969482422,29.81999969482422,29.81999969482422,21734
2023-03-31 11:19:00-04:00,29.825000762939453,29.82999992370605,29.825000762939453,29.82869911193848,29.82869911193848,878
2023-03-31 11:20:00-04:00,29.81999969482422,29.84000015258789,29.81999969482422,29.84000015258789,29.84000015258789,8775
2023-03-31 11:21:00-04:00,29.82999992370605,29.86000061035156,29.82999992370605,29.850000381469727,29.850000381469727,6006
2023-03-31 11:22:00-04:00,29.854999542236328,29.8799991607666,29.854999542236328,29.875,29.875,17309
2023-03-31 11:23:00-04:00,29.875,29.875,29.86000061035156,29.864999771118164,29.864999771118164,13748
2023-03-31 11:24:00-04:00,29.864999771118164,29.8700008392334,29.86000061035156,29.864999771118164,29.864999771118164,4520
2023-03-31 11:25:00-04:00,29.864999771118164,29.875,29.860300064086918,29.864999771118164,29.864999771118164,14042
2023-03-31 11:26:00-04:00,29.8700008392334,29.8700008392334,29.86000061035156,29.8700008392334,29.8700008392334,4508
2023-03-31 11:27:00-04:00,29.8700008392334,29.8700008392334,29.86000061035156,29.8700008392334,29.8700008392334,7052
2023-03-31 11:28:00-04:00,29.8700008392334,29.875,29.864999771118164,29.864999771118164,29.864999771118164,16582
2023-03-31 11:29:00-04:00,29.864999771118164,29.8700008392334,29.854999542236328,29.864999771118164,29.864999771118164,22787
2023-03-31 11:30:00-04:00,29.864999771118164,29.8700008392334,29.864999771118164,29.864999771118164,29.864999771118164,2799
2023-03-31 11:31:00-04:00,29.86000061035156,29.868900299072266,29.86000061035156,29.868900299072266,29.868900299072266,16786
2023-03-31 11:32:00-04:00,29.864999771118164,29.8700008392334,29.86000061035156,29.8700008392334,29.8700008392334,3200
2023-03-31 11:33:00-04:00,29.864999771118164,29.905000686645508,29.864999771118164,29.899999618530277,29.899999618530277,22353
2023-03-31 11:34:00-04:00,29.895000457763672,29.899999618530277,29.88999938964844,29.895000457763672,29.895000457763672,26199
2023-03-31 11:35:00-04:00,29.899999618530277,29.899999618530277,29.8700008392334,29.88500022888184,29.88500022888184,35288
2023-03-31 11:36:00-04:00,29.88500022888184,29.895000457763672,29.875,29.892099380493164,29.892099380493164,20417
2023-03-31 11:37:00-04:00,29.899900436401367,29.899900436401367,29.8799991607666,29.88500022888184,29.88500022888184,14742
2023-03-31 11:38:00-04:00,29.88500022888184,29.88999938964844,29.850000381469727,29.850000381469727,29.850000381469727,76052
2023-03-31 11:39:00-04:00,29.850000381469727,29.86000061035156,29.84499931335449,29.86000061035156,29.86000061035156,13980
2023-03-31 11:40:00-04:00,29.854999542236328,29.86000061035156,29.850000381469727,29.854999542236328,29.854999542236328,3319
2023-03-31 11:41:00-04:00,29.854999542236328,29.86000061035156,29.850000381469727,29.854999542236328,29.854999542236328,2481
2023-03-31 11:42:00-04:00,29.86000061035156,29.8799991607666,29.86000061035156,29.8700008392334,29.8700008392334,16521
2023-03-31 11:43:00-04:00,29.8700008392334,29.88999938964844,29.864999771118164,29.88999938964844,29.88999938964844,5442
2023-03-31 11:44:00-04:00,29.88500022888184,29.88999938964844,29.88500022888184,29.88999938964844,29.88999938964844,2516
2023-03-31 11:45:00-04:00,29.88999938964844,29.895000457763672,29.8799991607666,29.88999938964844,29.88999938964844,18004
2023-03-31 11:46:00-04:00,29.88999938964844,29.88999938964844,29.8799991607666,29.88500022888184,29.88500022888184,5453
2023-03-31 11:47:00-04:00,29.88500022888184,29.888999938964844,29.875,29.8799991607666,29.8799991607666,30080
2023-03-31 11:48:00-04:00,29.88500022888184,29.88500022888184,29.864999771118164,29.864999771118164,29.864999771118164,22725
2023-03-31 11:49:00-04:00,29.864999771118164,29.864999771118164,29.850000381469727,29.864999771118164,29.864999771118164,17158
2023-03-31 11:50:00-04:00,29.86000061035156,29.864999771118164,29.850000381469727,29.854999542236328,29.854999542236328,10629
2023-03-31 11:51:00-04:00,29.850000381469727,29.854999542236328,29.834999084472656,29.834999084472656,29.834999084472656,11250
2023-03-31 11:52:00-04:00,29.84000015258789,29.850000381469727,29.84000015258789,29.850000381469727,29.850000381469727,9127
2023-03-31 11:53:00-04:00,29.854999542236328,29.86000061035156,29.854999542236328,29.86000061035156,29.86000061035156,3105
2023-03-31 11:54:00-04:00,29.850000381469727,29.854999542236328,29.850000381469727,29.854999542236328,29.854999542236328,3252
2023-03-31 11:55:00-04:00,29.86000061035156,29.86000061035156,29.850000381469727,29.854999542236328,29.854999542236328,23037
2023-03-31 11:56:00-04:00,29.854999542236328,29.86000061035156,29.850000381469727,29.86000061035156,29.86000061035156,3177
2023-03-31 11:57:00-04:00,29.854999542236328,29.86000061035156,29.854999542236328,29.854999542236328,29.854999542236328,2570
2023-03-31 11:58:00-04:00,29.86000061035156,29.86000061035156,29.834999084472656,29.84000015258789,29.84000015258789,24423
2023-03-31 11:59:00-04:00,29.850000381469727,29.850000381469727,29.834999084472656,29.850000381469727,29.850000381469727,9089
2023-03-31 12:00:00-04:00,29.84499931335449,29.86000061035156,29.84499931335449,29.86000061035156,29.86000061035156,6530
2023-03-31 12:01:00-04:00,29.8700008392334,29.8700008392334,29.864999771118164,29.8700008392334,29.8700008392334,535
2023-03-31 12:02:00-04:00,29.8700008392334,29.8799991607666,29.8700008392334,29.875,29.875,4022
2023-03-31 12:03:00-04:00,29.875,29.8799991607666,29.8700008392334,29.875,29.875,10311
2023-03-31 12:04:00-04:00,29.8799991607666,29.88999938964844,29.875,29.88500022888184,29.88500022888184,2951
2023-03-31 12:05:00-04:00,29.88999938964844,29.88999938964844,29.8799991607666,29.88500022888184,29.88500022888184,4292
2023-03-31 12:06:00-04:00,29.88500022888184,29.88999938964844,29.8700008392334,29.88500022888184,29.88500022888184,14426
2023-03-31 12:07:00-04:00,29.88500022888184,29.88999938964844,29.88010025024414,29.88999938964844,29.88999938964844,8696
2023-03-31 12:08:00-04:00,29.88500022888184,29.88999938964844,29.8799991607666,29.88500022888184,29.88500022888184,4722
2023-03-31 12:09:00-04:00,29.88500022888184,29.88999938964844,29.88500022888184,29.88500022888184,29.88500022888184,2638
2023-03-31 12:10:00-04:00,29.88500022888184,29.899999618530277,29.88500022888184,29.895000457763672,29.895000457763672,6562
2023-03-31 12:11:00-04:00,29.899999618530277,29.899999618530277,29.881500244140625,29.88500022888184,29.88500022888184,14877
2023-03-31 12:12:00-04:00,29.88500022888184,29.88999938964844,29.88500022888184,29.88640022277832,29.88640022277832,2961
2023-03-31 12:13:00-04:00,29.88500022888184,29.899999618530277,29.88500022888184,29.897199630737305,29.897199630737305,7768
2023-03-31 12:14:00-04:00,29.895000457763672,29.899999618530277,29.88500022888184,29.88999938964844,29.88999938964844,16156
2023-03-31 12:15:00-04:00,29.88500022888184,29.895000457763672,29.8799991607666,29.895000457763672,29.895000457763672,26277
2023-03-31 12:16:00-04:00,29.899999618530277,29.90999984741211,29.895000457763672,29.905000686645508,29.905000686645508,50864
2023-03-31 12:17:00-04:00,29.905000686645508,29.905000686645508,29.899999618530277,29.905000686645508,29.905000686645508,2611
2023-03-31 12:18:00-04:00,29.905000686645508,29.90999984741211,29.905000686645508,29.905000686645508,29.905000686645508,2917
2023-03-31 12:19:00-04:00,29.90999984741211,29.93000030517578,29.905000686645508,29.924999237060547,29.924999237060547,20935
2023-03-31 12:20:00-04:00,29.924999237060547,29.940000534057617,29.920000076293945,29.934999465942383,29.934999465942383,8774
2023-03-31 12:21:00-04:00,29.934999465942383,29.950000762939453,29.934999465942383,29.950000762939453,29.950000762939453,10754
2023-03-31 12:22:00-04:00,29.94499969482422,29.94499969482422,29.93000030517578,29.93829917907715,29.93829917907715,30191
2023-03-31 12:23:00-04:00,29.934999465942383,29.934999465942383,29.924999237060547,29.924999237060547,29.924999237060547,6819
2023-03-31 12:24:00-04:00,29.93000030517578,29.950000762939453,29.93000030517578,29.950000762939453,29.950000762939453,7812
2023-03-31 12:25:00-04:00,29.950000762939453,29.959999084472656,29.94499969482422,29.959999084472656,29.959999084472656,40220
2023-03-31 12:26:00-04:00,29.950000762939453,29.959999084472656,29.940000534057617,29.959999084472656,29.959999084472656,12026
2023-03-31 12:27:00-04:00,29.958999633789062,29.959999084472656,29.924999237060547,29.93000030517578,29.93000030517578,51630
2023-03-31 12:28:00-04:00,29.93000030517578,29.940000534057617,29.93000030517578,29.940000534057617,29.940000534057617,5094
2023-03-31 12:29:00-04:00,29.934999465942383,29.950000762939453,29.934999465942383,29.934999465942383,29.934999465942383,25206
2023-03-31 12:30:00-04:00,29.940000534057617,29.950000762939453,29.940000534057617,29.94499969482422,29.94499969482422,19114
2023-03-31 12:31:00-04:00,29.94499969482422,29.950000762939453,29.940000534057617,29.94499969482422,29.94499969482422,5983
2023-03-31 12:32:00-04:00,29.94499969482422,29.94499969482422,29.924999237060547,29.93000030517578,29.93000030517578,18069
2023-03-31 12:33:00-04:00,29.934999465942383,29.934999465942383,29.905000686645508,29.905000686645508,29.905000686645508,18113
2023-03-31 12:34:00-04:00,29.90999984741211,29.915000915527344,29.909900665283203,29.909900665283203,29.909900665283203,7669
2023-03-31 12:35:00-04:00,29.90999984741211,29.920000076293945,29.905000686645508,29.920000076293945,29.920000076293945,5159
2023-03-31 12:36:00-04:00,29.915000915527344,29.915000915527344,29.90999984741211,29.915000915527344,29.915000915527344,6977
2023-03-31 12:37:00-04:00,29.90999984741211,29.915000915527344,29.8799991607666,29.88500022888184,29.88500022888184,16286
2023-03-31 12:38:00-04:00,29.88500022888184,29.895000457763672,29.88500022888184,29.88500022888184,29.88500022888184,13870
2023-03-31 12:39:00-04:00,29.88500022888184,29.920000076293945,29.8799991607666,29.915000915527344,29.915000915527344,29170
2023-03-31 12:40:00-04:00,29.920000076293945,29.93000030517578,29.915000915527344,29.93000030517578,29.93000030517578,11697
2023-03-31 12:41:00-04:00,29.93000030517578,29.93000030517578,29.920000076293945,29.93000030517578,29.93000030517578,3175
2023-03-31 12:42:00-04:00,29.924999237060547,29.93000030517578,29.920000076293945,29.93000030517578,29.93000030517578,3663
2023-03-31 12:43:00-04:00,29.93000030517578,29.940000534057617,29.915000915527344,29.920000076293945,29.920000076293945,72463
2023-03-31 12:44:00-04:00,29.915000915527344,29.920000076293945,29.90999984741211,29.920000076293945,29.920000076293945,16462
2023-03-31 12:45:00-04:00,29.915000915527344,29.920000076293945,29.90999984741211,29.90999984741211,29.90999984741211,47247
2023-03-31 12:46:00-04:00,29.915000915527344,29.915000915527344,29.895000457763672,29.899999618530277,29.899999618530277,8773
2023-03-31 12:47:00-04:00,29.895000457763672,29.899999618530277,29.895000457763672,29.895000457763672,29.895000457763672,4244
2023-03-31 12:48:00-04:00,29.899999618530277,29.90999984741211,29.899999618530277,29.905000686645508,29.905000686645508,10412
2023-03-31 12:49:00-04:00,29.905000686645508,29.920000076293945,29.899999618530277,29.905000686645508,29.905000686645508,34842
2023-03-31 12:50:00-04:00,29.905000686645508,29.90999984741211,29.8799991607666,29.8799991607666,29.8799991607666,19061
2023-03-31 12:51:00-04:00,29.88500022888184,29.895000457763672,29.88500022888184,29.88999938964844,29.88999938964844,29156
2023-03-31 12:52:00-04:00,29.88800048828125,29.88800048828125,29.875,29.875,29.875,6549
2023-03-31 12:53:00-04:00,29.875,29.88999938964844,29.875,29.88500022888184,29.88500022888184,23151
2023-03-31 12:54:00-04:00,29.88500022888184,29.88999938964844,29.8799991607666,29.88500022888184,29.88500022888184,19877
2023-03-31 12:55:00-04:00,29.88500022888184,29.895000457763672,29.88500022888184,29.895000457763672,29.895000457763672,6230
2023-03-31 12:56:00-04:00,29.899999618530277,29.899999618530277,29.895000457763672,29.895000457763672,29.895000457763672,1615
2023-03-31 12:57:00-04:00,29.895000457763672,29.90999984741211,29.89459991455078,29.905000686645508,29.905000686645508,30604
2023-03-31 12:58:00-04:00,29.899999618530277,29.899999618530277,29.881999969482425,29.895000457763672,29.895000457763672,29207
2023-03-31 12:59:00-04:00,29.895000457763672,29.899999618530277,29.88999938964844,29.895000457763672,29.895000457763672,9462
2023-03-31 13:00:00-04:00,29.895000457763672,29.899999618530277,29.8799991607666,29.88500022888184,29.88500022888184,23512
2023-03-31 13:01:00-04:00,29.88500022888184,29.88500022888184,29.8799991607666,29.88500022888184,29.88500022888184,13409
2023-03-31 13:02:00-04:00,29.8799991607666,29.88999938964844,29.8799991607666,29.88500022888184,29.88500022888184,24831
2023-03-31 13:03:00-04:00,29.88999938964844,29.88999938964844,29.88010025024414,29.88999938964844,29.88999938964844,3375
2023-03-31 13:04:00-04:00,29.88500022888184,29.88999938964844,29.88500022888184,29.88500022888184,29.88500022888184,5338
2023-03-31 13:05:00-04:00,29.88500022888184,29.88999938964844,29.88500022888184,29.88500022888184,29.88500022888184,3121
2023-03-31 13:06:00-04:00,29.88500022888184,29.88999938964844,29.8799991607666,29.88500022888184,29.88500022888184,6172
2023-03-31 13:07:00-04:00,29.88500022888184,29.920000076293945,29.8799991607666,29.915000915527344,29.915000915527344,34743
2023-03-31 13:08:00-04:00,29.915000915527344,29.920000076293945,29.905000686645508,29.90999984741211,29.90999984741211,29633
2023-03-31 13:09:00-04:00,29.906099319458008,29.920000076293945,29.905000686645508,29.90999984741211,29.90999984741211,23676
2023-03-31 13:10:00-04:00,29.905000686645508,29.915000915527344,29.899999618530277,29.905000686645508,29.905000686645508,11431
2023-03-31 13:11:00-04:00,29.905000686645508,29.90999984741211,29.895000457763672,29.899999618530277,29.899999618530277,12928
2023-03-31 13:12:00-04:00,29.899999618530277,29.899999618530277,29.875,29.875,29.875,14256
2023-03-31 13:13:00-04:00,29.8700008392334,29.8799991607666,29.854999542236328,29.854999542236328,29.854999542236328,16451
2023-03-31 13:14:00-04:00,29.86000061035156,29.86000061035156,29.854999542236328,29.854999542236328,29.854999542236328,3450
2023-03-31 13:15:00-04:00,29.854999542236328,29.8700008392334,29.850099563598636,29.854999542236328,29.854999542236328,31360
2023-03-31 13:16:00-04:00,29.854999542236328,29.86000061035156,29.854999542236328,29.854999542236328,29.854999542236328,1329
2023-03-31 13:17:00-04:00,29.86000061035156,29.8700008392334,29.825000762939453,29.84499931335449,29.84499931335449,45740
2023-03-31 13:18:00-04:00,29.84499931335449,29.84499931335449,29.834999084472656,29.834999084472656,29.834999084472656,3087
2023-03-31 13:19:00-04:00,29.834999084472656,29.84499931335449,29.83009910583496,29.834999084472656,29.834999084472656,13054
2023-03-31 13:20:00-04:00,29.834999084472656,29.834999084472656,29.81999969482422,29.825000762939453,29.825000762939453,8099
2023-03-31 13:21:00-04:00,29.825000762939453,29.825000762939453,29.815000534057617,29.819900512695312,29.819900512695312,7577
2023-03-31 13:22:00-04:00,29.815000534057617,29.81999969482422,29.809999465942383,29.815000534057617,29.815000534057617,2871
2023-03-31 13:23:00-04:00,29.815000534057617,29.81999969482422,29.815000534057617,29.815000534057617,29.815000534057617,3191
2023-03-31 13:24:00-04:00,29.81999969482422,29.81999969482422,29.809999465942383,29.809999465942383,29.809999465942383,11077
2023-03-31 13:25:00-04:00,29.81999969482422,29.81999969482422,29.809999465942383,29.815000534057617,29.815000534057617,5629
2023-03-31 13:26:00-04:00,29.815000534057617,29.81999969482422,29.809999465942383,29.815000534057617,29.815000534057617,1986
2023-03-31 13:27:00-04:00,29.815000534057617,29.825000762939453,29.80500030517578,29.825000762939453,29.825000762939453,16633
2023-03-31 13:28:00-04:00,29.825000762939453,29.82999992370605,29.825000762939453,29.82999992370605,29.82999992370605,1659
2023-03-31 13:29:00-04:00,29.82999992370605,29.82999992370605,29.825000762939453,29.825000762939453,29.825000762939453,1474
2023-03-31 13:30:00-04:00,29.825000762939453,29.82999992370605,29.81999969482422,29.81999969482422,29.81999969482422,4260
2023-03-31 13:31:00-04:00,29.81999969482422,29.825000762939453,29.815000534057617,29.815000534057617,29.815000534057617,25656
2023-03-31 13:32:00-04:00,29.809999465942383,29.815000534057617,29.799999237060547,29.808500289916992,29.808500289916992,17398
2023-03-31 13:33:00-04:00,29.80500030517578,29.81999969482422,29.80500030517578,29.81550025939941,29.81550025939941,7754
2023-03-31 13:34:00-04:00,29.809999465942383,29.815000534057617,29.80500030517578,29.80500030517578,29.80500030517578,11861
2023-03-31 13:35:00-04:00,29.80500030517578,29.805200576782227,29.799999237060547,29.80500030517578,29.80500030517578,3411
2023-03-31 13:36:00-04:00,29.799999237060547,29.815000534057617,29.799999237060547,29.807899475097656,29.807899475097656,16655
2023-03-31 13:37:00-04:00,29.80500030517578,29.809999465942383,29.80500030517578,29.80500030517578,29.80500030517578,1393
2023-03-31 13:38:00-04:00,29.809999465942383,29.815000534057617,29.80500030517578,29.809999465942383,29.809999465942383,5798
2023-03-31 13:39:00-04:00,29.815000534057617,29.81999969482422,29.809999465942383,29.815000534057617,29.815000534057617,3304
2023-03-31 13:40:00-04:00,29.815000534057617,29.81999969482422,29.799999237060547,29.80500030517578,29.80500030517578,12614
2023-03-31 13:41:00-04:00,29.809999465942383,29.82999992370605,29.809999465942383,29.825000762939453,29.825000762939453,18494
2023-03-31 13:42:00-04:00,29.825000762939453,29.825000762939453,29.795000076293945,29.799999237060547,29.799999237060547,17864
2023-03-31 13:43:00-04:00,29.80500030517578,29.80500030517578,29.795000076293945,29.799999237060547,29.799999237060547,5159
2023-03-31 13:44:00-04:00,29.799999237060547,29.799999237060547,29.795000076293945,29.799999237060547,29.799999237060547,8873
2023-03-31 13:45:00-04:00,29.80500030517578,29.809999465942383,29.790000915527344,29.795000076293945,29.795000076293945,9927
2023-03-31 13:46:00-04:00,29.795000076293945,29.795000076293945,29.791000366210938,29.795000076293945,29.795000076293945,4049
2023-03-31 13:47:00-04:00,29.795000076293945,29.795000076293945,29.780000686645508,29.78499984741211,29.78499984741211,12471
2023-03-31 13:48:00-04:00,29.78499984741211,29.78499984741211,29.78499984741211,29.78499984741211,29.78499984741211,928
2023-03-31 13:49:00-04:00,29.78499984741211,29.78499984741211,29.774999618530277,29.774999618530277,29.774999618530277,8479
2023-03-31 13:50:00-04:00,29.774999618530277,29.774999618530277,29.7549991607666,29.7549991607666,29.7549991607666,8938
2023-03-31 13:51:00-04:00,29.7549991607666,29.7549991607666,29.75,29.7549991607666,29.7549991607666,7998
2023-03-31 13:52:00-04:00,29.76000022888184,29.76000022888184,29.7450008392334,29.759899139404297,29.759899139404297,12937
2023-03-31 13:53:00-04:00,29.75,29.76000022888184,29.74399948120117,29.75,29.75,25860
2023-03-31 13:54:00-04:00,29.7450008392334,29.75,29.73500061035156,29.75,29.75,16684
2023-03-31 13:55:00-04:00,29.7450008392334,29.7450008392334,29.725000381469727,29.725000381469727,29.725000381469727,17774
2023-03-31 13:56:00-04:00,29.725000381469727,29.739999771118164,29.71999931335449,29.739999771118164,29.739999771118164,27227
2023-03-31 13:57:00-04:00,29.73500061035156,29.7450008392334,29.73500061035156,29.73500061035156,29.73500061035156,11098
2023-03-31 13:58:00-04:00,29.73500061035156,29.76000022888184,29.73500061035156,29.75,29.75,15898
2023-03-31 13:59:00-04:00,29.75,29.76000022888184,29.7406005859375,29.7406005859375,29.7406005859375,5827
2023-03-31 14:00:00-04:00,29.7450008392334,29.7450008392334,29.7450008392334,29.7450008392334,29.7450008392334,3062
2023-03-31 14:01:00-04:00,29.7450008392334,29.7549991607666,29.7450008392334,29.7549991607666,29.7549991607666,9863
2023-03-31 14:02:00-04:00,29.76000022888184,29.780000686645508,29.75,29.780000686645508,29.780000686645508,53503
2023-03-31 14:03:00-04:00,29.774999618530277,29.780000686645508,29.770000457763672,29.774999618530277,29.774999618530277,9005
2023-03-31 14:04:00-04:00,29.774999618530277,29.809999465942383,29.774999618530277,29.80500030517578,29.80500030517578,29870
2023-03-31 14:05:00-04:00,29.80500030517578,29.81999969482422,29.80500030517578,29.815000534057617,29.815000534057617,4406
2023-03-31 14:06:00-04:00,29.815000534057617,29.81999969482422,29.809999465942383,29.809999465942383,29.809999465942383,4219
2023-03-31 14:07:00-04:00,29.815000534057617,29.84000015258789,29.815000534057617,29.82999992370605,29.82999992370605,14502
2023-03-31 14:08:00-04:00,29.834999084472656,29.850000381469727,29.834999084472656,29.850000381469727,29.850000381469727,5456
2023-03-31 14:09:00-04:00,29.84499931335449,29.854999542236328,29.82999992370605,29.84000015258789,29.84000015258789,51618
2023-03-31 14:10:00-04:00,29.834999084472656,29.84499931335449,29.834999084472656,29.84499931335449,29.84499931335449,16802
2023-03-31 14:11:00-04:00,29.84499931335449,29.850000381469727,29.84499931335449,29.84600067138672,29.84600067138672,3984
2023-03-31 14:12:00-04:00,29.84499931335449,29.850000381469727,29.84000015258789,29.84000015258789,29.84000015258789,4785
2023-03-31 14:13:00-04:00,29.84499931335449,29.850000381469727,29.84000015258789,29.850000381469727,29.850000381469727,29387
2023-03-31 14:14:00-04:00,29.850000381469727,29.854999542236328,29.84499931335449,29.84499931335449,29.84499931335449,19646
2023-03-31 14:15:00-04:00,29.84499931335449,29.850000381469727,29.834999084472656,29.84499931335449,29.84499931335449,46625
2023-03-31 14:16:00-04:00,29.84000015258789,29.84000015258789,29.834999084472656,29.84000015258789,29.84000015258789,9220
2023-03-31 14:17:00-04:00,29.834999084472656,29.84000015258789,29.81999969482422,29.825000762939453,29.825000762939453,13151
2023-03-31 14:18:00-04:00,29.81999969482422,29.81999969482422,29.809999465942383,29.815000534057617,29.815000534057617,33437
2023-03-31 14:19:00-04:00,29.81999969482422,29.81999969482422,29.815000534057617,29.81999969482422,29.81999969482422,1183
2023-03-31 14:20:00-04:00,29.815000534057617,29.81999969482422,29.815000534057617,29.815000534057617,29.815000534057617,2289
2023-03-31 14:21:00-04:00,29.815000534057617,29.82999992370605,29.815000534057617,29.825000762939453,29.825000762939453,21026
2023-03-31 14:22:00-04:00,29.825000762939453,29.825000762939453,29.809999465942383,29.81999969482422,29.81999969482422,56908
2023-03-31 14:23:00-04:00,29.809999465942383,29.815000534057617,29.809999465942383,29.815000534057617,29.815000534057617,4774
2023-03-31 14:24:00-04:00,29.809999465942383,29.815000534057617,29.80500030517578,29.80500030517578,29.80500030517578,20510
2023-03-31 14:25:00-04:00,29.80500030517578,29.80500030517578,29.799999237060547,29.80500030517578,29.80500030517578,4449
2023-03-31 14:26:00-04:00,29.80500030517578,29.809999465942383,29.799999237060547,29.80500030517578,29.80500030517578,60685
2023-03-31 14:27:00-04:00,29.80500030517578,29.809999465942383,29.802000045776367,29.809999465942383,29.809999465942383,3480
2023-03-31 14:28:00-04:00,29.809999465942383,29.81999969482422,29.80500030517578,29.815000534057617,29.815000534057617,8620
2023-03-31 14:29:00-04:00,29.809999465942383,29.82999992370605,29.809999465942383,29.81999969482422,29.81999969482422,23506
2023-03-31 14:30:00-04:00,29.825000762939453,29.825000762939453,29.809999465942383,29.81100082397461,29.81100082397461,11852
2023-03-31 14:31:00-04:00,29.815000534057617,29.815000534057617,29.804500579833984,29.815000534057617,29.815000534057617,18160
2023-03-31 14:32:00-04:00,29.815000534057617,29.81999969482422,29.809999465942383,29.81999969482422,29.81999969482422,5025
2023-03-31 14:33:00-04:00,29.815000534057617,29.82999992370605,29.815000534057617,29.82999992370605,29.82999992370605,6244
2023-03-31 14:34:00-04:00,29.825000762939453,29.84000015258789,29.825000762939453,29.834999084472656,29.834999084472656,11315
2023-03-31 14:35:00-04:00,29.834999084472656,29.84000015258789,29.834999084472656,29.834999084472656,29.834999084472656,2203
2023-03-31 14:36:00-04:00,29.834999084472656,29.84000015258789,29.834999084472656,29.84000015258789,29.84000015258789,1953
2023-03-31 14:37:00-04:00,29.84000015258789,29.84000015258789,29.825000762939453,29.825000762939453,29.825000762939453,19282
2023-03-31 14:38:00-04:00,29.82999992370605,29.82999992370605,29.825000762939453,29.825000762939453,29.825000762939453,2197
2023-03-31 14:39:00-04:00,29.81999969482422,29.82999992370605,29.81999969482422,29.82999992370605,29.82999992370605,5802
2023-03-31 14:40:00-04:00,29.82999992370605,29.850000381469727,29.82999992370605,29.84499931335449,29.84499931335449,10633
2023-03-31 14:41:00-04:00,29.84499931335449,29.850000381469727,29.84499931335449,29.84499931335449,29.84499931335449,1703
2023-03-31 14:42:00-04:00,29.850000381469727,29.86000061035156,29.84499931335449,29.854999542236328,29.854999542236328,11102
2023-03-31 14:43:00-04:00,29.86000061035156,29.8700008392334,29.854999542236328,29.864999771118164,29.864999771118164,12558
2023-03-31 14:44:00-04:00,29.864999771118164,29.8700008392334,29.86000061035156,29.864999771118164,29.864999771118164,9344
2023-03-31 14:45:00-04:00,29.864999771118164,29.864999771118164,29.850000381469727,29.86000061035156,29.86000061035156,13303
2023-03-31 14:46:00-04:00,29.854999542236328,29.854999542236328,29.84000015258789,29.84499931335449,29.84499931335449,12190
2023-03-31 14:47:00-04:00,29.850000381469727,29.854999542236328,29.84499931335449,29.854999542236328,29.854999542236328,7345
2023-03-31 14:48:00-04:00,29.850000381469727,29.86000061035156,29.850000381469727,29.854999542236328,29.854999542236328,2837
2023-03-31 14:49:00-04:00,29.854999542236328,29.8700008392334,29.854999542236328,29.864999771118164,29.864999771118164,9576
2023-03-31 14:50:00-04:00,29.864999771118164,29.864999771118164,29.84000015258789,29.84000015258789,29.84000015258789,22023
2023-03-31 14:51:00-04:00,29.843000411987305,29.84499931335449,29.843000411987305,29.84499931335449,29.84499931335449,1702
2023-03-31 14:52:00-04:00,29.84499931335449,29.850000381469727,29.84000015258789,29.84499931335449,29.84499931335449,6471
2023-03-31 14:53:00-04:00,29.84499931335449,29.850000381469727,29.84000015258789,29.850000381469727,29.850000381469727,21240
2023-03-31 14:54:00-04:00,29.854999542236328,29.854999542236328,29.82999992370605,29.834999084472656,29.834999084472656,17488
2023-03-31 14:55:00-04:00,29.84000015258789,29.84000015258789,29.81999969482422,29.81999969482422,29.81999969482422,12904
2023-03-31 14:56:00-04:00,29.81999969482422,29.82999992370605,29.81999969482422,29.825000762939453,29.825000762939453,11671
2023-03-31 14:57:00-04:00,29.825000762939453,29.834999084472656,29.825000762939453,29.825000762939453,29.825000762939453,20057
2023-03-31 14:58:00-04:00,29.825000762939453,29.84499931335449,29.825000762939453,29.84499931335449,29.84499931335449,8375
2023-03-31 14:59:00-04:00,29.84000015258789,29.850000381469727,29.84000015258789,29.84499931335449,29.84499931335449,7118
2023-03-31 15:00:00-04:00,29.84499931335449,29.86000061035156,29.84499931335449,29.854999542236328,29.854999542236328,7274
2023-03-31 15:01:00-04:00,29.86000061035156,29.88999938964844,29.86000061035156,29.88990020751953,29.88990020751953,20604
2023-03-31 15:02:00-04:00,29.88500022888184,29.899999618530277,29.864999771118164,29.895000457763672,29.895000457763672,45079
2023-03-31 15:03:00-04:00,29.899999618530277,29.905000686645508,29.88500022888184,29.895000457763672,29.895000457763672,28217
2023-03-31 15:04:00-04:00,29.895000457763672,29.899999618530277,29.893600463867188,29.899999618530277,29.899999618530277,5755
2023-03-31 15:05:00-04:00,29.895000457763672,29.895000457763672,29.88999938964844,29.895000457763672,29.895000457763672,19316
2023-03-31 15:06:00-04:00,29.895000457763672,29.895000457763672,29.88999938964844,29.88999938964844,29.88999938964844,7755
2023-03-31 15:07:00-04:00,29.88999938964844,29.88999938964844,29.875,29.875,29.875,14977
2023-03-31 15:08:00-04:00,29.875,29.88999938964844,29.864999771118164,29.88999938964844,29.88999938964844,24089
2023-03-31 15:09:00-04:00,29.88500022888184,29.899999618530277,29.88500022888184,29.895000457763672,29.895000457763672,9210
2023-03-31 15:10:00-04:00,29.895000457763672,29.899999618530277,29.88500022888184,29.899999618530277,29.899999618530277,23447
2023-03-31 15:11:00-04:00,29.895000457763672,29.905000686645508,29.88999938964844,29.88999938964844,29.88999938964844,23089
2023-03-31 15:12:00-04:00,29.88999938964844,29.88999938964844,29.875,29.875,29.875,15807
2023-03-31 15:13:00-04:00,29.8799991607666,29.895000457763672,29.875,29.88800048828125,29.88800048828125,24146
2023-03-31 15:14:00-04:00,29.88500022888184,29.895000457763672,29.88500022888184,29.895000457763672,29.895000457763672,7314
2023-03-31 15:15:00-04:00,29.895000457763672,29.920000076293945,29.88999938964844,29.920000076293945,29.920000076293945,19069
2023-03-31 15:16:00-04:00,29.915000915527344,29.924999237060547,29.91010093688965,29.924999237060547,29.924999237060547,22238
2023-03-31 15:17:00-04:00,29.924999237060547,29.93000030517578,29.91010093688965,29.924999237060547,29.924999237060547,27623
2023-03-31 15:18:00-04:00,29.924999237060547,29.934999465942383,29.924999237060547,29.924999237060547,29.924999237060547,21088
2023-03-31 15:19:00-04:00,29.93000030517578,29.93000030517578,29.90999984741211,29.924999237060547,29.924999237060547,28117
2023-03-31 15:20:00-04:00,29.924999237060547,29.950000762939453,29.924999237060547,29.94499969482422,29.94499969482422,15533
2023-03-31 15:21:00-04:00,29.950000762939453,29.959999084472656,29.94499969482422,29.959999084472656,29.959999084472656,13564
2023-03-31 15:22:00-04:00,29.950000762939453,29.959999084472656,29.94499969482422,29.95499992370605,29.95499992370605,29026
2023-03-31 15:23:00-04:00,29.95499992370605,29.96500015258789,29.94499969482422,29.96500015258789,29.96500015258789,18859
2023-03-31 15:24:00-04:00,29.96500015258789,29.96500015258789,29.950000762939453,29.959999084472656,29.959999084472656,22244
2023-03-31 15:25:00-04:00,29.959999084472656,29.96999931335449,29.950000762939453,29.96500015258789,29.96500015258789,40105
2023-03-31 15:26:00-04:00,29.96500015258789,29.96999931335449,29.959999084472656,29.96500015258789,29.96500015258789,13425
2023-03-31 15:27:00-04:00,29.96500015258789,29.96999931335449,29.950000762939453,29.950000762939453,29.950000762939453,20052
2023-03-31 15:28:00-04:00,29.95499992370605,29.959999084472656,29.950000762939453,29.950000762939453,29.950000762939453,17160
2023-03-31 15:29:00-04:00,29.95499992370605,29.959999084472656,29.950000762939453,29.95499992370605,29.95499992370605,10380
2023-03-31 15:30:00-04:00,29.950000762939453,29.979999542236328,29.950000762939453,29.96500015258789,29.96500015258789,33206
2023-03-31 15:31:00-04:00,29.96500015258789,29.96999931335449,29.959999084472656,29.96500015258789,29.96500015258789,37728
2023-03-31 15:32:00-04:00,29.96500015258789,29.96999931335449,29.95499992370605,29.95499992370605,29.95499992370605,40476
2023-03-31 15:33:00-04:00,29.950000762939453,29.954200744628903,29.920000076293945,29.93000030517578,29.93000030517578,38097
2023-03-31 15:34:00-04:00,29.924999237060547,29.924999237060547,29.90999984741211,29.915000915527344,29.915000915527344,12721
2023-03-31 15:35:00-04:00,29.90999984741211,29.920000076293945,29.90999984741211,29.915000915527344,29.915000915527344,9560
2023-03-31 15:36:00-04:00,29.915000915527344,29.915000915527344,29.899999618530277,29.90999984741211,29.90999984741211,19158
2023-03-31 15:37:00-04:00,29.90999984741211,29.90999984741211,29.8799991607666,29.88500022888184,29.88500022888184,64800
2023-03-31 15:38:00-04:00,29.88500022888184,29.899999618530277,29.88500022888184,29.895000457763672,29.895000457763672,13085
2023-03-31 15:39:00-04:00,29.88999938964844,29.920000076293945,29.88999938964844,29.895000457763672,29.895000457763672,60682
2023-03-31 15:40:00-04:00,29.899999618530277,29.90999984741211,29.895000457763672,29.895000457763672,29.895000457763672,19526
2023-03-31 15:41:00-04:00,29.899999618530277,29.90999984741211,29.899999618530277,29.905000686645508,29.905000686645508,17671
2023-03-31 15:42:00-04:00,29.905000686645508,29.905000686645508,29.864999771118164,29.875,29.875,41213
2023-03-31 15:43:00-04:00,29.875,29.88500022888184,29.8700008392334,29.875,29.875,33966
2023-03-31 15:44:00-04:00,29.875,29.8799991607666,29.854999542236328,29.86000061035156,29.86000061035156,31539
2023-03-31 15:45:00-04:00,29.86000061035156,29.878999710083008,29.86000061035156,29.875,29.875,25577
2023-03-31 15:46:00-04:00,29.8799991607666,29.88999938964844,29.864999771118164,29.864999771118164,29.864999771118164,71744
2023-03-31 15:47:00-04:00,29.864999771118164,29.8700008392334,29.850000381469727,29.86000061035156,29.86000061035156,28404
2023-03-31 15:48:00-04:00,29.86000061035156,29.86000061035156,29.84499931335449,29.84499931335449,29.84499931335449,29035
2023-03-31 15:49:00-04:00,29.850000381469727,29.8700008392334,29.84499931335449,29.86000061035156,29.86000061035156,58088
2023-03-31 15:50:00-04:00,29.8700008392334,29.88999938964844,29.86000061035156,29.864999771118164,29.864999771118164,99096
2023-03-31 15:51:00-04:00,29.864999771118164,29.8799991607666,29.86000061035156,29.864999771118164,29.864999771118164,71750
2023-03-31 15:52:00-04:00,29.864999771118164,29.8700008392334,29.850000381469727,29.86000061035156,29.86000061035156,53794
2023-03-31 15:53:00-04:00,29.86000061035156,29.8799991607666,29.86000061035156,29.8799991607666,29.8799991607666,108686
2023-03-31 15:54:00-04:00,29.8799991607666,29.920000076293945,29.8799991607666,29.915000915527344,29.915000915527344,189147
2023-03-31 15:55:00-04:00,29.920000076293945,29.96999931335449,29.915000915527344,29.95499992370605,29.95499992370605,148356
2023-03-31 15:56:00-04:00,29.950000762939453,29.96999931335449,29.94499969482422,29.96500015258789,29.96500015258789,115319
2023-03-31 15:57:00-04:00,29.96999931335449,29.96999931335449,29.93000030517578,29.94499969482422,29.94499969482422,223741
2023-03-31 15:58:00-04:00,29.94499969482422,29.959999084472656,29.940000534057617,29.95499992370605,29.95499992370605,181598
2023-03-31 15:59:00-04:00,29.95499992370605,29.959999084472656,29.920000076293945,29.93000030517578,29.93000030517578,491042
2023-03-29 09:30:00-04:00,29.31999969482422,29.549999237060547,29.31999969482422,29.549999237060547,29.549999237060547,150216
2023-03-29 09:31:00-04:00,29.540000915527344,29.59000015258789,29.540000915527344,29.540000915527344,29.540000915527344,58560
2023-03-29 09:32:00-04:00,29.545000076293945,29.545000076293945,29.51000022888184,29.51499938964844,29.51499938964844,53006
2023-03-29 09:33:00-04:00,29.520000457763672,29.56999969482422,29.459999084472656,29.459999084472656,29.459999084472656,49517
2023-03-29 09:34:00-04:00,29.468000411987305,29.53499984741211,29.46500015258789,29.53499984741211,29.53499984741211,17623
2023-03-29 09:35:00-04:00,29.53499984741211,29.575000762939453,29.530000686645508,29.540000915527344,29.540000915527344,51474
2023-03-29 09:36:00-04:00,29.540000915527344,29.549999237060547,29.51000022888184,29.540000915527344,29.540000915527344,80904
2023-03-29 09:37:00-04:00,29.53499984741211,29.559999465942383,29.530000686645508,29.55500030517578,29.55500030517578,19083
2023-03-29 09:38:00-04:00,29.555700302124023,29.57999992370605,29.530000686645508,29.549999237060547,29.549999237060547,23788
2023-03-29 09:39:00-04:00,29.549999237060547,29.559999465942383,29.520000457763672,29.545000076293945,29.545000076293945,35692
2023-03-29 09:40:00-04:00,29.549999237060547,29.559999465942383,29.520000457763672,29.545000076293945,29.545000076293945,43351
2023-03-29 09:41:00-04:00,29.549999237060547,29.55500030517578,29.520000457763672,29.520000457763672,29.520000457763672,33009
2023-03-29 09:42:00-04:00,29.530000686645508,29.540000915527344,29.479999542236328,29.51499938964844,29.51499938964844,26027
2023-03-29 09:43:00-04:00,29.520000457763672,29.59000015258789,29.520000457763672,29.59000015258789,29.59000015258789,22184
2023-03-29 09:44:00-04:00,29.59000015258789,29.600000381469727,29.565000534057617,29.600000381469727,29.600000381469727,34260
2023-03-29 09:45:00-04:00,29.59499931335449,29.600000381469727,29.520000457763672,29.524999618530277,29.524999618530277,37124
2023-03-29 09:46:00-04:00,29.520000457763672,29.55500030517578,29.520000457763672,29.53499984741211,29.53499984741211,18490
2023-03-29 09:47:00-04:00,29.530000686645508,29.530000686645508,29.51000022888184,29.51000022888184,29.51000022888184,10653
2023-03-29 09:48:00-04:00,29.520000457763672,29.520000457763672,29.479999542236328,29.489999771118164,29.489999771118164,15161
2023-03-29 09:49:00-04:00,29.489999771118164,29.53499984741211,29.45499992370605,29.459999084472656,29.459999084472656,33399
2023-03-29 09:50:00-04:00,29.459999084472656,29.5049991607666,29.45499992370605,29.4950008392334,29.4950008392334,37383
2023-03-29 09:51:00-04:00,29.5,29.51000022888184,29.479999542236328,29.4950008392334,29.4950008392334,18411
2023-03-29 09:52:00-04:00,29.489999771118164,29.496999740600582,29.46999931335449,29.489999771118164,29.489999771118164,60638
2023-03-29 09:53:00-04:00,29.48500061035156,29.48500061035156,29.440000534057617,29.46999931335449,29.46999931335449,43361
2023-03-29 09:54:00-04:00,29.46999931335449,29.46999931335449,29.440000534057617,29.45499992370605,29.45499992370605,19947
2023-03-29 09:55:00-04:00,29.450000762939453,29.479999542236328,29.440000534057617,29.475000381469727,29.475000381469727,28386
2023-03-29 09:56:00-04:00,29.475000381469727,29.475000381469727,29.450000762939453,29.45499992370605,29.45499992370605,8295
2023-03-29 09:57:00-04:00,29.459999084472656,29.459999084472656,29.44499969482422,29.45499992370605,29.45499992370605,6912
2023-03-29 09:58:00-04:00,29.459999084472656,29.459999084472656,29.440000534057617,29.447999954223636,29.447999954223636,20381
2023-03-29 09:59:00-04:00,29.440000534057617,29.46500015258789,29.440000534057617,29.459999084472656,29.459999084472656,17567
2023-03-29 10:00:00-04:00,29.459999084472656,29.489999771118164,29.45499992370605,29.475000381469727,29.475000381469727,24911
2023-03-29 10:01:00-04:00,29.479999542236328,29.51000022888184,29.479999542236328,29.48500061035156,29.48500061035156,27861
2023-03-29 10:02:00-04:00,29.489999771118164,29.520000457763672,29.489999771118164,29.51000022888184,29.51000022888184,15094
2023-03-29 10:03:00-04:00,29.5049991607666,29.524999618530277,29.489999771118164,29.524999618530277,29.524999618530277,13218
2023-03-29 10:04:00-04:00,29.52989959716797,29.540000915527344,29.51499938964844,29.53499984741211,29.53499984741211,18106
2023-03-29 10:05:00-04:00,29.540000915527344,29.549999237060547,29.51499938964844,29.53499984741211,29.53499984741211,27770
2023-03-29 10:06:00-04:00,29.540000915527344,29.545000076293945,29.5,29.51000022888184,29.51000022888184,35369
2023-03-29 10:07:00-04:00,29.5049991607666,29.524999618530277,29.5,29.51499938964844,29.51499938964844,18522
2023-03-29 10:08:00-04:00,29.51499938964844,29.549999237060547,29.51000022888184,29.549999237060547,29.549999237060547,24597
2023-03-29 10:09:00-04:00,29.55500030517578,29.55500030517578,29.530000686645508,29.530000686645508,29.530000686645508,27701
2023-03-29 10:10:00-04:00,29.540000915527344,29.540000915527344,29.51000022888184,29.51499938964844,29.51499938964844,34705
2023-03-29 10:11:00-04:00,29.51000022888184,29.559999465942383,29.51000022888184,29.55699920654297,29.55699920654297,35382
2023-03-29 10:12:00-04:00,29.549999237060547,29.549999237060547,29.5049991607666,29.5049991607666,29.5049991607666,22181
2023-03-29 10:13:00-04:00,29.51000022888184,29.51000022888184,29.479999542236328,29.5,29.5,21563
2023-03-29 10:14:00-04:00,29.51000022888184,29.520000457763672,29.4950008392334,29.5,29.5,34870
2023-03-29 10:15:00-04:00,29.5,29.520000457763672,29.489999771118164,29.520000457763672,29.520000457763672,17395
2023-03-29 10:16:00-04:00,29.520000457763672,29.530000686645508,29.5049991607666,29.524999618530277,29.524999618530277,21648
2023-03-29 10:17:00-04:00,29.524999618530277,29.545000076293945,29.520000457763672,29.53499984741211,29.53499984741211,25591
2023-03-29 10:18:00-04:00,29.53499984741211,29.559999465942383,29.53499984741211,29.559999465942383,29.559999465942383,11520
2023-03-29 10:19:00-04:00,29.559999465942383,29.56999969482422,29.545000076293945,29.565000534057617,29.565000534057617,26709
2023-03-29 10:20:00-04:00,29.559999465942383,29.56999969482422,29.545000076293945,29.545000076293945,29.545000076293945,50335
2023-03-29 10:21:00-04:00,29.545000076293945,29.56999969482422,29.545000076293945,29.545000076293945,29.545000076293945,19943
2023-03-29 10:22:00-04:00,29.545000076293945,29.559999465942383,29.540000915527344,29.549999237060547,29.549999237060547,12907
2023-03-29 10:23:00-04:00,29.549999237060547,29.559999465942383,29.51000022888184,29.51000022888184,29.51000022888184,16476
2023-03-29 10:24:00-04:00,29.51000022888184,29.51000022888184,29.5,29.51000022888184,29.51000022888184,5549
2023-03-29 10:25:00-04:00,29.5049991607666,29.5049991607666,29.475000381469727,29.489999771118164,29.489999771118164,25626
2023-03-29 10:26:00-04:00,29.489999771118164,29.5,29.48500061035156,29.5,29.5,6376
2023-03-29 10:27:00-04:00,29.4950008392334,29.524999618530277,29.4950008392334,29.51499938964844,29.51499938964844,17761
2023-03-29 10:28:00-04:00,29.520000457763672,29.524999618530277,29.51499938964844,29.520000457763672,29.520000457763672,9893
2023-03-29 10:29:00-04:00,29.524999618530277,29.524999618530277,29.51000022888184,29.524999618530277,29.524999618530277,8311
2023-03-29 10:30:00-04:00,29.524999618530277,29.549999237060547,29.524999618530277,29.53499984741211,29.53499984741211,17015
2023-03-29 10:31:00-04:00,29.540000915527344,29.549999237060547,29.540000915527344,29.545000076293945,29.545000076293945,14278
2023-03-29 10:32:00-04:00,29.545000076293945,29.545000076293945,29.524999618530277,29.53499984741211,29.53499984741211,23729
2023-03-29 10:33:00-04:00,29.530000686645508,29.530000686645508,29.520000457763672,29.530000686645508,29.530000686645508,10134
2023-03-29 10:34:00-04:00,29.530000686645508,29.540000915527344,29.524999618530277,29.524999618530277,29.524999618530277,15902
2023-03-29 10:35:00-04:00,29.524999618530277,29.524999618530277,29.48500061035156,29.5,29.5,26014
2023-03-29 10:36:00-04:00,29.5,29.530000686645508,29.499000549316406,29.524999618530277,29.524999618530277,11707
2023-03-29 10:37:00-04:00,29.530000686645508,29.530000686645508,29.5,29.5049991607666,29.5049991607666,17201
2023-03-29 10:38:00-04:00,29.51000022888184,29.530000686645508,29.5049991607666,29.530000686645508,29.530000686645508,87526
2023-03-29 10:39:00-04:00,29.530000686645508,29.530000686645508,29.51499938964844,29.520000457763672,29.520000457763672,10151
2023-03-29 10:40:00-04:00,29.520000457763672,29.520000457763672,29.479999542236328,29.48500061035156,29.48500061035156,18908
2023-03-29 10:41:00-04:00,29.48500061035156,29.489999771118164,29.46999931335449,29.46999931335449,29.46999931335449,7155
2023-03-29 10:42:00-04:00,29.46999931335449,29.479999542236328,29.45499992370605,29.479999542236328,29.479999542236328,16537
2023-03-29 10:43:00-04:00,29.46999931335449,29.475000381469727,29.459999084472656,29.459999084472656,29.459999084472656,19047
2023-03-29 10:44:00-04:00,29.45499992370605,29.46999931335449,29.450000762939453,29.450000762939453,29.450000762939453,30477
2023-03-29 10:45:00-04:00,29.450000762939453,29.46999931335449,29.440000534057617,29.457799911499023,29.457799911499023,105810
2023-03-29 10:46:00-04:00,29.45499992370605,29.46999931335449,29.440000534057617,29.44499969482422,29.44499969482422,80689
2023-03-29 10:47:00-04:00,29.44499969482422,29.459999084472656,29.440000534057617,29.44499969482422,29.44499969482422,41637
2023-03-29 10:48:00-04:00,29.44499969482422,29.46999931335449,29.44499969482422,29.459999084472656,29.459999084472656,21022
2023-03-29 10:49:00-04:00,29.45499992370605,29.459999084472656,29.440000534057617,29.459999084472656,29.459999084472656,21004
2023-03-29 10:50:00-04:00,29.459999084472656,29.475000381469727,29.45499992370605,29.46999931335449,29.46999931335449,32940
2023-03-29 10:51:00-04:00,29.459999084472656,29.48500061035156,29.450000762939453,29.450000762939453,29.450000762939453,44944
2023-03-29 10:52:00-04:00,29.450000762939453,29.46999931335449,29.440000534057617,29.458999633789062,29.458999633789062,13062
2023-03-29 10:53:00-04:00,29.45499992370605,29.489999771118164,29.45499992370605,29.479999542236328,29.479999542236328,17025
2023-03-29 10:54:00-04:00,29.479999542236328,29.486099243164062,29.46500015258789,29.46999931335449,29.46999931335449,8699
2023-03-29 10:55:00-04:00,29.46500015258789,29.46999931335449,29.46199989318848,29.46999931335449,29.46999931335449,5949
2023-03-29 10:56:00-04:00,29.46999931335449,29.5,29.462499618530277,29.479999542236328,29.479999542236328,28333
2023-03-29 10:57:00-04:00,29.479999542236328,29.479999542236328,29.44499969482422,29.450000762939453,29.450000762939453,30895
2023-03-29 10:58:00-04:00,29.450000762939453,29.450000762939453,29.434999465942383,29.450000762939453,29.450000762939453,62324
2023-03-29 10:59:00-04:00,29.450000762939453,29.459999084472656,29.44499969482422,29.459999084472656,29.459999084472656,6470
2023-03-29 11:00:00-04:00,29.45499992370605,29.467500686645508,29.44499969482422,29.44499969482422,29.44499969482422,24711
2023-03-29 11:01:00-04:00,29.450000762939453,29.46999931335449,29.44499969482422,29.46999931335449,29.46999931335449,13060
2023-03-29 11:02:00-04:00,29.475000381469727,29.479999542236328,29.459999084472656,29.475000381469727,29.475000381469727,18978
2023-03-29 11:03:00-04:00,29.479999542236328,29.489999771118164,29.475000381469727,29.489999771118164,29.489999771118164,8069
2023-03-29 11:04:00-04:00,29.5,29.51000022888184,29.489999771118164,29.4950008392334,29.4950008392334,31575
2023-03-29 11:05:00-04:00,29.4950008392334,29.51000022888184,29.4950008392334,29.51000022888184,29.51000022888184,8314
2023-03-29 11:06:00-04:00,29.5049991607666,29.520000457763672,29.4950008392334,29.51499938964844,29.51499938964844,13191
2023-03-29 11:07:00-04:00,29.51499938964844,29.520000457763672,29.51000022888184,29.520000457763672,29.520000457763672,5919
2023-03-29 11:08:00-04:00,29.520000457763672,29.549999237060547,29.520000457763672,29.54450035095215,29.54450035095215,16316
2023-03-29 11:09:00-04:00,29.540000915527344,29.559999465942383,29.540000915527344,29.549999237060547,29.549999237060547,43038
2023-03-29 11:10:00-04:00,29.545000076293945,29.559999465942383,29.530000686645508,29.549999237060547,29.549999237060547,35442
2023-03-29 11:11:00-04:00,29.545000076293945,29.559999465942383,29.530000686645508,29.559999465942383,29.559999465942383,19235
2023-03-29 11:12:00-04:00,29.559999465942383,29.559999465942383,29.540000915527344,29.545000076293945,29.545000076293945,7679
2023-03-29 11:13:00-04:00,29.545000076293945,29.56999969482422,29.545000076293945,29.559999465942383,29.559999465942383,9967
2023-03-29 11:14:00-04:00,29.565000534057617,29.59000015258789,29.559999465942383,29.584999084472656,29.584999084472656,13928
2023-03-29 11:15:00-04:00,29.584999084472656,29.59000015258789,29.565000534057617,29.56999969482422,29.56999969482422,25297
2023-03-29 11:16:00-04:00,29.56999969482422,29.584999084472656,29.56999969482422,29.584999084472656,29.584999084472656,6761
2023-03-29 11:17:00-04:00,29.59000015258789,29.59000015258789,29.575000762939453,29.57999992370605,29.57999992370605,11777
2023-03-29 11:18:00-04:00,29.57999992370605,29.57999992370605,29.56999969482422,29.575000762939453,29.575000762939453,6730
2023-03-29 11:19:00-04:00,29.575000762939453,29.575000762939453,29.545000076293945,29.545000076293945,29.545000076293945,36722
2023-03-29 11:20:00-04:00,29.549999237060547,29.57999992370605,29.545000076293945,29.575000762939453,29.575000762939453,12473
2023-03-29 11:21:00-04:00,29.575000762939453,29.575000762939453,29.565000534057617,29.565000534057617,29.565000534057617,11285
2023-03-29 11:22:00-04:00,29.565000534057617,29.584999084472656,29.565000534057617,29.575000762939453,29.575000762939453,34390
2023-03-29 11:23:00-04:00,29.575000762939453,29.584999084472656,29.565000534057617,29.565000534057617,29.565000534057617,14981
2023-03-29 11:24:00-04:00,29.565000534057617,29.565000534057617,29.549999237060547,29.55500030517578,29.55500030517578,15194
2023-03-29 11:25:00-04:00,29.55500030517578,29.559999465942383,29.542299270629883,29.545000076293945,29.545000076293945,29775
2023-03-29 11:26:00-04:00,29.549999237060547,29.549999237060547,29.54129981994629,29.549999237060547,29.549999237060547,15171
2023-03-29 11:27:00-04:00,29.545000076293945,29.549999237060547,29.545000076293945,29.545000076293945,29.545000076293945,5350
2023-03-29 11:28:00-04:00,29.545000076293945,29.545000076293945,29.530000686645508,29.53499984741211,29.53499984741211,26430
2023-03-29 11:29:00-04:00,29.540000915527344,29.549999237060547,29.520000457763672,29.540000915527344,29.540000915527344,16391
2023-03-29 11:30:00-04:00,29.540000915527344,29.559999465942383,29.530000686645508,29.559999465942383,29.559999465942383,16279
2023-03-29 11:31:00-04:00,29.559999465942383,29.559999465942383,29.545000076293945,29.559999465942383,29.559999465942383,5866
2023-03-29 11:32:00-04:00,29.559999465942383,29.59000015258789,29.559999465942383,29.584999084472656,29.584999084472656,16221
2023-03-29 11:33:00-04:00,29.57999992370605,29.59000015258789,29.56999969482422,29.58919906616211,29.58919906616211,11521
2023-03-29 11:34:00-04:00,29.58340072631836,29.600000381469727,29.58340072631836,29.600000381469727,29.600000381469727,19095
2023-03-29 11:35:00-04:00,29.592500686645508,29.604999542236328,29.57999992370605,29.584999084472656,29.584999084472656,28791
2023-03-29 11:36:00-04:00,29.584999084472656,29.600000381469727,29.584999084472656,29.59499931335449,29.59499931335449,15059
2023-03-29 11:37:00-04:00,29.59499931335449,29.604999542236328,29.59499931335449,29.604999542236328,29.604999542236328,7737
2023-03-29 11:38:00-04:00,29.604999542236328,29.61000061035156,29.59499931335449,29.59499931335449,29.59499931335449,8826
2023-03-29 11:39:00-04:00,29.59499931335449,29.59499931335449,29.57999992370605,29.584999084472656,29.584999084472656,19463
2023-03-29 11:40:00-04:00,29.584999084472656,29.600000381469727,29.582500457763672,29.59499931335449,29.59499931335449,7267
2023-03-29 11:41:00-04:00,29.600000381469727,29.61000061035156,29.59499931335449,29.604999542236328,29.604999542236328,12073
2023-03-29 11:42:00-04:00,29.608699798583984,29.608699798583984,29.592500686645508,29.598499298095703,29.598499298095703,9366
2023-03-29 11:43:00-04:00,29.59499931335449,29.61000061035156,29.592500686645508,29.604999542236328,29.604999542236328,26617
2023-03-29 11:44:00-04:00,29.604999542236328,29.614999771118164,29.600000381469727,29.604999542236328,29.604999542236328,25731
2023-03-29 11:45:00-04:00,29.604999542236328,29.61000061035156,29.602500915527344,29.61000061035156,29.61000061035156,3442
2023-03-29 11:46:00-04:00,29.61000061035156,29.6200008392334,29.602500915527344,29.6200008392334,29.6200008392334,8305
2023-03-29 11:47:00-04:00,29.6200008392334,29.6200008392334,29.604999542236328,29.61000061035156,29.61000061035156,17616
2023-03-29 11:48:00-04:00,29.61000061035156,29.6200008392334,29.604999542236328,29.604999542236328,29.604999542236328,8156
2023-03-29 11:49:00-04:00,29.604999542236328,29.61000061035156,29.600000381469727,29.61000061035156,29.61000061035156,4405
2023-03-29 11:50:00-04:00,29.61000061035156,29.63999938964844,29.61000061035156,29.63999938964844,29.63999938964844,68512
2023-03-29 11:51:00-04:00,29.63999938964844,29.63999938964844,29.63500022888184,29.63999938964844,29.63999938964844,6936
2023-03-29 11:52:00-04:00,29.63999938964844,29.63999938964844,29.6200008392334,29.6200008392334,29.6200008392334,55237
2023-03-29 11:53:00-04:00,29.6200008392334,29.65999984741211,29.614999771118164,29.659900665283203,29.659900665283203,93550
2023-03-29 11:54:00-04:00,29.655000686645508,29.670000076293945,29.63999938964844,29.649999618530277,29.649999618530277,34033
2023-03-29 11:55:00-04:00,29.649999618530277,29.674999237060547,29.649999618530277,29.665000915527344,29.665000915527344,22397
2023-03-29 11:56:00-04:00,29.665000915527344,29.68000030517578,29.65999984741211,29.665000915527344,29.665000915527344,16743
2023-03-29 11:57:00-04:00,29.665000915527344,29.670000076293945,29.645000457763672,29.649999618530277,29.649999618530277,23982
2023-03-29 11:58:00-04:00,29.645000457763672,29.645000457763672,29.6299991607666,29.63500022888184,29.63500022888184,7552
2023-03-29 11:59:00-04:00,29.63999938964844,29.649999618530277,29.63999938964844,29.645000457763672,29.645000457763672,9736
2023-03-29 12:00:00-04:00,29.645000457763672,29.649999618530277,29.6299991607666,29.63500022888184,29.63500022888184,33664
2023-03-29 12:01:00-04:00,29.63500022888184,29.63500022888184,29.61000061035156,29.614999771118164,29.614999771118164,12543
2023-03-29 12:02:00-04:00,29.61000061035156,29.6200008392334,29.60449981689453,29.614999771118164,29.614999771118164,11560
2023-03-29 12:03:00-04:00,29.614999771118164,29.618600845336918,29.604999542236328,29.61000061035156,29.61000061035156,12278
2023-03-29 12:04:00-04:00,29.61000061035156,29.6299991607666,29.600000381469727,29.6299991607666,29.6299991607666,73003
2023-03-29 12:05:00-04:00,29.625,29.63999938964844,29.625,29.63500022888184,29.63500022888184,11568
2023-03-29 12:06:00-04:00,29.63500022888184,29.63999938964844,29.6200008392334,29.63500022888184,29.63500022888184,88493
2023-03-29 12:07:00-04:00,29.63500022888184,29.649999618530277,29.6299991607666,29.63990020751953,29.63990020751953,89392
2023-03-29 12:08:00-04:00,29.6299991607666,29.648500442504883,29.6299991607666,29.63500022888184,29.63500022888184,20304
2023-03-29 12:09:00-04:00,29.6299991607666,29.63500022888184,29.59000015258789,29.59000015258789,29.59000015258789,25871
2023-03-29 12:10:00-04:00,29.59499931335449,29.614999771118164,29.59499931335449,29.604999542236328,29.604999542236328,17640
2023-03-29 12:11:00-04:00,29.604999542236328,29.61000061035156,29.604999542236328,29.60930061340332,29.60930061340332,10524
2023-03-29 12:12:00-04:00,29.604999542236328,29.6200008392334,29.600000381469727,29.604999542236328,29.604999542236328,38623
2023-03-29 12:13:00-04:00,29.604999542236328,29.6200008392334,29.604999542236328,29.614999771118164,29.614999771118164,43360
2023-03-29 12:14:00-04:00,29.614999771118164,29.6299991607666,29.60260009765625,29.6299991607666,29.6299991607666,22058
2023-03-29 12:15:00-04:00,29.6299991607666,29.6299991607666,29.600000381469727,29.600000381469727,29.600000381469727,54733
2023-03-29 12:16:00-04:00,29.600000381469727,29.61000061035156,29.59000015258789,29.61000061035156,29.61000061035156,52446
2023-03-29 12:17:00-04:00,29.61000061035156,29.6200008392334,29.604999542236328,29.6200008392334,29.6200008392334,8845
2023-03-29 12:18:00-04:00,29.614999771118164,29.6299991607666,29.61000061035156,29.6299991607666,29.6299991607666,10253
2023-03-29 12:19:00-04:00,29.625,29.63999938964844,29.614999771118164,29.63500022888184,29.63500022888184,54226
2023-03-29 12:20:00-04:00,29.6299991607666,29.63999938964844,29.6299991607666,29.63999938964844,29.63999938964844,1588
2023-03-29 12:21:00-04:00,29.63999938964844,29.63999938964844,29.625,29.625,29.625,76470
2023-03-29 12:22:00-04:00,29.6299991607666,29.6299991607666,29.625,29.6299991607666,29.6299991607666,3915
2023-03-29 12:23:00-04:00,29.625,29.6299991607666,29.620100021362305,29.6299991607666,29.6299991607666,4412
2023-03-29 12:24:00-04:00,29.625,29.6299991607666,29.600000381469727,29.600000381469727,29.600000381469727,28845
2023-03-29 12:25:00-04:00,29.604999542236328,29.61000061035156,29.600000381469727,29.61000061035156,29.61000061035156,6266
2023-03-29 12:26:00-04:00,29.604999542236328,29.61000061035156,29.600000381469727,29.604999542236328,29.604999542236328,25058
2023-03-29 12:27:00-04:00,29.604999542236328,29.614999771118164,29.600000381469727,29.61000061035156,29.61000061035156,44200
2023-03-29 12:28:00-04:00,29.61000061035156,29.6200008392334,29.600000381469727,29.6200008392334,29.6200008392334,43203
2023-03-29 12:29:00-04:00,29.6200008392334,29.6299991607666,29.614999771118164,29.6299991607666,29.6299991607666,8294
2023-03-29 12:30:00-04:00,29.625,29.6299991607666,29.622499465942383,29.625,29.625,4997
2023-03-29 12:31:00-04:00,29.622499465942383,29.63999938964844,29.622499465942383,29.625,29.625,22168
2023-03-29 12:32:00-04:00,29.625,29.6299991607666,29.625,29.625,29.625,2073
2023-03-29 12:33:00-04:00,29.625,29.6299991607666,29.600000381469727,29.600000381469727,29.600000381469727,34012
2023-03-29 12:34:00-04:00,29.59000015258789,29.59000015258789,29.56999969482422,29.56999969482422,29.56999969482422,8585
2023-03-29 12:35:00-04:00,29.57110023498535,29.59000015258789,29.56999969482422,29.584999084472656,29.584999084472656,15359
2023-03-29 12:36:00-04:00,29.584999084472656,29.59000015258789,29.565000534057617,29.565000534057617,29.565000534057617,10512
2023-03-29 12:37:00-04:00,29.56010055541992,29.565000534057617,29.55500030517578,29.55500030517578,29.55500030517578,4753
2023-03-29 12:38:00-04:00,29.55500030517578,29.56999969482422,29.55500030517578,29.56999969482422,29.56999969482422,10631
2023-03-29 12:39:00-04:00,29.565000534057617,29.56999969482422,29.559999465942383,29.56999969482422,29.56999969482422,4062
2023-03-29 12:40:00-04:00,29.565000534057617,29.56999969482422,29.55500030517578,29.55500030517578,29.55500030517578,11677
2023-03-29 12:41:00-04:00,29.559999465942383,29.559999465942383,29.55500030517578,29.55500030517578,29.55500030517578,3952
2023-03-29 12:42:00-04:00,29.559999465942383,29.559999465942383,29.530000686645508,29.530000686645508,29.530000686645508,11920
2023-03-29 12:43:00-04:00,29.530000686645508,29.549999237060547,29.530000686645508,29.549999237060547,29.549999237060547,7398
2023-03-29 12:44:00-04:00,29.549999237060547,29.549999237060547,29.540000915527344,29.545000076293945,29.545000076293945,8953
2023-03-29 12:45:00-04:00,29.545000076293945,29.545000076293945,29.540000915527344,29.545000076293945,29.545000076293945,3131
2023-03-29 12:46:00-04:00,29.540000915527344,29.545000076293945,29.540000915527344,29.545000076293945,29.545000076293945,1244
2023-03-29 12:47:00-04:00,29.545000076293945,29.545000076293945,29.520000457763672,29.520000457763672,29.520000457763672,15659
2023-03-29 12:48:00-04:00,29.524999618530277,29.540000915527344,29.524999618530277,29.524999618530277,29.524999618530277,17061
2023-03-29 12:49:00-04:00,29.530000686645508,29.540000915527344,29.524999618530277,29.539499282836918,29.539499282836918,4477
2023-03-29 12:50:00-04:00,29.53499984741211,29.540000915527344,29.530000686645508,29.540000915527344,29.540000915527344,12904
2023-03-29 12:51:00-04:00,29.540000915527344,29.55900001525879,29.53249931335449,29.55500030517578,29.55500030517578,13142
2023-03-29 12:52:00-04:00,29.55599975585937,29.559999465942383,29.520000457763672,29.524999618530277,29.524999618530277,19822
2023-03-29 12:53:00-04:00,29.524999618530277,29.530000686645508,29.524999618530277,29.524999618530277,29.524999618530277,1261
2023-03-29 12:54:00-04:00,29.524999618530277,29.530000686645508,29.522499084472656,29.530000686645508,29.530000686645508,3388
2023-03-29 12:55:00-04:00,29.530000686645508,29.540000915527344,29.524999618530277,29.53499984741211,29.53499984741211,6230
2023-03-29 12:56:00-04:00,29.530000686645508,29.53499984741211,29.51499938964844,29.517200469970703,29.517200469970703,17584
2023-03-29 12:57:00-04:00,29.51000022888184,29.51499938964844,29.51000022888184,29.51499938964844,29.51499938964844,1387
2023-03-29 12:58:00-04:00,29.51000022888184,29.520000457763672,29.5049991607666,29.51000022888184,29.51000022888184,10139
2023-03-29 12:59:00-04:00,29.5049991607666,29.520000457763672,29.5049991607666,29.520000457763672,29.520000457763672,6505
2023-03-29 13:00:00-04:00,29.520000457763672,29.520000457763672,29.5049991607666,29.5049991607666,29.5049991607666,11874
2023-03-29 13:01:00-04:00,29.5,29.5049991607666,29.5,29.5,29.5,3374
2023-03-29 13:02:00-04:00,29.50200080871582,29.520000457763672,29.5,29.520000457763672,29.520000457763672,11391
2023-03-29 13:03:00-04:00,29.520000457763672,29.530000686645508,29.51000022888184,29.52750015258789,29.52750015258789,23556
2023-03-29 13:04:00-04:00,29.530000686645508,29.530000686645508,29.51000022888184,29.51000022888184,29.51000022888184,11130
2023-03-29 13:05:00-04:00,29.51000022888184,29.530000686645508,29.51000022888184,29.524999618530277,29.524999618530277,19550
2023-03-29 13:06:00-04:00,29.52549934387207,29.540000915527344,29.520000457763672,29.53499984741211,29.53499984741211,16259
2023-03-29 13:07:00-04:00,29.540000915527344,29.559999465942383,29.540000915527344,29.55500030517578,29.55500030517578,37007
2023-03-29 13:08:00-04:00,29.559999465942383,29.57999992370605,29.549999237060547,29.559999465942383,29.559999465942383,28784
2023-03-29 13:09:00-04:00,29.56999969482422,29.575000762939453,29.56010055541992,29.56010055541992,29.56010055541992,8659
2023-03-29 13:10:00-04:00,29.565000534057617,29.59000015258789,29.559999465942383,29.584999084472656,29.584999084472656,28658
2023-03-29 13:11:00-04:00,29.584999084472656,29.59000015258789,29.575000762939453,29.575000762939453,29.575000762939453,9997
2023-03-29 13:12:00-04:00,29.56999969482422,29.57999992370605,29.559999465942383,29.559999465942383,29.559999465942383,10208
2023-03-29 13:13:00-04:00,29.565000534057617,29.565000534057617,29.559999465942383,29.559999465942383,29.559999465942383,2665
2023-03-29 13:14:00-04:00,29.559999465942383,29.575000762939453,29.549999237060547,29.56999969482422,29.56999969482422,56710
2023-03-29 13:15:00-04:00,29.56999969482422,29.57999992370605,29.559999465942383,29.565000534057617,29.565000534057617,10387
2023-03-29 13:16:00-04:00,29.565000534057617,29.575000762939453,29.549999237060547,29.559999465942383,29.559999465942383,44003
2023-03-29 13:17:00-04:00,29.565000534057617,29.56999969482422,29.540000915527344,29.540000915527344,29.540000915527344,25529
2023-03-29 13:18:00-04:00,29.540000915527344,29.540000915527344,29.53499984741211,29.53499984741211,29.53499984741211,5275
2023-03-29 13:19:00-04:00,29.53499984741211,29.540000915527344,29.530000686645508,29.53499984741211,29.53499984741211,2482
2023-03-29 13:20:00-04:00,29.53499984741211,29.559999465942383,29.53499984741211,29.55500030517578,29.55500030517578,14646
2023-03-29 13:21:00-04:00,29.559999465942383,29.559999465942383,29.55500030517578,29.559999465942383,29.559999465942383,3716
2023-03-29 13:22:00-04:00,29.559999465942383,29.559999465942383,29.545000076293945,29.55500030517578,29.55500030517578,18792
2023-03-29 13:23:00-04:00,29.55500030517578,29.55500030517578,29.545000076293945,29.545000076293945,29.545000076293945,8504
2023-03-29 13:24:00-04:00,29.545000076293945,29.549999237060547,29.545000076293945,29.549999237060547,29.549999237060547,4715
2023-03-29 13:25:00-04:00,29.549999237060547,29.559999465942383,29.545000076293945,29.559999465942383,29.559999465942383,8267
2023-03-29 13:26:00-04:00,29.559999465942383,29.565000534057617,29.55500030517578,29.556400299072266,29.556400299072266,33318
2023-03-29 13:27:00-04:00,29.559999465942383,29.559999465942383,29.55500030517578,29.55500030517578,29.55500030517578,5072
2023-03-29 13:28:00-04:00,29.55500030517578,29.56999969482422,29.55500030517578,29.55500030517578,29.55500030517578,14161
2023-03-29 13:29:00-04:00,29.55500030517578,29.56999969482422,29.549999237060547,29.559999465942383,29.559999465942383,14124
2023-03-29 13:30:00-04:00,29.559999465942383,29.565000534057617,29.559999465942383,29.559999465942383,29.559999465942383,9685
2023-03-29 13:31:00-04:00,29.559999465942383,29.56999969482422,29.55500030517578,29.559999465942383,29.559999465942383,18512
2023-03-29 13:32:00-04:00,29.559999465942383,29.559999465942383,29.545000076293945,29.545000076293945,29.545000076293945,9589
2023-03-29 13:33:00-04:00,29.549999237060547,29.549999237060547,29.545000076293945,29.545000076293945,29.545000076293945,2496
2023-03-29 13:34:00-04:00,29.545000076293945,29.545000076293945,29.530000686645508,29.530000686645508,29.530000686645508,9591
2023-03-29 13:35:00-04:00,29.53499984741211,29.549999237060547,29.5,29.524999618530277,29.524999618530277,46336
2023-03-29 13:36:00-04:00,29.524999618530277,29.540000915527344,29.520000457763672,29.540000915527344,29.540000915527344,10589
2023-03-29 13:37:00-04:00,29.53499984741211,29.548999786376957,29.53499984741211,29.545000076293945,29.545000076293945,8896
2023-03-29 13:38:00-04:00,29.545000076293945,29.545000076293945,29.520000457763672,29.520000457763672,29.520000457763672,11924
2023-03-29 13:39:00-04:00,29.530000686645508,29.540000915527344,29.520000457763672,29.520000457763672,29.520000457763672,26619
2023-03-29 13:40:00-04:00,29.520000457763672,29.540000915527344,29.520000457763672,29.540000915527344,29.540000915527344,158492
2023-03-29 13:41:00-04:00,29.53499984741211,29.549999237060547,29.520000457763672,29.530000686645508,29.530000686645508,28682
2023-03-29 13:42:00-04:00,29.530000686645508,29.53499984741211,29.524999618530277,29.53499984741211,29.53499984741211,5007
2023-03-29 13:43:00-04:00,29.53499984741211,29.53499984741211,29.51000022888184,29.51499938964844,29.51499938964844,13190
2023-03-29 13:44:00-04:00,29.520000457763672,29.530000686645508,29.520000457763672,29.524999618530277,29.524999618530277,10386
2023-03-29 13:45:00-04:00,29.524999618530277,29.530000686645508,29.520000457763672,29.530000686645508,29.530000686645508,3892
2023-03-29 13:46:00-04:00,29.530000686645508,29.540000915527344,29.524999618530277,29.540000915527344,29.540000915527344,11110
2023-03-29 13:47:00-04:00,29.537500381469727,29.537500381469727,29.520000457763672,29.53499984741211,29.53499984741211,17710
2023-03-29 13:48:00-04:00,29.53499984741211,29.53499984741211,29.520000457763672,29.524999618530277,29.524999618530277,10379
2023-03-29 13:49:00-04:00,29.524999618530277,29.530000686645508,29.46999931335449,29.4950008392334,29.4950008392334,160984
2023-03-29 13:50:00-04:00,29.489999771118164,29.5049991607666,29.48500061035156,29.489999771118164,29.489999771118164,51228
2023-03-29 13:51:00-04:00,29.48500061035156,29.48500061035156,29.46999931335449,29.46999931335449,29.46999931335449,18017
2023-03-29 13:52:00-04:00,29.475000381469727,29.479999542236328,29.459999084472656,29.46999931335449,29.46999931335449,55762
2023-03-29 13:53:00-04:00,29.475000381469727,29.475000381469727,29.46999931335449,29.47010040283203,29.47010040283203,3511
2023-03-29 13:54:00-04:00,29.46999931335449,29.479999542236328,29.46500015258789,29.479999542236328,29.479999542236328,12026
2023-03-29 13:55:00-04:00,29.479999542236328,29.5049991607666,29.479999542236328,29.5049991607666,29.5049991607666,47454
2023-03-29 13:56:00-04:00,29.5049991607666,29.51000022888184,29.489999771118164,29.51000022888184,29.51000022888184,30932
2023-03-29 13:57:00-04:00,29.51000022888184,29.51000022888184,29.5,29.5049991607666,29.5049991607666,8329
2023-03-29 13:58:00-04:00,29.5049991607666,29.5049991607666,29.489999771118164,29.4950008392334,29.4950008392334,26756
2023-03-29 13:59:00-04:00,29.4950008392334,29.51000022888184,29.4950008392334,29.5049991607666,29.5049991607666,17039
2023-03-29 14:00:00-04:00,29.5049991607666,29.5049991607666,29.5,29.5,29.5,2765
2023-03-29 14:01:00-04:00,29.51000022888184,29.520000457763672,29.5,29.5044002532959,29.5044002532959,15768
2023-03-29 14:02:00-04:00,29.5049991607666,29.5049991607666,29.479999542236328,29.491600036621094,29.491600036621094,16833
2023-03-29 14:03:00-04:00,29.489999771118164,29.4950008392334,29.489999771118164,29.4950008392334,29.4950008392334,8055
2023-03-29 14:04:00-04:00,29.489999771118164,29.51000022888184,29.489999771118164,29.4950008392334,29.4950008392334,24160
2023-03-29 14:05:00-04:00,29.5,29.5,29.4950008392334,29.4950008392334,29.4950008392334,2826
2023-03-29 14:06:00-04:00,29.4950008392334,29.520000457763672,29.490100860595703,29.520000457763672,29.520000457763672,16612
2023-03-29 14:07:00-04:00,29.520000457763672,29.530000686645508,29.51499938964844,29.524999618530277,29.524999618530277,10306
2023-03-29 14:08:00-04:00,29.524999618530277,29.549999237060547,29.524999618530277,29.545000076293945,29.545000076293945,12128
2023-03-29 14:09:00-04:00,29.545000076293945,29.559999465942383,29.540000915527344,29.55500030517578,29.55500030517578,40060
2023-03-29 14:10:00-04:00,29.545000076293945,29.56999969482422,29.540000915527344,29.559999465942383,29.559999465942383,15441
2023-03-29 14:11:00-04:00,29.565000534057617,29.56999969482422,29.549999237060547,29.565000534057617,29.565000534057617,29743
2023-03-29 14:12:00-04:00,29.56999969482422,29.56999969482422,29.549999237060547,29.55500030517578,29.55500030517578,10435
2023-03-29 14:13:00-04:00,29.549999237060547,29.559999465942383,29.540000915527344,29.55500030517578,29.55500030517578,16800
2023-03-29 14:14:00-04:00,29.55500030517578,29.558500289916992,29.540000915527344,29.549999237060547,29.549999237060547,10112
2023-03-29 14:15:00-04:00,29.549999237060547,29.549999237060547,29.530000686645508,29.530000686645508,29.530000686645508,13123
2023-03-29 14:16:00-04:00,29.530000686645508,29.53499984741211,29.520000457763672,29.53499984741211,29.53499984741211,13643
2023-03-29 14:17:00-04:00,29.53499984741211,29.540000915527344,29.530000686645508,29.53499984741211,29.53499984741211,13255
2023-03-29 14:18:00-04:00,29.540000915527344,29.545000076293945,29.53499984741211,29.545000076293945,29.545000076293945,14281
2023-03-29 14:19:00-04:00,29.540000915527344,29.545000076293945,29.530000686645508,29.53499984741211,29.53499984741211,11580
2023-03-29 14:20:00-04:00,29.53499984741211,29.53499984741211,29.520000457763672,29.530000686645508,29.530000686645508,29787
2023-03-29 14:21:00-04:00,29.53499984741211,29.549999237060547,29.530000686645508,29.545000076293945,29.545000076293945,10987
2023-03-29 14:22:00-04:00,29.545000076293945,29.549999237060547,29.520000457763672,29.524999618530277,29.524999618530277,31622
2023-03-29 14:23:00-04:00,29.524999618530277,29.540000915527344,29.520000457763672,29.540000915527344,29.540000915527344,12070
2023-03-29 14:24:00-04:00,29.540000915527344,29.540000915527344,29.530000686645508,29.53499984741211,29.53499984741211,7417
2023-03-29 14:25:00-04:00,29.530000686645508,29.53499984741211,29.520000457763672,29.524999618530277,29.524999618530277,14293
2023-03-29 14:26:00-04:00,29.524999618530277,29.540000915527344,29.520000457763672,29.524999618530277,29.524999618530277,24564
2023-03-29 14:27:00-04:00,29.520000457763672,29.530000686645508,29.520000457763672,29.530000686645508,29.530000686645508,5674
2023-03-29 14:28:00-04:00,29.524999618530277,29.530000686645508,29.522499084472656,29.530000686645508,29.530000686645508,4114
2023-03-29 14:29:00-04:00,29.524999618530277,29.530000686645508,29.51000022888184,29.51499938964844,29.51499938964844,20388
2023-03-29 14:30:00-04:00,29.51499938964844,29.520000457763672,29.51000022888184,29.510099411010746,29.510099411010746,3790
2023-03-29 14:31:00-04:00,29.51499938964844,29.520000457763672,29.51000022888184,29.51499938964844,29.51499938964844,11210
2023-03-29 14:32:00-04:00,29.51499938964844,29.520000457763672,29.5,29.51499938964844,29.51499938964844,31159
2023-03-29 14:33:00-04:00,29.51499938964844,29.51499938964844,29.51000022888184,29.51499938964844,29.51499938964844,12814
2023-03-29 14:34:00-04:00,29.51499938964844,29.520000457763672,29.51000022888184,29.51499938964844,29.51499938964844,7523
2023-03-29 14:35:00-04:00,29.51000022888184,29.520000457763672,29.51000022888184,29.520000457763672,29.520000457763672,10083
2023-03-29 14:36:00-04:00,29.51499938964844,29.51499938964844,29.51499938964844,29.51499938964844,29.51499938964844,3065
2023-03-29 14:37:00-04:00,29.51499938964844,29.540000915527344,29.51000022888184,29.540000915527344,29.540000915527344,19866
2023-03-29 14:38:00-04:00,29.53499984741211,29.540000915527344,29.520000457763672,29.530000686645508,29.530000686645508,32340
2023-03-29 14:39:00-04:00,29.524999618530277,29.540000915527344,29.524999618530277,29.540000915527344,29.540000915527344,13371
2023-03-29 14:40:00-04:00,29.540000915527344,29.540000915527344,29.530000686645508,29.53499984741211,29.53499984741211,7087
2023-03-29 14:41:00-04:00,29.53499984741211,29.540000915527344,29.53499984741211,29.53499984741211,29.53499984741211,3697
2023-03-29 14:42:00-04:00,29.539100646972656,29.540000915527344,29.533899307250977,29.540000915527344,29.540000915527344,5537
2023-03-29 14:43:00-04:00,29.540000915527344,29.540000915527344,29.530000686645508,29.53499984741211,29.53499984741211,18522
2023-03-29 14:44:00-04:00,29.540000915527344,29.55500030517578,29.530000686645508,29.53499984741211,29.53499984741211,55231
2023-03-29 14:45:00-04:00,29.53499984741211,29.540000915527344,29.51499938964844,29.51499938964844,29.51499938964844,24224
2023-03-29 14:46:00-04:00,29.520000457763672,29.520000457763672,29.51000022888184,29.520000457763672,29.520000457763672,7398
2023-03-29 14:47:00-04:00,29.51499938964844,29.549999237060547,29.5049991607666,29.540000915527344,29.540000915527344,54650
2023-03-29 14:48:00-04:00,29.540000915527344,29.540000915527344,29.520000457763672,29.520000457763672,29.520000457763672,11884
2023-03-29 14:49:00-04:00,29.52039909362793,29.530000686645508,29.520000457763672,29.520000457763672,29.520000457763672,16885
2023-03-29 14:50:00-04:00,29.524999618530277,29.524999618530277,29.489999771118164,29.4950008392334,29.4950008392334,24076
2023-03-29 14:51:00-04:00,29.4950008392334,29.5,29.46999931335449,29.46999931335449,29.46999931335449,16076
2023-03-29 14:52:00-04:00,29.46999931335449,29.520000457763672,29.46999931335449,29.4950008392334,29.4950008392334,44027
2023-03-29 14:53:00-04:00,29.5,29.5049991607666,29.5,29.5,29.5,21194
2023-03-29 14:54:00-04:00,29.5049991607666,29.51000022888184,29.489999771118164,29.51000022888184,29.51000022888184,12815
2023-03-29 14:55:00-04:00,29.51000022888184,29.520000457763672,29.5049991607666,29.51499938964844,29.51499938964844,37898
2023-03-29 14:56:00-04:00,29.520000457763672,29.520000457763672,29.51000022888184,29.51499938964844,29.51499938964844,7176
2023-03-29 14:57:00-04:00,29.520000457763672,29.520000457763672,29.5049991607666,29.51000022888184,29.51000022888184,33219
2023-03-29 14:58:00-04:00,29.51000022888184,29.520000457763672,29.5,29.5,29.5,21148
2023-03-29 14:59:00-04:00,29.5,29.5049991607666,29.5,29.5,29.5,3960
2023-03-29 15:00:00-04:00,29.5049991607666,29.51000022888184,29.5,29.5049991607666,29.5049991607666,16465
2023-03-29 15:01:00-04:00,29.51000022888184,29.51000022888184,29.46999931335449,29.489999771118164,29.489999771118164,93811
2023-03-29 15:02:00-04:00,29.479999542236328,29.48500061035156,29.46500015258789,29.46500015258789,29.46500015258789,15339
2023-03-29 15:03:00-04:00,29.46999931335449,29.5,29.46999931335449,29.5,29.5,14638
2023-03-29 15:04:00-04:00,29.4950008392334,29.520000457763672,29.4950008392334,29.51499938964844,29.51499938964844,28301
2023-03-29 15:05:00-04:00,29.51499938964844,29.51499938964844,29.489999771118164,29.5,29.5,15856
2023-03-29 15:06:00-04:00,29.5,29.5,29.489999771118164,29.4950008392334,29.4950008392334,14706
2023-03-29 15:07:00-04:00,29.4950008392334,29.520000457763672,29.489999771118164,29.51499938964844,29.51499938964844,19742
2023-03-29 15:08:00-04:00,29.520000457763672,29.530000686645508,29.51499938964844,29.524999618530277,29.524999618530277,17833
2023-03-29 15:09:00-04:00,29.524999618530277,29.540000915527344,29.520000457763672,29.53499984741211,29.53499984741211,34292
2023-03-29 15:10:00-04:00,29.53499984741211,29.540000915527344,29.524999618530277,29.540000915527344,29.540000915527344,26031
2023-03-29 15:11:00-04:00,29.540000915527344,29.559999465942383,29.540000915527344,29.55500030517578,29.55500030517578,20710
2023-03-29 15:12:00-04:00,29.549999237060547,29.549999237060547,29.540000915527344,29.547700881958008,29.547700881958008,8043
2023-03-29 15:13:00-04:00,29.545000076293945,29.559999465942383,29.545000076293945,29.559999465942383,29.559999465942383,25722
2023-03-29 15:14:00-04:00,29.55500030517578,29.559999465942383,29.549999237060547,29.549999237060547,29.549999237060547,16051
2023-03-29 15:15:00-04:00,29.55500030517578,29.57999992370605,29.55500030517578,29.57999992370605,29.57999992370605,18756
2023-03-29 15:16:00-04:00,29.57999992370605,29.600000381469727,29.57999992370605,29.600000381469727,29.600000381469727,14939
2023-03-29 15:17:00-04:00,29.600000381469727,29.61000061035156,29.59499931335449,29.59499931335449,29.59499931335449,24205
2023-03-29 15:18:00-04:00,29.600000381469727,29.6200008392334,29.600000381469727,29.61000061035156,29.61000061035156,14947
2023-03-29 15:19:00-04:00,29.614999771118164,29.6200008392334,29.61000061035156,29.614999771118164,29.614999771118164,10210
2023-03-29 15:20:00-04:00,29.614999771118164,29.6200008392334,29.604999542236328,29.61000061035156,29.61000061035156,21718
2023-03-29 15:21:00-04:00,29.604999542236328,29.6200008392334,29.604999542236328,29.614999771118164,29.614999771118164,34028
2023-03-29 15:22:00-04:00,29.6200008392334,29.6299991607666,29.6200008392334,29.625,29.625,14624
2023-03-29 15:23:00-04:00,29.625,29.6299991607666,29.61000061035156,29.614999771118164,29.614999771118164,39757
2023-03-29 15:24:00-04:00,29.6200008392334,29.6200008392334,29.600000381469727,29.604999542236328,29.604999542236328,30124
2023-03-29 15:25:00-04:00,29.604999542236328,29.61000061035156,29.57999992370605,29.59000015258789,29.59000015258789,26468
2023-03-29 15:26:00-04:00,29.59000015258789,29.61000061035156,29.59000015258789,29.59000015258789,29.59000015258789,62749
2023-03-29 15:27:00-04:00,29.584999084472656,29.600000381469727,29.57999992370605,29.600000381469727,29.600000381469727,15427
2023-03-29 15:28:00-04:00,29.600000381469727,29.61000061035156,29.59000015258789,29.59499931335449,29.59499931335449,41550
2023-03-29 15:29:00-04:00,29.59499931335449,29.59499931335449,29.584999084472656,29.59499931335449,29.59499931335449,17986
2023-03-29 15:30:00-04:00,29.59000015258789,29.600000381469727,29.575000762939453,29.57999992370605,29.57999992370605,38679
2023-03-29 15:31:00-04:00,29.59000015258789,29.59000015258789,29.57999992370605,29.584999084472656,29.584999084472656,65557
2023-03-29 15:32:00-04:00,29.584999084472656,29.59000015258789,29.57999992370605,29.584999084472656,29.584999084472656,9064
2023-03-29 15:33:00-04:00,29.584999084472656,29.59000015258789,29.56999969482422,29.584999084472656,29.584999084472656,55680
2023-03-29 15:34:00-04:00,29.584999084472656,29.584999084472656,29.57999992370605,29.584999084472656,29.584999084472656,23963
2023-03-29 15:35:00-04:00,29.57999992370605,29.57999992370605,29.56999969482422,29.575000762939453,29.575000762939453,26368
2023-03-29 15:36:00-04:00,29.575000762939453,29.57999992370605,29.549999237060547,29.565000534057617,29.565000534057617,67406
2023-03-29 15:37:00-04:00,29.565000534057617,29.56999969482422,29.559999465942383,29.565000534057617,29.565000534057617,28737
2023-03-29 15:38:00-04:00,29.565000534057617,29.584999084472656,29.559999465942383,29.575000762939453,29.575000762939453,27121
2023-03-29 15:39:00-04:00,29.57999992370605,29.57999992370605,29.565000534057617,29.575000762939453,29.575000762939453,27658
2023-03-29 15:40:00-04:00,29.57999992370605,29.57999992370605,29.56010055541992,29.565000534057617,29.565000534057617,31532
2023-03-29 15:41:00-04:00,29.559999465942383,29.575000762939453,29.559999465942383,29.575000762939453,29.575000762939453,19578
2023-03-29 15:42:00-04:00,29.575000762939453,29.575000762939453,29.549999237060547,29.565000534057617,29.565000534057617,48780
2023-03-29 15:43:00-04:00,29.56999969482422,29.575000762939453,29.559999465942383,29.575000762939453,29.575000762939453,27492
2023-03-29 15:44:00-04:00,29.575000762939453,29.59000015258789,29.56999969482422,29.575000762939453,29.575000762939453,23765
2023-03-29 15:45:00-04:00,29.56999969482422,29.59499931335449,29.565000534057617,29.59499931335449,29.59499931335449,59139
2023-03-29 15:46:00-04:00,29.59499931335449,29.597999572753903,29.57999992370605,29.584999084472656,29.584999084472656,33306
2023-03-29 15:47:00-04:00,29.57999992370605,29.59499931335449,29.56999969482422,29.59000015258789,29.59000015258789,42633
2023-03-29 15:48:00-04:00,29.59000015258789,29.59499931335449,29.57999992370605,29.59499931335449,29.59499931335449,29508
2023-03-29 15:49:00-04:00,29.600000381469727,29.61000061035156,29.59499931335449,29.600000381469727,29.600000381469727,47688
2023-03-29 15:50:00-04:00,29.59000015258789,29.604999542236328,29.56999969482422,29.600000381469727,29.600000381469727,70547
2023-03-29 15:51:00-04:00,29.59499931335449,29.61000061035156,29.59000015258789,29.61000061035156,29.61000061035156,38835
2023-03-29 15:52:00-04:00,29.600000381469727,29.6200008392334,29.600000381469727,29.6200008392334,29.6200008392334,32380
2023-03-29 15:53:00-04:00,29.6200008392334,29.6200008392334,29.59499931335449,29.61000061035156,29.61000061035156,124055
2023-03-29 15:54:00-04:00,29.604999542236328,29.6200008392334,29.57999992370605,29.584999084472656,29.584999084472656,188328
2023-03-29 15:55:00-04:00,29.57999992370605,29.6200008392334,29.57999992370605,29.61000061035156,29.61000061035156,125775
2023-03-29 15:56:00-04:00,29.61000061035156,29.61000061035156,29.56999969482422,29.59000015258789,29.59000015258789,125176
2023-03-29 15:57:00-04:00,29.584999084472656,29.600000381469727,29.56999969482422,29.57999992370605,29.57999992370605,104027
2023-03-29 15:58:00-04:00,29.57990074157715,29.59000015258789,29.56999969482422,29.584999084472656,29.584999084472656,115116
2023-03-29 15:59:00-04:00,29.584999084472656,29.59000015258789,29.56999969482422,29.59000015258789,29.59000015258789,260786
2023-03-30 09:30:00-04:00,29.770000457763672,29.940000534057617,29.770000457763672,29.93000030517578,29.93000030517578,292207
2023-03-30 09:31:00-04:00,29.93000030517578,29.93000030517578,29.88999938964844,29.895000457763672,29.895000457763672,30677
2023-03-30 09:32:00-04:00,29.895000457763672,29.90999984741211,29.8700008392334,29.88999938964844,29.88999938964844,39863
2023-03-30 09:33:00-04:00,29.8799991607666,29.88500022888184,29.84499931335449,29.850000381469727,29.850000381469727,17795
2023-03-30 09:34:00-04:00,29.854999542236328,29.8799991607666,29.84499931335449,29.86000061035156,29.86000061035156,14595
2023-03-30 09:35:00-04:00,29.864999771118164,29.8700008392334,29.84000015258789,29.850000381469727,29.850000381469727,16118
2023-03-30 09:36:00-04:00,29.850000381469727,29.854999542236328,29.82999992370605,29.82999992370605,29.82999992370605,11502
2023-03-30 09:37:00-04:00,29.84000015258789,29.86000061035156,29.82999992370605,29.854999542236328,29.854999542236328,18475
2023-03-30 09:38:00-04:00,29.856800079345703,29.920000076293945,29.854999542236328,29.920000076293945,29.920000076293945,14756
2023-03-30 09:39:00-04:00,29.915000915527344,29.940000534057617,29.899999618530277,29.899999618530277,29.899999618530277,29552
2023-03-30 09:40:00-04:00,29.905000686645508,29.93000030517578,29.88999938964844,29.88999938964844,29.88999938964844,21016
2023-03-30 09:41:00-04:00,29.895000457763672,29.920000076293945,29.8799991607666,29.88999938964844,29.88999938964844,30333
2023-03-30 09:42:00-04:00,29.88999938964844,29.895000457763672,29.8700008392334,29.8700008392334,29.8700008392334,34181
2023-03-30 09:43:00-04:00,29.864999771118164,29.8799991607666,29.84000015258789,29.86000061035156,29.86000061035156,17969
2023-03-30 09:44:00-04:00,29.86000061035156,29.8700008392334,29.84000015258789,29.850000381469727,29.850000381469727,15925
2023-03-30 09:45:00-04:00,29.86000061035156,29.864999771118164,29.84000015258789,29.84000015258789,29.84000015258789,21295
2023-03-30 09:46:00-04:00,29.84499931335449,29.8799991607666,29.84499931335449,29.850000381469727,29.850000381469727,25159
2023-03-30 09:47:00-04:00,29.84499931335449,29.86000061035156,29.84000015258789,29.858800888061523,29.858800888061523,4303
2023-03-30 09:48:00-04:00,29.86000061035156,29.8700008392334,29.850000381469727,29.86000061035156,29.86000061035156,10300
2023-03-30 09:49:00-04:00,29.854999542236328,29.8700008392334,29.84499931335449,29.864999771118164,29.864999771118164,14325
2023-03-30 09:50:00-04:00,29.864999771118164,29.864999771118164,29.809999465942383,29.809999465942383,29.809999465942383,26072
2023-03-30 09:51:00-04:00,29.809999465942383,29.81999969482422,29.799999237060547,29.81999969482422,29.81999969482422,22225
2023-03-30 09:52:00-04:00,29.815000534057617,29.825000762939453,29.809999465942383,29.81999969482422,29.81999969482422,11770
2023-03-30 09:53:00-04:00,29.81999969482422,29.834999084472656,29.815000534057617,29.82999992370605,29.82999992370605,31009
2023-03-30 09:54:00-04:00,29.825000762939453,29.84000015258789,29.815000534057617,29.82999992370605,29.82999992370605,39760
2023-03-30 09:55:00-04:00,29.82999992370605,29.850000381469727,29.80500030517578,29.81999969482422,29.81999969482422,25970
2023-03-30 09:56:00-04:00,29.809999465942383,29.850000381469727,29.809999465942383,29.82999992370605,29.82999992370605,23927
2023-03-30 09:57:00-04:00,29.834999084472656,29.850000381469727,29.81999969482422,29.84499931335449,29.84499931335449,32487
2023-03-30 09:58:00-04:00,29.84000015258789,29.84000015258789,29.809999465942383,29.81999969482422,29.81999969482422,10656
2023-03-30 09:59:00-04:00,29.82999992370605,29.84000015258789,29.81999969482422,29.84000015258789,29.84000015258789,23134
2023-03-30 10:00:00-04:00,29.84000015258789,29.8700008392334,29.82999992370605,29.864999771118164,29.864999771118164,46098
2023-03-30 10:01:00-04:00,29.864999771118164,29.8799991607666,29.86000061035156,29.864999771118164,29.864999771118164,50160
2023-03-30 10:02:00-04:00,29.850000381469727,29.86000061035156,29.82999992370605,29.84499931335449,29.84499931335449,27148
2023-03-30 10:03:00-04:00,29.84000015258789,29.86000061035156,29.84000015258789,29.84499931335449,29.84499931335449,19732
2023-03-30 10:04:00-04:00,29.84000015258789,29.850000381469727,29.84000015258789,29.84499931335449,29.84499931335449,17228
2023-03-30 10:05:00-04:00,29.84000015258789,29.84499931335449,29.809999465942383,29.834999084472656,29.834999084472656,20796
2023-03-30 10:06:00-04:00,29.82999992370605,29.86000061035156,29.80500030517578,29.80500030517578,29.80500030517578,25778
2023-03-30 10:07:00-04:00,29.799999237060547,29.825000762939453,29.780000686645508,29.825000762939453,29.825000762939453,31641
2023-03-30 10:08:00-04:00,29.834999084472656,29.854999542236328,29.82999992370605,29.84000015258789,29.84000015258789,5194
2023-03-30 10:09:00-04:00,29.84000015258789,29.84499931335449,29.82999992370605,29.82999992370605,29.82999992370605,14196
2023-03-30 10:10:00-04:00,29.82999992370605,29.84499931335449,29.82999992370605,29.84499931335449,29.84499931335449,6474
2023-03-30 10:11:00-04:00,29.848100662231445,29.854999542236328,29.84000015258789,29.854999542236328,29.854999542236328,5953
2023-03-30 10:12:00-04:00,29.850000381469727,29.850000381469727,29.78499984741211,29.78499984741211,29.78499984741211,44452
2023-03-30 10:13:00-04:00,29.78499984741211,29.790000915527344,29.76000022888184,29.780000686645508,29.780000686645508,22002
2023-03-30 10:14:00-04:00,29.780000686645508,29.78499984741211,29.76499938964844,29.78499984741211,29.78499984741211,8206
2023-03-30 10:15:00-04:00,29.780000686645508,29.815000534057617,29.774999618530277,29.815000534057617,29.815000534057617,26219
2023-03-30 10:16:00-04:00,29.815000534057617,29.81999969482422,29.795000076293945,29.809999465942383,29.809999465942383,12204
2023-03-30 10:17:00-04:00,29.80500030517578,29.80990028381348,29.780000686645508,29.80990028381348,29.80990028381348,9495
2023-03-30 10:18:00-04:00,29.80500030517578,29.809999465942383,29.790000915527344,29.795000076293945,29.795000076293945,18245
2023-03-30 10:19:00-04:00,29.795000076293945,29.815000534057617,29.795000076293945,29.809999465942383,29.809999465942383,21238
2023-03-30 10:20:00-04:00,29.809999465942383,29.82699966430664,29.799999237060547,29.81999969482422,29.81999969482422,13749
2023-03-30 10:21:00-04:00,29.81999969482422,29.81999969482422,29.790000915527344,29.790000915527344,29.790000915527344,60191
2023-03-30 10:22:00-04:00,29.78499984741211,29.80500030517578,29.78499984741211,29.799999237060547,29.799999237060547,13400
2023-03-30 10:23:00-04:00,29.799999237060547,29.799999237060547,29.790000915527344,29.795000076293945,29.795000076293945,5336
2023-03-30 10:24:00-04:00,29.795000076293945,29.81999969482422,29.790000915527344,29.815000534057617,29.815000534057617,28651
2023-03-30 10:25:00-04:00,29.81999969482422,29.81999969482422,29.809999465942383,29.815000534057617,29.815000534057617,10827
2023-03-30 10:26:00-04:00,29.815000534057617,29.850000381469727,29.815000534057617,29.84499931335449,29.84499931335449,21998
2023-03-30 10:27:00-04:00,29.84499931335449,29.86000061035156,29.84000015258789,29.850000381469727,29.850000381469727,21074
2023-03-30 10:28:00-04:00,29.86000061035156,29.86000061035156,29.81999969482422,29.825000762939453,29.825000762939453,26861
2023-03-30 10:29:00-04:00,29.825000762939453,29.82999992370605,29.809999465942383,29.809999465942383,29.809999465942383,10523
2023-03-30 10:30:00-04:00,29.815000534057617,29.854999542236328,29.815000534057617,29.84499931335449,29.84499931335449,21039
2023-03-30 10:31:00-04:00,29.850000381469727,29.875,29.850000381469727,29.875,29.875,18235
2023-03-30 10:32:00-04:00,29.875,29.87700080871582,29.854999542236328,29.864999771118164,29.864999771118164,35840
2023-03-30 10:33:00-04:00,29.864999771118164,29.864999771118164,29.84000015258789,29.84499931335449,29.84499931335449,7402
2023-03-30 10:34:00-04:00,29.84499931335449,29.850000381469727,29.809999465942383,29.815000534057617,29.815000534057617,31459
2023-03-30 10:35:00-04:00,29.815000534057617,29.82999992370605,29.799999237060547,29.80500030517578,29.80500030517578,23160
2023-03-30 10:36:00-04:00,29.809999465942383,29.825000762939453,29.809999465942383,29.815000534057617,29.815000534057617,23144
2023-03-30 10:37:00-04:00,29.815000534057617,29.825000762939453,29.80500030517578,29.815000534057617,29.815000534057617,11146
2023-03-30 10:38:00-04:00,29.81999969482422,29.84499931335449,29.81999969482422,29.82999992370605,29.82999992370605,20878
2023-03-30 10:39:00-04:00,29.834999084472656,29.86000061035156,29.834999084472656,29.86000061035156,29.86000061035156,3844
2023-03-30 10:40:00-04:00,29.854999542236328,29.8700008392334,29.854999542236328,29.854999542236328,29.854999542236328,11132
2023-03-30 10:41:00-04:00,29.86000061035156,29.864999771118164,29.86000061035156,29.86000061035156,29.86000061035156,8902
2023-03-30 10:42:00-04:00,29.864999771118164,29.8700008392334,29.850000381469727,29.850000381469727,29.850000381469727,4274
2023-03-30 10:43:00-04:00,29.854999542236328,29.854999542236328,29.84000015258789,29.84499931335449,29.84499931335449,15695
2023-03-30 10:44:00-04:00,29.850000381469727,29.864999771118164,29.84000015258789,29.854999542236328,29.854999542236328,16382
2023-03-30 10:45:00-04:00,29.850000381469727,29.854999542236328,29.850000381469727,29.850000381469727,29.850000381469727,4539
2023-03-30 10:46:00-04:00,29.84000015258789,29.850000381469727,29.82999992370605,29.850000381469727,29.850000381469727,6084
2023-03-30 10:47:00-04:00,29.84499931335449,29.86000061035156,29.84499931335449,29.86000061035156,29.86000061035156,8974
2023-03-30 10:48:00-04:00,29.86000061035156,29.86000061035156,29.84000015258789,29.84000015258789,29.84000015258789,6450
2023-03-30 10:49:00-04:00,29.84499931335449,29.84499931335449,29.834999084472656,29.84000015258789,29.84000015258789,11261
2023-03-30 10:50:00-04:00,29.84000015258789,29.84000015258789,29.809999465942383,29.81999969482422,29.81999969482422,49398
2023-03-30 10:51:00-04:00,29.81999969482422,29.82999992370605,29.815000534057617,29.825000762939453,29.825000762939453,24359
2023-03-30 10:52:00-04:00,29.82999992370605,29.84000015258789,29.799999237060547,29.799999237060547,29.799999237060547,24296
2023-03-30 10:53:00-04:00,29.799999237060547,29.80500030517578,29.780000686645508,29.799999237060547,29.799999237060547,25861
2023-03-30 10:54:00-04:00,29.795000076293945,29.799999237060547,29.790000915527344,29.799999237060547,29.799999237060547,4037
2023-03-30 10:55:00-04:00,29.799999237060547,29.799999237060547,29.76000022888184,29.76000022888184,29.76000022888184,24941
2023-03-30 10:56:00-04:00,29.770000457763672,29.770000457763672,29.7549991607666,29.770000457763672,29.770000457763672,18948
2023-03-30 10:57:00-04:00,29.76919937133789,29.770000457763672,29.76000022888184,29.76499938964844,29.76499938964844,1716
2023-03-30 10:58:00-04:00,29.76000022888184,29.76000022888184,29.74220085144043,29.75,29.75,10814
2023-03-30 10:59:00-04:00,29.75,29.76000022888184,29.71999931335449,29.725000381469727,29.725000381469727,31041
2023-03-30 11:00:00-04:00,29.71999931335449,29.739999771118164,29.71999931335449,29.725000381469727,29.725000381469727,21841
2023-03-30 11:01:00-04:00,29.71999931335449,29.729999542236328,29.71999931335449,29.725000381469727,29.725000381469727,6389
2023-03-30 11:02:00-04:00,29.720600128173828,29.727500915527344,29.700000762939453,29.709999084472656,29.709999084472656,21629
2023-03-30 11:03:00-04:00,29.709999084472656,29.71999931335449,29.709999084472656,29.71500015258789,29.71500015258789,9226
2023-03-30 11:04:00-04:00,29.71500015258789,29.71999931335449,29.690000534057617,29.70499992370605,29.70499992370605,23724
2023-03-30 11:05:00-04:00,29.70499992370605,29.71999931335449,29.700000762939453,29.71500015258789,29.71500015258789,22385
2023-03-30 11:06:00-04:00,29.709999084472656,29.71999931335449,29.70499992370605,29.709999084472656,29.709999084472656,19183
2023-03-30 11:07:00-04:00,29.709999084472656,29.71500015258789,29.700000762939453,29.70499992370605,29.70499992370605,18440
2023-03-30 11:08:00-04:00,29.70499992370605,29.709999084472656,29.690000534057617,29.69499969482422,29.69499969482422,67022
2023-03-30 11:09:00-04:00,29.69499969482422,29.70499992370605,29.684999465942383,29.69499969482422,29.69499969482422,49709
2023-03-30 11:10:00-04:00,29.69499969482422,29.700000762939453,29.690000534057617,29.69109916687012,29.69109916687012,17692
2023-03-30 11:11:00-04:00,29.690000534057617,29.700000762939453,29.670000076293945,29.674999237060547,29.674999237060547,20739
2023-03-30 11:12:00-04:00,29.670000076293945,29.68000030517578,29.649999618530277,29.65999984741211,29.65999984741211,50937
2023-03-30 11:13:00-04:00,29.649999618530277,29.649999618530277,29.63999938964844,29.645000457763672,29.645000457763672,10684
2023-03-30 11:14:00-04:00,29.645000457763672,29.645000457763672,29.625,29.625,29.625,16305
2023-03-30 11:15:00-04:00,29.625,29.63999938964844,29.614999771118164,29.625,29.625,20812
2023-03-30 11:16:00-04:00,29.6200008392334,29.6200008392334,29.600000381469727,29.600000381469727,29.600000381469727,15638
2023-03-30 11:17:00-04:00,29.600000381469727,29.61000061035156,29.584999084472656,29.604999542236328,29.604999542236328,33319
2023-03-30 11:18:00-04:00,29.604999542236328,29.61000061035156,29.59000015258789,29.604999542236328,29.604999542236328,10352
2023-03-30 11:19:00-04:00,29.61000061035156,29.6200008392334,29.600000381469727,29.614999771118164,29.614999771118164,31605
2023-03-30 11:20:00-04:00,29.6200008392334,29.6200008392334,29.59000015258789,29.59000015258789,29.59000015258789,22632
2023-03-30 11:21:00-04:00,29.59000015258789,29.61000061035156,29.59000015258789,29.604999542236328,29.604999542236328,14619
2023-03-30 11:22:00-04:00,29.600000381469727,29.607799530029297,29.600000381469727,29.600000381469727,29.600000381469727,5501
2023-03-30 11:23:00-04:00,29.600000381469727,29.61000061035156,29.59499931335449,29.604999542236328,29.604999542236328,24540
2023-03-30 11:24:00-04:00,29.604999542236328,29.6200008392334,29.600000381469727,29.614999771118164,29.614999771118164,29777
2023-03-30 11:25:00-04:00,29.61000061035156,29.6200008392334,29.600000381469727,29.614999771118164,29.614999771118164,17997
2023-03-30 11:26:00-04:00,29.614999771118164,29.614999771118164,29.604999542236328,29.61000061035156,29.61000061035156,19217
2023-03-30 11:27:00-04:00,29.6200008392334,29.6200008392334,29.61000061035156,29.61000061035156,29.61000061035156,16823
2023-03-30 11:28:00-04:00,29.61000061035156,29.625,29.604999542236328,29.614999771118164,29.614999771118164,17855
2023-03-30 11:29:00-04:00,29.6200008392334,29.628999710083008,29.6200008392334,29.625,29.625,9471
2023-03-30 11:30:00-04:00,29.625,29.63999938964844,29.6200008392334,29.625,29.625,22598
2023-03-30 11:31:00-04:00,29.625,29.6299991607666,29.614999771118164,29.620100021362305,29.620100021362305,10841
2023-03-30 11:32:00-04:00,29.625,29.6299991607666,29.6200008392334,29.6200008392334,29.6200008392334,6594
2023-03-30 11:33:00-04:00,29.6299991607666,29.63500022888184,29.61009979248047,29.614999771118164,29.614999771118164,17841
2023-03-30 11:34:00-04:00,29.614999771118164,29.625,29.604999542236328,29.614999771118164,29.614999771118164,23867
2023-03-30 11:35:00-04:00,29.6200008392334,29.625,29.6200008392334,29.625,29.625,6106
2023-03-30 11:36:00-04:00,29.625,29.63500022888184,29.614999771118164,29.63500022888184,29.63500022888184,31470
2023-03-30 11:37:00-04:00,29.63500022888184,29.63500022888184,29.61000061035156,29.614999771118164,29.614999771118164,21383
2023-03-30 11:38:00-04:00,29.614999771118164,29.63999938964844,29.61000061035156,29.6299991607666,29.6299991607666,26785
2023-03-30 11:39:00-04:00,29.63500022888184,29.63500022888184,29.6200008392334,29.625,29.625,10763
2023-03-30 11:40:00-04:00,29.625,29.655000686645508,29.625,29.63999938964844,29.63999938964844,46144
2023-03-30 11:41:00-04:00,29.63999938964844,29.655000686645508,29.6299991607666,29.655000686645508,29.655000686645508,33158
2023-03-30 11:42:00-04:00,29.655000686645508,29.670000076293945,29.655000686645508,29.655000686645508,29.655000686645508,27629
2023-03-30 11:43:00-04:00,29.65999984741211,29.679000854492188,29.655000686645508,29.674999237060547,29.674999237060547,7383
2023-03-30 11:44:00-04:00,29.67650032043457,29.68000030517578,29.65999984741211,29.665000915527344,29.665000915527344,14105
2023-03-30 11:45:00-04:00,29.665700912475582,29.69499969482422,29.65999984741211,29.69499969482422,29.69499969482422,26284
2023-03-30 11:46:00-04:00,29.69499969482422,29.700000762939453,29.670000076293945,29.674999237060547,29.674999237060547,20767
2023-03-30 11:47:00-04:00,29.670000076293945,29.670000076293945,29.6299991607666,29.63500022888184,29.63500022888184,48254
2023-03-30 11:48:00-04:00,29.63500022888184,29.655000686645508,29.625,29.645000457763672,29.645000457763672,9197
2023-03-30 11:49:00-04:00,29.63999938964844,29.645000457763672,29.6299991607666,29.645000457763672,29.645000457763672,8921
2023-03-30 11:50:00-04:00,29.63999938964844,29.65999984741211,29.63999938964844,29.655000686645508,29.655000686645508,4456
2023-03-30 11:51:00-04:00,29.65999984741211,29.68000030517578,29.655000686645508,29.68000030517578,29.68000030517578,13766
2023-03-30 11:52:00-04:00,29.68000030517578,29.68000030517578,29.649999618530277,29.665000915527344,29.665000915527344,24650
2023-03-30 11:53:00-04:00,29.665000915527344,29.66990089416504,29.63999938964844,29.655000686645508,29.655000686645508,24758
2023-03-30 11:54:00-04:00,29.65999984741211,29.684999465942383,29.65999984741211,29.684999465942383,29.684999465942383,51464
2023-03-30 11:55:00-04:00,29.684999465942383,29.69499969482422,29.68000030517578,29.684999465942383,29.684999465942383,22849
2023-03-30 11:56:00-04:00,29.690000534057617,29.709199905395508,29.690000534057617,29.70499992370605,29.70499992370605,16415
2023-03-30 11:57:00-04:00,29.70499992370605,29.709999084472656,29.69499969482422,29.69499969482422,29.69499969482422,17301
2023-03-30 11:58:00-04:00,29.69499969482422,29.700000762939453,29.690000534057617,29.69499969482422,29.69499969482422,3537
2023-03-30 11:59:00-04:00,29.690000534057617,29.690000534057617,29.645000457763672,29.645000457763672,29.645000457763672,19142
2023-03-30 12:00:00-04:00,29.640100479125977,29.65999984741211,29.63500022888184,29.63500022888184,29.63500022888184,14755
2023-03-30 12:01:00-04:00,29.63500022888184,29.63500022888184,29.61000061035156,29.6299991607666,29.6299991607666,9594
2023-03-30 12:02:00-04:00,29.625,29.6299991607666,29.6200008392334,29.625,29.625,2756
2023-03-30 12:03:00-04:00,29.625,29.6299991607666,29.6200008392334,29.625,29.625,4972
2023-03-30 12:04:00-04:00,29.625,29.63500022888184,29.6200008392334,29.62700080871582,29.62700080871582,23140
2023-03-30 12:05:00-04:00,29.6299991607666,29.6299991607666,29.614999771118164,29.625,29.625,14785
2023-03-30 12:06:00-04:00,29.625,29.625,29.614999771118164,29.6200008392334,29.6200008392334,17572
2023-03-30 12:07:00-04:00,29.614999771118164,29.63500022888184,29.61000061035156,29.6299991607666,29.6299991607666,25507
2023-03-30 12:08:00-04:00,29.625,29.6299991607666,29.6200008392334,29.625,29.625,2740
2023-03-30 12:09:00-04:00,29.6200008392334,29.628400802612305,29.6200008392334,29.625,29.625,5570
2023-03-30 12:10:00-04:00,29.625,29.6299991607666,29.6200008392334,29.625,29.625,4063
2023-03-30 12:11:00-04:00,29.625,29.6299991607666,29.6200008392334,29.625,29.625,3303
2023-03-30 12:12:00-04:00,29.625,29.625,29.62150001525879,29.625,29.625,2593
2023-03-30 12:13:00-04:00,29.625,29.63999938964844,29.604999542236328,29.604999542236328,29.604999542236328,28809
2023-03-30 12:14:00-04:00,29.604999542236328,29.61000061035156,29.604999542236328,29.604999542236328,29.604999542236328,6778
2023-03-30 12:15:00-04:00,29.60330009460449,29.604999542236328,29.575000762939453,29.575000762939453,29.575000762939453,23474
2023-03-30 12:16:00-04:00,29.575000762939453,29.584999084472656,29.565000534057617,29.575000762939453,29.575000762939453,21420
2023-03-30 12:17:00-04:00,29.57999992370605,29.57999992370605,29.562400817871094,29.575000762939453,29.575000762939453,11409
2023-03-30 12:18:00-04:00,29.575000762939453,29.57999992370605,29.56999969482422,29.575000762939453,29.575000762939453,5318
2023-03-30 12:19:00-04:00,29.57999992370605,29.59000015258789,29.56999969482422,29.584999084472656,29.584999084472656,13685
2023-03-30 12:20:00-04:00,29.57999992370605,29.584999084472656,29.559999465942383,29.575000762939453,29.575000762939453,14182
2023-03-30 12:21:00-04:00,29.575000762939453,29.575000762939453,29.559999465942383,29.575000762939453,29.575000762939453,9078
2023-03-30 12:22:00-04:00,29.575000762939453,29.584999084472656,29.565000534057617,29.565000534057617,29.565000534057617,15077
2023-03-30 12:23:00-04:00,29.56999969482422,29.59000015258789,29.56999969482422,29.59000015258789,29.59000015258789,10305
2023-03-30 12:24:00-04:00,29.584999084472656,29.59000015258789,29.559999465942383,29.565000534057617,29.565000534057617,23272
2023-03-30 12:25:00-04:00,29.565000534057617,29.57999992370605,29.559999465942383,29.57999992370605,29.57999992370605,6857
2023-03-30 12:26:00-04:00,29.575000762939453,29.59000015258789,29.565000534057617,29.584999084472656,29.584999084472656,31662
2023-03-30 12:27:00-04:00,29.584999084472656,29.584999084472656,29.57439994812012,29.575000762939453,29.575000762939453,9197
2023-03-30 12:28:00-04:00,29.57999992370605,29.57999992370605,29.575000762939453,29.575000762939453,29.575000762939453,4019
2023-03-30 12:29:00-04:00,29.57999992370605,29.57999992370605,29.57010078430176,29.575000762939453,29.575000762939453,3580
2023-03-30 12:30:00-04:00,29.571199417114254,29.57990074157715,29.56999969482422,29.57990074157715,29.57990074157715,7197
2023-03-30 12:31:00-04:00,29.575000762939453,29.584999084472656,29.559999465942383,29.575000762939453,29.575000762939453,23927
2023-03-30 12:32:00-04:00,29.575000762939453,29.57999992370605,29.549999237060547,29.55500030517578,29.55500030517578,22845
2023-03-30 12:33:00-04:00,29.549999237060547,29.56999969482422,29.549999237060547,29.565000534057617,29.565000534057617,20797
2023-03-30 12:34:00-04:00,29.565000534057617,29.56999969482422,29.55500030517578,29.565000534057617,29.565000534057617,25584
2023-03-30 12:35:00-04:00,29.565000534057617,29.57999992370605,29.559999465942383,29.575000762939453,29.575000762939453,10578
2023-03-30 12:36:00-04:00,29.575000762939453,29.57999992370605,29.56999969482422,29.57999992370605,29.57999992370605,8914
2023-03-30 12:37:00-04:00,29.575000762939453,29.575000762939453,29.549999237060547,29.55990028381348,29.55990028381348,18685
2023-03-30 12:38:00-04:00,29.55500030517578,29.565000534057617,29.55500030517578,29.565000534057617,29.565000534057617,21811
2023-03-30 12:39:00-04:00,29.565000534057617,29.565000534057617,29.545000076293945,29.545000076293945,29.545000076293945,13849
2023-03-30 12:40:00-04:00,29.545000076293945,29.549999237060547,29.53499984741211,29.53499984741211,29.53499984741211,6800
2023-03-30 12:41:00-04:00,29.540000915527344,29.55500030517578,29.540000915527344,29.55500030517578,29.55500030517578,27769
2023-03-30 12:42:00-04:00,29.55500030517578,29.57999992370605,29.55500030517578,29.57010078430176,29.57010078430176,16788
2023-03-30 12:43:00-04:00,29.57999992370605,29.57999992370605,29.540000915527344,29.549999237060547,29.549999237060547,40219
2023-03-30 12:44:00-04:00,29.55500030517578,29.56999969482422,29.55500030517578,29.56999969482422,29.56999969482422,9190
2023-03-30 12:45:00-04:00,29.56999969482422,29.575000762939453,29.563600540161133,29.565000534057617,29.565000534057617,18637
2023-03-30 12:46:00-04:00,29.565000534057617,29.565000534057617,29.53459930419922,29.53459930419922,29.53459930419922,15408
2023-03-30 12:47:00-04:00,29.53499984741211,29.53499984741211,29.530000686645508,29.53499984741211,29.53499984741211,4546
2023-03-30 12:48:00-04:00,29.53499984741211,29.53499984741211,29.52199935913086,29.524999618530277,29.524999618530277,6754
2023-03-30 12:49:00-04:00,29.524999618530277,29.540000915527344,29.524999618530277,29.53499984741211,29.53499984741211,10741
2023-03-30 12:50:00-04:00,29.530000686645508,29.540000915527344,29.524999618530277,29.53499984741211,29.53499984741211,18990
2023-03-30 12:51:00-04:00,29.540000915527344,29.545000076293945,29.530500411987305,29.545000076293945,29.545000076293945,19641
2023-03-30 12:52:00-04:00,29.540000915527344,29.56999969482422,29.53499984741211,29.559999465942383,29.559999465942383,38420
2023-03-30 12:53:00-04:00,29.565000534057617,29.575000762939453,29.549999237060547,29.565000534057617,29.565000534057617,21485
2023-03-30 12:54:00-04:00,29.56049919128418,29.565000534057617,29.549999237060547,29.55500030517578,29.55500030517578,10514
2023-03-30 12:55:00-04:00,29.549999237060547,29.565000534057617,29.549999237060547,29.55500030517578,29.55500030517578,8062
2023-03-30 12:56:00-04:00,29.55500030517578,29.55500030517578,29.53499984741211,29.53499984741211,29.53499984741211,6741
2023-03-30 12:57:00-04:00,29.53499984741211,29.53499984741211,29.51000022888184,29.51499938964844,29.51499938964844,10600
2023-03-30 12:58:00-04:00,29.51499938964844,29.520000457763672,29.51499938964844,29.51499938964844,29.51499938964844,7200
2023-03-30 12:59:00-04:00,29.51499938964844,29.520000457763672,29.51000022888184,29.51000022888184,29.51000022888184,11131
2023-03-30 13:00:00-04:00,29.51499938964844,29.520000457763672,29.5049991607666,29.5049991607666,29.5049991607666,16789
2023-03-30 13:01:00-04:00,29.51000022888184,29.524999618530277,29.5049991607666,29.524999618530277,29.524999618530277,12452
2023-03-30 13:02:00-04:00,29.524999618530277,29.530000686645508,29.51499938964844,29.524999618530277,29.524999618530277,14146
2023-03-30 13:03:00-04:00,29.520000457763672,29.549999237060547,29.520000457763672,29.545000076293945,29.545000076293945,18542
2023-03-30 13:04:00-04:00,29.545000076293945,29.56999969482422,29.545000076293945,29.565000534057617,29.565000534057617,31383
2023-03-30 13:05:00-04:00,29.56999969482422,29.575000762939453,29.56999969482422,29.575000762939453,29.575000762939453,5008
2023-03-30 13:06:00-04:00,29.57999992370605,29.584999084472656,29.559999465942383,29.565000534057617,29.565000534057617,21384
2023-03-30 13:07:00-04:00,29.565000534057617,29.56999969482422,29.549999237060547,29.55500030517578,29.55500030517578,13941
2023-03-30 13:08:00-04:00,29.549999237060547,29.549999237060547,29.53499984741211,29.545000076293945,29.545000076293945,14757
2023-03-30 13:09:00-04:00,29.545000076293945,29.549999237060547,29.540000915527344,29.545000076293945,29.545000076293945,1853
2023-03-30 13:10:00-04:00,29.545000076293945,29.549999237060547,29.530000686645508,29.530000686645508,29.530000686645508,15586
2023-03-30 13:11:00-04:00,29.530000686645508,29.540000915527344,29.530000686645508,29.53499984741211,29.53499984741211,4330
2023-03-30 13:12:00-04:00,29.53499984741211,29.559999465942383,29.53499984741211,29.559999465942383,29.559999465942383,10288
2023-03-30 13:13:00-04:00,29.549999237060547,29.56999969482422,29.549999237060547,29.55500030517578,29.55500030517578,13716
2023-03-30 13:14:00-04:00,29.55500030517578,29.559999465942383,29.549999237060547,29.55500030517578,29.55500030517578,5160
2023-03-30 13:15:00-04:00,29.55500030517578,29.559999465942383,29.53499984741211,29.53499984741211,29.53499984741211,11489
2023-03-30 13:16:00-04:00,29.53499984741211,29.540000915527344,29.5,29.51000022888184,29.51000022888184,36544
2023-03-30 13:17:00-04:00,29.51499938964844,29.51499938964844,29.5049991607666,29.5049991607666,29.5049991607666,3569
2023-03-30 13:18:00-04:00,29.5049991607666,29.5049991607666,29.4950008392334,29.4950008392334,29.4950008392334,8122
2023-03-30 13:19:00-04:00,29.489999771118164,29.489999771118164,29.48500061035156,29.48500061035156,29.48500061035156,10543
2023-03-30 13:20:00-04:00,29.489999771118164,29.489999771118164,29.479999542236328,29.48500061035156,29.48500061035156,41709
2023-03-30 13:21:00-04:00,29.48500061035156,29.4950008392334,29.46500015258789,29.46500015258789,29.46500015258789,51172
2023-03-30 13:22:00-04:00,29.46500015258789,29.46500015258789,29.45499992370605,29.46500015258789,29.46500015258789,8097
2023-03-30 13:23:00-04:00,29.46999931335449,29.46999931335449,29.45499992370605,29.46500015258789,29.46500015258789,26162
2023-03-30 13:24:00-04:00,29.46500015258789,29.475000381469727,29.440000534057617,29.44499969482422,29.44499969482422,34174
2023-03-30 13:25:00-04:00,29.440000534057617,29.44499969482422,29.440000534057617,29.44499969482422,29.44499969482422,5709
2023-03-30 13:26:00-04:00,29.44499969482422,29.450000762939453,29.440000534057617,29.44750022888184,29.44750022888184,22413
2023-03-30 13:27:00-04:00,29.44499969482422,29.46999931335449,29.44499969482422,29.46999931335449,29.46999931335449,31876
2023-03-30 13:28:00-04:00,29.46500015258789,29.46500015258789,29.450000762939453,29.45499992370605,29.45499992370605,9137
2023-03-30 13:29:00-04:00,29.45499992370605,29.45499992370605,29.45499992370605,29.45499992370605,29.45499992370605,5685
2023-03-30 13:30:00-04:00,29.45499992370605,29.45499992370605,29.440000534057617,29.44499969482422,29.44499969482422,11182
2023-03-30 13:31:00-04:00,29.440000534057617,29.44499969482422,29.38999938964844,29.434999465942383,29.434999465942383,85218
2023-03-30 13:32:00-04:00,29.43000030517578,29.434999465942383,29.40999984741211,29.40999984741211,29.40999984741211,57381
2023-03-30 13:33:00-04:00,29.40999984741211,29.43000030517578,29.40999984741211,29.415000915527344,29.415000915527344,38996
2023-03-30 13:34:00-04:00,29.415000915527344,29.43000030517578,29.40999984741211,29.415000915527344,29.415000915527344,45318
2023-03-30 13:35:00-04:00,29.415000915527344,29.420000076293945,29.40999984741211,29.41200065612793,29.41200065612793,28821
2023-03-30 13:36:00-04:00,29.40999984741211,29.40999984741211,29.38999938964844,29.395000457763672,29.395000457763672,32978
2023-03-30 13:37:00-04:00,29.38999938964844,29.40999984741211,29.38999938964844,29.405000686645508,29.405000686645508,23566
2023-03-30 13:38:00-04:00,29.405000686645508,29.424999237060547,29.399999618530277,29.420000076293945,29.420000076293945,37061
2023-03-30 13:39:00-04:00,29.415000915527344,29.424999237060547,29.405000686645508,29.405000686645508,29.405000686645508,37599
2023-03-30 13:40:00-04:00,29.405000686645508,29.405000686645508,29.399999618530277,29.405000686645508,29.405000686645508,5880
2023-03-30 13:41:00-04:00,29.405000686645508,29.40999984741211,29.399999618530277,29.40999984741211,29.40999984741211,24622
2023-03-30 13:42:00-04:00,29.40999984741211,29.424999237060547,29.399999618530277,29.415000915527344,29.415000915527344,46302
2023-03-30 13:43:00-04:00,29.420000076293945,29.440000534057617,29.415000915527344,29.434999465942383,29.434999465942383,52900
2023-03-30 13:44:00-04:00,29.434999465942383,29.440000534057617,29.420000076293945,29.43090057373047,29.43090057373047,31924
2023-03-30 13:45:00-04:00,29.434999465942383,29.450000762939453,29.43000030517578,29.434999465942383,29.434999465942383,29384
2023-03-30 13:46:00-04:00,29.43000030517578,29.450000762939453,29.420000076293945,29.450000762939453,29.450000762939453,41899
2023-03-30 13:47:00-04:00,29.450000762939453,29.459999084472656,29.44499969482422,29.450000762939453,29.450000762939453,15003
2023-03-30 13:48:00-04:00,29.450000762939453,29.450000762939453,29.43000030517578,29.434999465942383,29.434999465942383,6081
2023-03-30 13:49:00-04:00,29.434999465942383,29.46999931335449,29.43000030517578,29.46999931335449,29.46999931335449,33273
2023-03-30 13:50:00-04:00,29.46500015258789,29.479999542236328,29.459999084472656,29.475000381469727,29.475000381469727,25039
2023-03-30 13:51:00-04:00,29.46999931335449,29.478200912475582,29.459999084472656,29.46500015258789,29.46500015258789,10126
2023-03-30 13:52:00-04:00,29.459999084472656,29.475000381469727,29.459999084472656,29.475000381469727,29.475000381469727,13410
2023-03-30 13:53:00-04:00,29.46999931335449,29.479999542236328,29.46500015258789,29.475000381469727,29.475000381469727,11293
2023-03-30 13:54:00-04:00,29.475000381469727,29.489999771118164,29.475000381469727,29.48500061035156,29.48500061035156,30044
2023-03-30 13:55:00-04:00,29.48500061035156,29.489999771118164,29.475000381469727,29.48500061035156,29.48500061035156,9541
2023-03-30 13:56:00-04:00,29.489999771118164,29.5,29.48500061035156,29.4950008392334,29.4950008392334,11762
2023-03-30 13:57:00-04:00,29.5,29.5,29.479999542236328,29.48500061035156,29.48500061035156,17738
2023-03-30 13:58:00-04:00,29.48500061035156,29.51499938964844,29.479999542236328,29.51499938964844,29.51499938964844,17462
2023-03-30 13:59:00-04:00,29.51499938964844,29.524999618530277,29.51000022888184,29.520000457763672,29.520000457763672,18727
2023-03-30 14:00:00-04:00,29.51499938964844,29.520000457763672,29.5049991607666,29.51499938964844,29.51499938964844,12030
2023-03-30 14:01:00-04:00,29.51499938964844,29.520000457763672,29.51000022888184,29.520000457763672,29.520000457763672,6875
2023-03-30 14:02:00-04:00,29.51499938964844,29.520000457763672,29.4950008392334,29.5049991607666,29.5049991607666,78967
2023-03-30 14:03:00-04:00,29.5049991607666,29.5049991607666,29.489999771118164,29.4950008392334,29.4950008392334,11261
2023-03-30 14:04:00-04:00,29.4950008392334,29.5,29.48500061035156,29.488100051879883,29.488100051879883,32495
2023-03-30 14:05:00-04:00,29.48500061035156,29.489999771118164,29.479999542236328,29.479999542236328,29.479999542236328,5901
2023-03-30 14:06:00-04:00,29.48500061035156,29.489999771118164,29.479999542236328,29.48500061035156,29.48500061035156,13616
2023-03-30 14:07:00-04:00,29.48500061035156,29.489999771118164,29.479999542236328,29.48500061035156,29.48500061035156,12922
2023-03-30 14:08:00-04:00,29.489999771118164,29.489999771118164,29.479999542236328,29.48500061035156,29.48500061035156,27479
2023-03-30 14:09:00-04:00,29.48500061035156,29.48500061035156,29.459999084472656,29.459999084472656,29.459999084472656,27503
2023-03-30 14:10:00-04:00,29.46500015258789,29.46999931335449,29.459999084472656,29.46500015258789,29.46500015258789,39920
2023-03-30 14:11:00-04:00,29.46500015258789,29.48500061035156,29.46500015258789,29.479999542236328,29.479999542236328,45410
2023-03-30 14:12:00-04:00,29.479999542236328,29.51000022888184,29.475000381469727,29.51000022888184,29.51000022888184,44929
2023-03-30 14:13:00-04:00,29.51000022888184,29.51499938964844,29.5,29.51499938964844,29.51499938964844,18663
2023-03-30 14:14:00-04:00,29.51499938964844,29.51499938964844,29.5049991607666,29.51499938964844,29.51499938964844,11831
2023-03-30 14:15:00-04:00,29.51499938964844,29.520000457763672,29.5,29.51499938964844,29.51499938964844,17769
2023-03-30 14:16:00-04:00,29.51499938964844,29.530000686645508,29.51499938964844,29.524999618530277,29.524999618530277,12755
2023-03-30 14:17:00-04:00,29.524999618530277,29.524999618530277,29.520000457763672,29.524999618530277,29.524999618530277,3595
2023-03-30 14:18:00-04:00,29.524999618530277,29.540000915527344,29.524999618530277,29.53499984741211,29.53499984741211,15998
2023-03-30 14:19:00-04:00,29.53499984741211,29.540000915527344,29.530000686645508,29.537500381469727,29.537500381469727,15942
2023-03-30 14:20:00-04:00,29.53499984741211,29.549999237060547,29.520000457763672,29.540000915527344,29.540000915527344,29780
2023-03-30 14:21:00-04:00,29.545000076293945,29.559999465942383,29.545000076293945,29.55500030517578,29.55500030517578,8178
2023-03-30 14:22:00-04:00,29.55500030517578,29.559999465942383,29.549999237060547,29.55500030517578,29.55500030517578,24206
2023-03-30 14:23:00-04:00,29.549999237060547,29.55500030517578,29.549999237060547,29.55500030517578,29.55500030517578,4872
2023-03-30 14:24:00-04:00,29.55500030517578,29.56999969482422,29.55500030517578,29.565000534057617,29.565000534057617,20145
2023-03-30 14:25:00-04:00,29.565000534057617,29.565000534057617,29.559999465942383,29.565000534057617,29.565000534057617,8360
2023-03-30 14:26:00-04:00,29.565000534057617,29.56999969482422,29.55500030517578,29.565000534057617,29.565000534057617,19733
2023-03-30 14:27:00-04:00,29.565000534057617,29.57999992370605,29.559999465942383,29.575000762939453,29.575000762939453,11124
2023-03-30 14:28:00-04:00,29.575000762939453,29.59000015258789,29.559999465942383,29.575000762939453,29.575000762939453,43148
2023-03-30 14:29:00-04:00,29.575000762939453,29.57999992370605,29.559999465942383,29.565000534057617,29.565000534057617,20924
2023-03-30 14:30:00-04:00,29.565000534057617,29.575000762939453,29.559999465942383,29.565000534057617,29.565000534057617,21726
2023-03-30 14:31:00-04:00,29.56999969482422,29.57999992370605,29.565000534057617,29.575000762939453,29.575000762939453,12108
2023-03-30 14:32:00-04:00,29.56999969482422,29.57999992370605,29.56999969482422,29.57999992370605,29.57999992370605,37911
2023-03-30 14:33:00-04:00,29.57999992370605,29.57999992370605,29.56999969482422,29.575000762939453,29.575000762939453,8752
2023-03-30 14:34:00-04:00,29.575000762939453,29.600000381469727,29.56999969482422,29.59499931335449,29.59499931335449,40886
2023-03-30 14:35:00-04:00,29.600000381469727,29.600000381469727,29.59000015258789,29.59499931335449,29.59499931335449,8283
2023-03-30 14:36:00-04:00,29.600000381469727,29.61000061035156,29.59000015258789,29.61000061035156,29.61000061035156,38979
2023-03-30 14:37:00-04:00,29.604999542236328,29.61000061035156,29.59499931335449,29.604999542236328,29.604999542236328,16330
2023-03-30 14:38:00-04:00,29.604999542236328,29.604999542236328,29.53499984741211,29.549999237060547,29.549999237060547,36968
2023-03-30 14:39:00-04:00,29.545000076293945,29.549999237060547,29.54010009765625,29.545000076293945,29.545000076293945,3346
2023-03-30 14:40:00-04:00,29.549999237060547,29.559999465942383,29.545000076293945,29.55500030517578,29.55500030517578,28796
2023-03-30 14:41:00-04:00,29.549999237060547,29.559999465942383,29.549999237060547,29.559999465942383,29.559999465942383,9858
2023-03-30 14:42:00-04:00,29.559999465942383,29.575000762939453,29.549999237060547,29.549999237060547,29.549999237060547,26215
2023-03-30 14:43:00-04:00,29.55500030517578,29.559999465942383,29.549999237060547,29.55500030517578,29.55500030517578,3729
2023-03-30 14:44:00-04:00,29.55500030517578,29.559999465942383,29.545000076293945,29.545000076293945,29.545000076293945,11822
2023-03-30 14:45:00-04:00,29.545000076293945,29.549999237060547,29.541400909423828,29.545000076293945,29.545000076293945,6930
2023-03-30 14:46:00-04:00,29.549999237060547,29.549999237060547,29.530000686645508,29.53499984741211,29.53499984741211,13679
2023-03-30 14:47:00-04:00,29.53499984741211,29.53499984741211,29.524999618530277,29.53009986877441,29.53009986877441,21010
2023-03-30 14:48:00-04:00,29.530000686645508,29.549999237060547,29.530000686645508,29.545000076293945,29.545000076293945,16656
2023-03-30 14:49:00-04:00,29.549999237060547,29.55500030517578,29.545000076293945,29.55500030517578,29.55500030517578,12202
2023-03-30 14:50:00-04:00,29.549999237060547,29.549999237060547,29.520000457763672,29.524999618530277,29.524999618530277,29682
2023-03-30 14:51:00-04:00,29.520000457763672,29.530000686645508,29.51000022888184,29.524999618530277,29.524999618530277,34411
2023-03-30 14:52:00-04:00,29.524999618530277,29.540000915527344,29.520000457763672,29.53499984741211,29.53499984741211,14566
2023-03-30 14:53:00-04:00,29.53499984741211,29.53499984741211,29.530000686645508,29.53499984741211,29.53499984741211,3005
2023-03-30 14:54:00-04:00,29.53499984741211,29.540000915527344,29.524999618530277,29.524999618530277,29.524999618530277,14065
2023-03-30 14:55:00-04:00,29.520000457763672,29.545000076293945,29.520000457763672,29.545000076293945,29.545000076293945,19661
2023-03-30 14:56:00-04:00,29.545000076293945,29.545000076293945,29.53499984741211,29.53499984741211,29.53499984741211,10132
2023-03-30 14:57:00-04:00,29.53499984741211,29.549999237060547,29.53499984741211,29.545000076293945,29.545000076293945,13476
2023-03-30 14:58:00-04:00,29.545000076293945,29.559999465942383,29.540000915527344,29.55500030517578,29.55500030517578,29466
2023-03-30 14:59:00-04:00,29.559999465942383,29.56999969482422,29.549999237060547,29.565000534057617,29.565000534057617,14169
2023-03-30 15:00:00-04:00,29.56999969482422,29.56999969482422,29.549999237060547,29.549999237060547,29.549999237060547,13302
2023-03-30 15:01:00-04:00,29.55500030517578,29.565000534057617,29.55500030517578,29.565000534057617,29.565000534057617,10805
2023-03-30 15:02:00-04:00,29.56999969482422,29.56999969482422,29.565000534057617,29.565000534057617,29.565000534057617,6432
2023-03-30 15:03:00-04:00,29.56130027770996,29.56999969482422,29.549999237060547,29.549999237060547,29.549999237060547,26424
2023-03-30 15:04:00-04:00,29.549999237060547,29.559999465942383,29.549999237060547,29.55500030517578,29.55500030517578,15360
2023-03-30 15:05:00-04:00,29.55500030517578,29.559999465942383,29.549999237060547,29.549999237060547,29.549999237060547,9540
2023-03-30 15:06:00-04:00,29.55500030517578,29.56999969482422,29.549999237060547,29.549999237060547,29.549999237060547,17789
2023-03-30 15:07:00-04:00,29.55500030517578,29.56999969482422,29.55500030517578,29.565000534057617,29.565000534057617,12454
2023-03-30 15:08:00-04:00,29.559999465942383,29.565000534057617,29.559999465942383,29.565000534057617,29.565000534057617,7093
2023-03-30 15:09:00-04:00,29.565000534057617,29.565000534057617,29.520000457763672,29.53499984741211,29.53499984741211,39337
2023-03-30 15:10:00-04:00,29.53499984741211,29.53499984741211,29.51499938964844,29.51499938964844,29.51499938964844,15561
2023-03-30 15:11:00-04:00,29.51499938964844,29.520000457763672,29.51000022888184,29.51000022888184,29.51000022888184,4333
2023-03-30 15:12:00-04:00,29.51499938964844,29.51499938964844,29.5,29.5,29.5,12923
2023-03-30 15:13:00-04:00,29.5049991607666,29.520000457763672,29.489999771118164,29.51499938964844,29.51499938964844,29655
2023-03-30 15:14:00-04:00,29.51499938964844,29.520000457763672,29.51000022888184,29.51499938964844,29.51499938964844,19792
2023-03-30 15:15:00-04:00,29.51499938964844,29.51499938964844,29.5,29.5049991607666,29.5049991607666,24173
2023-03-30 15:16:00-04:00,29.5049991607666,29.520000457763672,29.5049991607666,29.51499938964844,29.51499938964844,8115
2023-03-30 15:17:00-04:00,29.51499938964844,29.530000686645508,29.51499938964844,29.530000686645508,29.530000686645508,10188
2023-03-30 15:18:00-04:00,29.530000686645508,29.530000686645508,29.51000022888184,29.51000022888184,29.51000022888184,22976
2023-03-30 15:19:00-04:00,29.51499938964844,29.524999618530277,29.51499938964844,29.524999618530277,29.524999618530277,18451
2023-03-30 15:20:00-04:00,29.524999618530277,29.540000915527344,29.520000457763672,29.530000686645508,29.530000686645508,23001
2023-03-30 15:21:00-04:00,29.524999618530277,29.540000915527344,29.520000457763672,29.53499984741211,29.53499984741211,28482
2023-03-30 15:22:00-04:00,29.53499984741211,29.53499984741211,29.524999618530277,29.524999618530277,29.524999618530277,12525
2023-03-30 15:23:00-04:00,29.524999618530277,29.530000686645508,29.51499938964844,29.524999618530277,29.524999618530277,28697
2023-03-30 15:24:00-04:00,29.520000457763672,29.549999237060547,29.520000457763672,29.53499984741211,29.53499984741211,26848
2023-03-30 15:25:00-04:00,29.540000915527344,29.549999237060547,29.530000686645508,29.53499984741211,29.53499984741211,47327
2023-03-30 15:26:00-04:00,29.53499984741211,29.549999237060547,29.530000686645508,29.545000076293945,29.545000076293945,11850
2023-03-30 15:27:00-04:00,29.545000076293945,29.549999237060547,29.540000915527344,29.545000076293945,29.545000076293945,14645
2023-03-30 15:28:00-04:00,29.545000076293945,29.545000076293945,29.540000915527344,29.540000915527344,29.540000915527344,4540
2023-03-30 15:29:00-04:00,29.545000076293945,29.559999465942383,29.540000915527344,29.540000915527344,29.540000915527344,32612
2023-03-30 15:30:00-04:00,29.540000915527344,29.545000076293945,29.53499984741211,29.53499984741211,29.53499984741211,15437
2023-03-30 15:31:00-04:00,29.53499984741211,29.545000076293945,29.524999618530277,29.53499984741211,29.53499984741211,36068
2023-03-30 15:32:00-04:00,29.530000686645508,29.559999465942383,29.530000686645508,29.55500030517578,29.55500030517578,32191
2023-03-30 15:33:00-04:00,29.55500030517578,29.559999465942383,29.549999237060547,29.55500030517578,29.55500030517578,20328
2023-03-30 15:34:00-04:00,29.55500030517578,29.55500030517578,29.530000686645508,29.53499984741211,29.53499984741211,40153
2023-03-30 15:35:00-04:00,29.53499984741211,29.549999237060547,29.53499984741211,29.545000076293945,29.545000076293945,34039
2023-03-30 15:36:00-04:00,29.549999237060547,29.549999237060547,29.53499984741211,29.545000076293945,29.545000076293945,23493
2023-03-30 15:37:00-04:00,29.549999237060547,29.559999465942383,29.545000076293945,29.55500030517578,29.55500030517578,24905
2023-03-30 15:38:00-04:00,29.55500030517578,29.559999465942383,29.545000076293945,29.55500030517578,29.55500030517578,53704
2023-03-30 15:39:00-04:00,29.55500030517578,29.56999969482422,29.55500030517578,29.565000534057617,29.565000534057617,25857
2023-03-30 15:40:00-04:00,29.559999465942383,29.559999465942383,29.540000915527344,29.545000076293945,29.545000076293945,29989
2023-03-30 15:41:00-04:00,29.540000915527344,29.549999237060547,29.540000915527344,29.545000076293945,29.545000076293945,18095
2023-03-30 15:42:00-04:00,29.545000076293945,29.559999465942383,29.540000915527344,29.545000076293945,29.545000076293945,43788
2023-03-30 15:43:00-04:00,29.540000915527344,29.545000076293945,29.540000915527344,29.545000076293945,29.545000076293945,47058
2023-03-30 15:44:00-04:00,29.545000076293945,29.549999237060547,29.540000915527344,29.545000076293945,29.545000076293945,18225
2023-03-30 15:45:00-04:00,29.549999237060547,29.559999465942383,29.530000686645508,29.53499984741211,29.53499984741211,65081
2023-03-30 15:46:00-04:00,29.53499984741211,29.540000915527344,29.524999618530277,29.530000686645508,29.530000686645508,23414
2023-03-30 15:47:00-04:00,29.530000686645508,29.549999237060547,29.520099639892575,29.53499984741211,29.53499984741211,45367
2023-03-30 15:48:00-04:00,29.530000686645508,29.53499984741211,29.51000022888184,29.51499938964844,29.51499938964844,36357
2023-03-30 15:49:00-04:00,29.51000022888184,29.524999618530277,29.5,29.5049991607666,29.5049991607666,63079
2023-03-30 15:50:00-04:00,29.51000022888184,29.530000686645508,29.51000022888184,29.530000686645508,29.530000686645508,95863
2023-03-30 15:51:00-04:00,29.524999618530277,29.540000915527344,29.5221004486084,29.524999618530277,29.524999618530277,64437
2023-03-30 15:52:00-04:00,29.524999618530277,29.524999618530277,29.5,29.51499938964844,29.51499938964844,70514
2023-03-30 15:53:00-04:00,29.520000457763672,29.520000457763672,29.489999771118164,29.5049991607666,29.5049991607666,59676
2023-03-30 15:54:00-04:00,29.5049991607666,29.51000022888184,29.479999542236328,29.48500061035156,29.48500061035156,99934
2023-03-30 15:55:00-04:00,29.479999542236328,29.5,29.46999931335449,29.48500061035156,29.48500061035156,141560
2023-03-30 15:56:00-04:00,29.48500061035156,29.5,29.46999931335449,29.48500061035156,29.48500061035156,98717
2023-03-30 15:57:00-04:00,29.48500061035156,29.51000022888184,29.479999542236328,29.51000022888184,29.51000022888184,153199
2023-03-30 15:58:00-04:00,29.5049991607666,29.51000022888184,29.5,29.5049991607666,29.5049991607666,76329
2023-03-30 15:59:00-04:00,29.5,29.51000022888184,29.48500061035156,29.5,29.5,160013
2023-03-31 09:30:00-04:00,29.604999542236328,29.61000061035156,29.520000457763672,29.56999969482422,29.56999969482422,124829
2023-03-31 09:31:00-04:00,29.57999992370605,29.59000015258789,29.5,29.519399642944336,29.519399642944336,30212
2023-03-31 09:32:00-04:00,29.51000022888184,29.540000915527344,29.489999771118164,29.540000915527344,29.540000915527344,64718
2023-03-31 09:33:00-04:00,29.55500030517578,29.55500030517578,29.530000686645508,29.530000686645508,29.530000686645508,11090
2023-03-31 09:34:00-04:00,29.530000686645508,29.540000915527344,29.520000457763672,29.524999618530277,29.524999618530277,5795
2023-03-31 09:35:00-04:00,29.524999618530277,29.524999618530277,29.479999542236328,29.48500061035156,29.48500061035156,56554
2023-03-31 09:36:00-04:00,29.489999771118164,29.5,29.46500015258789,29.475000381469727,29.475000381469727,41396
2023-03-31 09:37:00-04:00,29.475000381469727,29.565000534057617,29.459999084472656,29.559999465942383,29.559999465942383,34357
2023-03-31 09:38:00-04:00,29.56999969482422,29.57999992370605,29.549999237060547,29.549999237060547,29.549999237060547,16540
2023-03-31 09:39:00-04:00,29.549999237060547,29.56999969482422,29.549999237060547,29.56999969482422,29.56999969482422,18059
2023-03-31 09:40:00-04:00,29.56999969482422,29.575000762939453,29.549999237060547,29.559999465942383,29.559999465942383,9858
2023-03-31 09:41:00-04:00,29.56999969482422,29.584999084472656,29.559999465942383,29.57999992370605,29.57999992370605,10421
2023-03-31 09:42:00-04:00,29.57999992370605,29.584999084472656,29.559999465942383,29.565000534057617,29.565000534057617,22188
2023-03-31 09:43:00-04:00,29.565000534057617,29.56999969482422,29.55500030517578,29.559999465942383,29.559999465942383,10672
2023-03-31 09:44:00-04:00,29.559999465942383,29.575000762939453,29.51499938964844,29.520000457763672,29.520000457763672,11600
2023-03-31 09:45:00-04:00,29.540000915527344,29.558799743652344,29.524999618530277,29.524999618530277,29.524999618530277,9455
2023-03-31 09:46:00-04:00,29.524999618530277,29.565000534057617,29.524999618530277,29.565000534057617,29.565000534057617,11980
2023-03-31 09:47:00-04:00,29.56999969482422,29.57999992370605,29.51000022888184,29.524999618530277,29.524999618530277,26751
2023-03-31 09:48:00-04:00,29.530000686645508,29.540000915527344,29.51000022888184,29.51499938964844,29.51499938964844,49419
2023-03-31 09:49:00-04:00,29.520000457763672,29.520000457763672,29.459999084472656,29.46500015258789,29.46500015258789,47911
2023-03-31 09:50:00-04:00,29.46500015258789,29.51000022888184,29.46500015258789,29.5,29.5,24203
2023-03-31 09:51:00-04:00,29.489999771118164,29.5,29.46999931335449,29.479999542236328,29.479999542236328,27573
2023-03-31 09:52:00-04:00,29.479999542236328,29.489999771118164,29.459999084472656,29.46500015258789,29.46500015258789,17746
2023-03-31 09:53:00-04:00,29.46999931335449,29.5049991607666,29.46999931335449,29.46999931335449,29.46999931335449,25882
2023-03-31 09:54:00-04:00,29.47450065612793,29.5,29.46999931335449,29.479999542236328,29.479999542236328,24029
2023-03-31 09:55:00-04:00,29.48500061035156,29.540000915527344,29.479999542236328,29.540000915527344,29.540000915527344,13797
2023-03-31 09:56:00-04:00,29.53499984741211,29.559999465942383,29.530000686645508,29.540000915527344,29.540000915527344,19671
2023-03-31 09:57:00-04:00,29.549999237060547,29.549999237060547,29.530000686645508,29.549999237060547,29.549999237060547,11083
2023-03-31 09:58:00-04:00,29.549999237060547,29.559999465942383,29.540000915527344,29.545000076293945,29.545000076293945,11194
2023-03-31 09:59:00-04:00,29.545000076293945,29.565000534057617,29.545000076293945,29.559999465942383,29.559999465942383,9029
2023-03-31 10:00:00-04:00,29.56999969482422,29.71999931335449,29.56999969482422,29.584999084472656,29.584999084472656,43685
2023-03-31 10:01:00-04:00,29.584999084472656,29.61000061035156,29.56999969482422,29.575000762939453,29.575000762939453,29977
2023-03-31 10:02:00-04:00,29.57999992370605,29.600000381469727,29.56999969482422,29.59499931335449,29.59499931335449,15685
2023-03-31 10:03:00-04:00,29.600000381469727,29.61000061035156,29.584999084472656,29.600000381469727,29.600000381469727,24384
2023-03-31 10:04:00-04:00,29.59000015258789,29.6299991607666,29.59000015258789,29.6200008392334,29.6200008392334,17590
2023-03-31 10:05:00-04:00,29.6299991607666,29.6299991607666,29.600000381469727,29.600000381469727,29.600000381469727,11850
2023-03-31 10:06:00-04:00,29.600000381469727,29.6200008392334,29.600000381469727,29.6200008392334,29.6200008392334,6902
2023-03-31 10:07:00-04:00,29.6200008392334,29.6200008392334,29.604999542236328,29.614999771118164,29.614999771118164,8483
2023-03-31 10:08:00-04:00,29.6200008392334,29.63500022888184,29.6200008392334,29.6299991607666,29.6299991607666,13391
2023-03-31 10:09:00-04:00,29.6299991607666,29.63999938964844,29.61000061035156,29.61000061035156,29.61000061035156,19917
2023-03-31 10:10:00-04:00,29.604999542236328,29.6200008392334,29.59499931335449,29.600000381469727,29.600000381469727,21969
2023-03-31 10:11:00-04:00,29.61000061035156,29.6299991607666,29.604999542236328,29.6299991607666,29.6299991607666,9582
2023-03-31 10:12:00-04:00,29.625,29.6299991607666,29.614999771118164,29.614999771118164,29.614999771118164,6132
2023-03-31 10:13:00-04:00,29.6200008392334,29.6200008392334,29.57999992370605,29.57999992370605,29.57999992370605,15831
2023-03-31 10:14:00-04:00,29.57999992370605,29.584999084472656,29.559999465942383,29.56999969482422,29.56999969482422,17642
2023-03-31 10:15:00-04:00,29.56999969482422,29.59499931335449,29.56999969482422,29.584999084472656,29.584999084472656,28603
2023-03-31 10:16:00-04:00,29.59000015258789,29.59000015258789,29.56999969482422,29.575000762939453,29.575000762939453,23134
2023-03-31 10:17:00-04:00,29.575000762939453,29.575000762939453,29.524999618530277,29.524999618530277,29.524999618530277,56149
2023-03-31 10:18:00-04:00,29.530000686645508,29.559999465942383,29.530000686645508,29.55500030517578,29.55500030517578,30353
2023-03-31 10:19:00-04:00,29.559999465942383,29.56999969482422,29.549999237060547,29.559999465942383,29.559999465942383,20333
2023-03-31 10:20:00-04:00,29.56999969482422,29.600000381469727,29.56999969482422,29.59499931335449,29.59499931335449,10335
2023-03-31 10:21:00-04:00,29.59499931335449,29.600000381469727,29.56999969482422,29.575000762939453,29.575000762939453,8910
2023-03-31 10:22:00-04:00,29.575000762939453,29.584999084472656,29.565000534057617,29.584999084472656,29.584999084472656,7383
2023-03-31 10:23:00-04:00,29.59000015258789,29.600000381469727,29.584999084472656,29.59000015258789,29.59000015258789,12949
2023-03-31 10:24:00-04:00,29.584999084472656,29.584999084472656,29.520000457763672,29.520000457763672,29.520000457763672,24198
2023-03-31 10:25:00-04:00,29.51499938964844,29.530000686645508,29.4950008392334,29.5,29.5,55212
2023-03-31 10:26:00-04:00,29.5049991607666,29.520000457763672,29.492000579833984,29.5,29.5,56876
2023-03-31 10:27:00-04:00,29.499099731445312,29.565000534057617,29.4950008392334,29.559999465942383,29.559999465942383,32918
2023-03-31 10:28:00-04:00,29.559999465942383,29.600000381469727,29.559999465942383,29.57999992370605,29.57999992370605,31407
2023-03-31 10:29:00-04:00,29.57999992370605,29.59000015258789,29.549999237060547,29.549999237060547,29.549999237060547,11218
2023-03-31 10:30:00-04:00,29.559999465942383,29.59000015258789,29.559999465942383,29.57999992370605,29.57999992370605,14620
2023-03-31 10:31:00-04:00,29.57999992370605,29.604999542236328,29.57999992370605,29.598800659179688,29.598800659179688,20838
2023-03-31 10:32:00-04:00,29.59499931335449,29.61000061035156,29.59499931335449,29.61000061035156,29.61000061035156,12723
2023-03-31 10:33:00-04:00,29.614999771118164,29.614999771118164,29.59000015258789,29.61000061035156,29.61000061035156,8938
2023-03-31 10:34:00-04:00,29.61000061035156,29.614999771118164,29.600000381469727,29.61000061035156,29.61000061035156,20726
2023-03-31 10:35:00-04:00,29.61000061035156,29.6299991607666,29.600000381469727,29.614999771118164,29.614999771118164,17042
2023-03-31 10:36:00-04:00,29.6200008392334,29.625,29.604999542236328,29.61000061035156,29.61000061035156,14822
2023-03-31 10:37:00-04:00,29.61000061035156,29.6200008392334,29.604999542236328,29.61000061035156,29.61000061035156,6781
2023-03-31 10:38:00-04:00,29.61000061035156,29.614999771118164,29.59000015258789,29.614999771118164,29.614999771118164,31122
2023-03-31 10:39:00-04:00,29.6200008392334,29.6299991607666,29.61000061035156,29.6200008392334,29.6200008392334,20820
2023-03-31 10:40:00-04:00,29.6200008392334,29.649999618530277,29.614999771118164,29.645000457763672,29.645000457763672,15130
2023-03-31 10:41:00-04:00,29.649999618530277,29.65999984741211,29.64229965209961,29.655000686645508,29.655000686645508,18618
2023-03-31 10:42:00-04:00,29.655000686645508,29.674999237060547,29.63999938964844,29.649999618530277,29.649999618530277,70400
2023-03-31 10:43:00-04:00,29.645000457763672,29.670000076293945,29.645000457763672,29.665000915527344,29.665000915527344,4913
2023-03-31 10:44:00-04:00,29.670000076293945,29.670000076293945,29.665000915527344,29.665000915527344,29.665000915527344,11424
2023-03-31 10:45:00-04:00,29.670000076293945,29.670000076293945,29.655000686645508,29.665000915527344,29.665000915527344,21040
2023-03-31 10:46:00-04:00,29.665000915527344,29.665000915527344,29.63999938964844,29.655000686645508,29.655000686645508,36476
2023-03-31 10:47:00-04:00,29.655000686645508,29.65999984741211,29.63999938964844,29.63999938964844,29.63999938964844,15462
2023-03-31 10:48:00-04:00,29.63999938964844,29.68000030517578,29.63999938964844,29.674999237060547,29.674999237060547,23202
2023-03-31 10:49:00-04:00,29.674999237060547,29.690000534057617,29.674999237060547,29.690000534057617,29.690000534057617,12669
2023-03-31 10:50:00-04:00,29.690000534057617,29.700000762939453,29.674999237060547,29.68000030517578,29.68000030517578,21283
2023-03-31 10:51:00-04:00,29.684999465942383,29.700000762939453,29.68000030517578,29.700000762939453,29.700000762939453,7146
2023-03-31 10:52:00-04:00,29.700000762939453,29.700000762939453,29.670000076293945,29.674999237060547,29.674999237060547,18665
2023-03-31 10:53:00-04:00,29.674999237060547,29.68000030517578,29.674999237060547,29.674999237060547,29.674999237060547,3590
2023-03-31 10:54:00-04:00,29.674999237060547,29.700000762939453,29.674999237060547,29.700000762939453,29.700000762939453,10982
2023-03-31 10:55:00-04:00,29.69499969482422,29.700000762939453,29.690000534057617,29.700000762939453,29.700000762939453,6733
2023-03-31 10:56:00-04:00,29.700000762939453,29.709999084472656,29.700000762939453,29.709999084472656,29.709999084472656,8298
2023-03-31 10:57:00-04:00,29.70499992370605,29.739999771118164,29.70499992370605,29.729999542236328,29.729999542236328,28433
2023-03-31 10:58:00-04:00,29.739999771118164,29.75,29.73500061035156,29.75,29.75,7666
2023-03-31 10:59:00-04:00,29.75,29.7549991607666,29.7450008392334,29.75,29.75,17259
2023-03-31 11:00:00-04:00,29.7450008392334,29.75,29.739999771118164,29.7450008392334,29.7450008392334,10252
2023-03-31 11:01:00-04:00,29.75,29.770000457763672,29.75,29.770000457763672,29.770000457763672,7515
2023-03-31 11:02:00-04:00,29.770000457763672,29.770000457763672,29.7549991607666,29.7549991607666,29.7549991607666,14366
2023-03-31 11:03:00-04:00,29.7549991607666,29.76499938964844,29.739999771118164,29.76000022888184,29.76000022888184,25636
2023-03-31 11:04:00-04:00,29.75,29.7549991607666,29.75,29.75,29.75,3021
2023-03-31 11:05:00-04:00,29.7549991607666,29.770000457763672,29.75,29.76499938964844,29.76499938964844,9007
2023-03-31 11:06:00-04:00,29.76000022888184,29.76499938964844,29.76000022888184,29.76499938964844,29.76499938964844,13290
2023-03-31 11:07:00-04:00,29.760099411010746,29.790000915527344,29.760099411010746,29.790000915527344,29.790000915527344,21165
2023-03-31 11:08:00-04:00,29.790000915527344,29.799999237060547,29.774999618530277,29.774999618530277,29.774999618530277,18137
2023-03-31 11:09:00-04:00,29.774999618530277,29.795000076293945,29.774999618530277,29.78499984741211,29.78499984741211,13195
2023-03-31 11:10:00-04:00,29.780000686645508,29.795000076293945,29.780000686645508,29.795000076293945,29.795000076293945,7136
2023-03-31 11:11:00-04:00,29.790000915527344,29.809999465942383,29.790000915527344,29.790000915527344,29.790000915527344,11334
2023-03-31 11:12:00-04:00,29.790000915527344,29.799999237060547,29.790000915527344,29.795000076293945,29.795000076293945,3493
2023-03-31 11:13:00-04:00,29.799999237060547,29.80500030517578,29.790000915527344,29.795000076293945,29.795000076293945,18656
2023-03-31 11:14:00-04:00,29.790000915527344,29.799999237060547,29.78499984741211,29.795000076293945,29.795000076293945,127480
2023-03-31 11:15:00-04:00,29.790000915527344,29.795000076293945,29.780000686645508,29.780000686645508,29.780000686645508,11048
2023-03-31 11:16:00-04:00,29.780000686645508,29.81999969482422,29.780000686645508,29.815000534057617,29.815000534057617,27636
2023-03-31 11:17:00-04:00,29.81999969482422,29.834999084472656,29.815000534057617,29.834999084472656,29.834999084472656,18313
2023-03-31 11:18:00-04:00,29.84000015258789,29.84499931335449,29.81999969482422,29.81999969482422,29.81999969482422,21734
2023-03-31 11:19:00-04:00,29.825000762939453,29.82999992370605,29.825000762939453,29.82869911193848,29.82869911193848,878
2023-03-31 11:20:00-04:00,29.81999969482422,29.84000015258789,29.81999969482422,29.84000015258789,29.84000015258789,8775
2023-03-31 11:21:00-04:00,29.82999992370605,29.86000061035156,29.82999992370605,29.850000381469727,29.850000381469727,6006
2023-03-31 11:22:00-04:00,29.854999542236328,29.8799991607666,29.854999542236328,29.875,29.875,17309
2023-03-31 11:23:00-04:00,29.875,29.875,29.86000061035156,29.864999771118164,29.864999771118164,13748
2023-03-31 11:24:00-04:00,29.864999771118164,29.8700008392334,29.86000061035156,29.864999771118164,29.864999771118164,4520
2023-03-31 11:25:00-04:00,29.864999771118164,29.875,29.860300064086918,29.864999771118164,29.864999771118164,14042
2023-03-31 11:26:00-04:00,29.8700008392334,29.8700008392334,29.86000061035156,29.8700008392334,29.8700008392334,4508
2023-03-31 11:27:00-04:00,29.8700008392334,29.8700008392334,29.86000061035156,29.8700008392334,29.8700008392334,7052
2023-03-31 11:28:00-04:00,29.8700008392334,29.875,29.864999771118164,29.864999771118164,29.864999771118164,16582
2023-03-31 11:29:00-04:00,29.864999771118164,29.8700008392334,29.854999542236328,29.864999771118164,29.864999771118164,22787
2023-03-31 11:30:00-04:00,29.864999771118164,29.8700008392334,29.864999771118164,29.864999771118164,29.864999771118164,2799
2023-03-31 11:31:00-04:00,29.86000061035156,29.868900299072266,29.86000061035156,29.868900299072266,29.868900299072266,16786
2023-03-31 11:32:00-04:00,29.864999771118164,29.8700008392334,29.86000061035156,29.8700008392334,29.8700008392334,3200
2023-03-31 11:33:00-04:00,29.864999771118164,29.905000686645508,29.864999771118164,29.899999618530277,29.899999618530277,22353
2023-03-31 11:34:00-04:00,29.895000457763672,29.899999618530277,29.88999938964844,29.895000457763672,29.895000457763672,26199
2023-03-31 11:35:00-04:00,29.899999618530277,29.899999618530277,29.8700008392334,29.88500022888184,29.88500022888184,35288
2023-03-31 11:36:00-04:00,29.88500022888184,29.895000457763672,29.875,29.892099380493164,29.892099380493164,20417
2023-03-31 11:37:00-04:00,29.899900436401367,29.899900436401367,29.8799991607666,29.88500022888184,29.88500022888184,14742
2023-03-31 11:38:00-04:00,29.88500022888184,29.88999938964844,29.850000381469727,29.850000381469727,29.850000381469727,76052
2023-03-31 11:39:00-04:00,29.850000381469727,29.86000061035156,29.84499931335449,29.86000061035156,29.86000061035156,13980
2023-03-31 11:40:00-04:00,29.854999542236328,29.86000061035156,29.850000381469727,29.854999542236328,29.854999542236328,3319
2023-03-31 11:41:00-04:00,29.854999542236328,29.86000061035156,29.850000381469727,29.854999542236328,29.854999542236328,2481
2023-03-31 11:42:00-04:00,29.86000061035156,29.8799991607666,29.86000061035156,29.8700008392334,29.8700008392334,16521
2023-03-31 11:43:00-04:00,29.8700008392334,29.88999938964844,29.864999771118164,29.88999938964844,29.88999938964844,5442
2023-03-31 11:44:00-04:00,29.88500022888184,29.88999938964844,29.88500022888184,29.88999938964844,29.88999938964844,2516
2023-03-31 11:45:00-04:00,29.88999938964844,29.895000457763672,29.8799991607666,29.88999938964844,29.88999938964844,18004
2023-03-31 11:46:00-04:00,29.88999938964844,29.88999938964844,29.8799991607666,29.88500022888184,29.88500022888184,5453
2023-03-31 11:47:00-04:00,29.88500022888184,29.888999938964844,29.875,29.8799991607666,29.8799991607666,30080
2023-03-31 11:48:00-04:00,29.88500022888184,29.88500022888184,29.864999771118164,29.864999771118164,29.864999771118164,22725
2023-03-31 11:49:00-04:00,29.864999771118164,29.864999771118164,29.850000381469727,29.864999771118164,29.864999771118164,17158
2023-03-31 11:50:00-04:00,29.86000061035156,29.864999771118164,29.850000381469727,29.854999542236328,29.854999542236328,10629
2023-03-31 11:51:00-04:00,29.850000381469727,29.854999542236328,29.834999084472656,29.834999084472656,29.834999084472656,11250
2023-03-31 11:52:00-04:00,29.84000015258789,29.850000381469727,29.84000015258789,29.850000381469727,29.850000381469727,9127
2023-03-31 11:53:00-04:00,29.854999542236328,29.86000061035156,29.854999542236328,29.86000061035156,29.86000061035156,3105
2023-03-31 11:54:00-04:00,29.850000381469727,29.854999542236328,29.850000381469727,29.854999542236328,29.854999542236328,3252
2023-03-31 11:55:00-04:00,29.86000061035156,29.86000061035156,29.850000381469727,29.854999542236328,29.854999542236328,23037
2023-03-31 11:56:00-04:00,29.854999542236328,29.86000061035156,29.850000381469727,29.86000061035156,29.86000061035156,3177
2023-03-31 11:57:00-04:00,29.854999542236328,29.86000061035156,29.854999542236328,29.854999542236328,29.854999542236328,2570
2023-03-31 11:58:00-04:00,29.86000061035156,29.86000061035156,29.834999084472656,29.84000015258789,29.84000015258789,24423
2023-03-31 11:59:00-04:00,29.850000381469727,29.850000381469727,29.834999084472656,29.850000381469727,29.850000381469727,9089
2023-03-31 12:00:00-04:00,29.84499931335449,29.86000061035156,29.84499931335449,29.86000061035156,29.86000061035156,6530
2023-03-31 12:01:00-04:00,29.8700008392334,29.8700008392334,29.864999771118164,29.8700008392334,29.8700008392334,535
2023-03-31 12:02:00-04:00,29.8700008392334,29.8799991607666,29.8700008392334,29.875,29.875,4022
2023-03-31 12:03:00-04:00,29.875,29.8799991607666,29.8700008392334,29.875,29.875,10311
2023-03-31 12:04:00-04:00,29.8799991607666,29.88999938964844,29.875,29.88500022888184,29.88500022888184,2951
2023-03-31 12:05:00-04:00,29.88999938964844,29.88999938964844,29.8799991607666,29.88500022888184,29.88500022888184,4292
2023-03-31 12:06:00-04:00,29.88500022888184,29.88999938964844,29.8700008392334,29.88500022888184,29.88500022888184,14426
2023-03-31 12:07:00-04:00,29.88500022888184,29.88999938964844,29.88010025024414,29.88999938964844,29.88999938964844,8696
2023-03-31 12:08:00-04:00,29.88500022888184,29.88999938964844,29.8799991607666,29.88500022888184,29.88500022888184,4722
2023-03-31 12:09:00-04:00,29.88500022888184,29.88999938964844,29.88500022888184,29.88500022888184,29.88500022888184,2638
2023-03-31 12:10:00-04:00,29.88500022888184,29.899999618530277,29.88500022888184,29.895000457763672,29.895000457763672,6562
2023-03-31 12:11:00-04:00,29.899999618530277,29.899999618530277,29.881500244140625,29.88500022888184,29.88500022888184,14877
2023-03-31 12:12:00-04:00,29.88500022888184,29.88999938964844,29.88500022888184,29.88640022277832,29.88640022277832,2961
2023-03-31 12:13:00-04:00,29.88500022888184,29.899999618530277,29.88500022888184,29.897199630737305,29.897199630737305,7768
2023-03-31 12:14:00-04:00,29.895000457763672,29.899999618530277,29.88500022888184,29.88999938964844,29.88999938964844,16156
2023-03-31 12:15:00-04:00,29.88500022888184,29.895000457763672,29.8799991607666,29.895000457763672,29.895000457763672,26277
2023-03-31 12:16:00-04:00,29.899999618530277,29.90999984741211,29.895000457763672,29.905000686645508,29.905000686645508,50864
2023-03-31 12:17:00-04:00,29.905000686645508,29.905000686645508,29.899999618530277,29.905000686645508,29.905000686645508,2611
2023-03-31 12:18:00-04:00,29.905000686645508,29.90999984741211,29.905000686645508,29.905000686645508,29.905000686645508,2917
2023-03-31 12:19:00-04:00,29.90999984741211,29.93000030517578,29.905000686645508,29.924999237060547,29.924999237060547,20935
2023-03-31 12:20:00-04:00,29.924999237060547,29.940000534057617,29.920000076293945,29.934999465942383,29.934999465942383,8774
2023-03-31 12:21:00-04:00,29.934999465942383,29.950000762939453,29.934999465942383,29.950000762939453,29.950000762939453,10754
2023-03-31 12:22:00-04:00,29.94499969482422,29.94499969482422,29.93000030517578,29.93829917907715,29.93829917907715,30191
2023-03-31 12:23:00-04:00,29.934999465942383,29.934999465942383,29.924999237060547,29.924999237060547,29.924999237060547,6819
2023-03-31 12:24:00-04:00,29.93000030517578,29.950000762939453,29.93000030517578,29.950000762939453,29.950000762939453,7812
2023-03-31 12:25:00-04:00,29.950000762939453,29.959999084472656,29.94499969482422,29.959999084472656,29.959999084472656,40220
2023-03-31 12:26:00-04:00,29.950000762939453,29.959999084472656,29.940000534057617,29.959999084472656,29.959999084472656,12026
2023-03-31 12:27:00-04:00,29.958999633789062,29.959999084472656,29.924999237060547,29.93000030517578,29.93000030517578,51630
2023-03-31 12:28:00-04:00,29.93000030517578,29.940000534057617,29.93000030517578,29.940000534057617,29.940000534057617,5094
2023-03-31 12:29:00-04:00,29.934999465942383,29.950000762939453,29.934999465942383,29.934999465942383,29.934999465942383,25206
2023-03-31 12:30:00-04:00,29.940000534057617,29.950000762939453,29.940000534057617,29.94499969482422,29.94499969482422,19114
2023-03-31 12:31:00-04:00,29.94499969482422,29.950000762939453,29.940000534057617,29.94499969482422,29.94499969482422,5983
2023-03-31 12:32:00-04:00,29.94499969482422,29.94499969482422,29.924999237060547,29.93000030517578,29.93000030517578,18069
2023-03-31 12:33:00-04:00,29.934999465942383,29.934999465942383,29.905000686645508,29.905000686645508,29.905000686645508,18113
2023-03-31 12:34:00-04:00,29.90999984741211,29.915000915527344,29.909900665283203,29.909900665283203,29.909900665283203,7669
2023-03-31 12:35:00-04:00,29.90999984741211,29.920000076293945,29.905000686645508,29.920000076293945,29.920000076293945,5159
2023-03-31 12:36:00-04:00,29.915000915527344,29.915000915527344,29.90999984741211,29.915000915527344,29.915000915527344,6977
2023-03-31 12:37:00-04:00,29.90999984741211,29.915000915527344,29.8799991607666,29.88500022888184,29.88500022888184,16286
2023-03-31 12:38:00-04:00,29.88500022888184,29.895000457763672,29.88500022888184,29.88500022888184,29.88500022888184,13870
2023-03-31 12:39:00-04:00,29.88500022888184,29.920000076293945,29.8799991607666,29.915000915527344,29.915000915527344,29170
2023-03-31 12:40:00-04:00,29.920000076293945,29.93000030517578,29.915000915527344,29.93000030517578,29.93000030517578,11697
2023-03-31 12:41:00-04:00,29.93000030517578,29.93000030517578,29.920000076293945,29.93000030517578,29.93000030517578,3175
2023-03-31 12:42:00-04:00,29.924999237060547,29.93000030517578,29.920000076293945,29.93000030517578,29.93000030517578,3663
2023-03-31 12:43:00-04:00,29.93000030517578,29.940000534057617,29.915000915527344,29.920000076293945,29.920000076293945,72463
2023-03-31 12:44:00-04:00,29.915000915527344,29.920000076293945,29.90999984741211,29.920000076293945,29.920000076293945,16462
2023-03-31 12:45:00-04:00,29.915000915527344,29.920000076293945,29.90999984741211,29.90999984741211,29.90999984741211,47247
2023-03-31 12:46:00-04:00,29.915000915527344,29.915000915527344,29.895000457763672,29.899999618530277,29.899999618530277,8773
2023-03-31 12:47:00-04:00,29.895000457763672,29.899999618530277,29.895000457763672,29.895000457763672,29.895000457763672,4244
2023-03-31 12:48:00-04:00,29.899999618530277,29.90999984741211,29.899999618530277,29.905000686645508,29.905000686645508,10412
2023-03-31 12:49:00-04:00,29.905000686645508,29.920000076293945,29.899999618530277,29.905000686645508,29.905000686645508,34842
2023-03-31 12:50:00-04:00,29.905000686645508,29.90999984741211,29.8799991607666,29.8799991607666,29.8799991607666,19061
2023-03-31 12:51:00-04:00,29.88500022888184,29.895000457763672,29.88500022888184,29.88999938964844,29.88999938964844,29156
2023-03-31 12:52:00-04:00,29.88800048828125,29.88800048828125,29.875,29.875,29.875,6549
2023-03-31 12:53:00-04:00,29.875,29.88999938964844,29.875,29.88500022888184,29.88500022888184,23151
2023-03-31 12:54:00-04:00,29.88500022888184,29.88999938964844,29.8799991607666,29.88500022888184,29.88500022888184,19877
2023-03-31 12:55:00-04:00,29.88500022888184,29.895000457763672,29.88500022888184,29.895000457763672,29.895000457763672,6230
2023-03-31 12:56:00-04:00,29.899999618530277,29.899999618530277,29.895000457763672,29.895000457763672,29.895000457763672,1615
2023-03-31 12:57:00-04:00,29.895000457763672,29.90999984741211,29.89459991455078,29.905000686645508,29.905000686645508,30604
2023-03-31 12:58:00-04:00,29.899999618530277,29.899999618530277,29.881999969482425,29.895000457763672,29.895000457763672,29207
2023-03-31 12:59:00-04:00,29.895000457763672,29.899999618530277,29.88999938964844,29.895000457763672,29.895000457763672,9462
2023-03-31 13:00:00-04:00,29.895000457763672,29.899999618530277,29.8799991607666,29.88500022888184,29.88500022888184,23512
2023-03-31 13:01:00-04:00,29.88500022888184,29.88500022888184,29.8799991607666,29.88500022888184,29.88500022888184,13409
2023-03-31 13:02:00-04:00,29.8799991607666,29.88999938964844,29.8799991607666,29.88500022888184,29.88500022888184,24831
2023-03-31 13:03:00-04:00,29.88999938964844,29.88999938964844,29.88010025024414,29.88999938964844,29.88999938964844,3375
2023-03-31 13:04:00-04:00,29.88500022888184,29.88999938964844,29.88500022888184,29.88500022888184,29.88500022888184,5338
2023-03-31 13:05:00-04:00,29.88500022888184,29.88999938964844,29.88500022888184,29.88500022888184,29.88500022888184,3121
2023-03-31 13:06:00-04:00,29.88500022888184,29.88999938964844,29.8799991607666,29.88500022888184,29.88500022888184,6172
2023-03-31 13:07:00-04:00,29.88500022888184,29.920000076293945,29.8799991607666,29.915000915527344,29.915000915527344,34743
2023-03-31 13:08:00-04:00,29.915000915527344,29.920000076293945,29.905000686645508,29.90999984741211,29.90999984741211,29633
2023-03-31 13:09:00-04:00,29.906099319458008,29.920000076293945,29.905000686645508,29.90999984741211,29.90999984741211,23676
2023-03-31 13:10:00-04:00,29.905000686645508,29.915000915527344,29.899999618530277,29.905000686645508,29.905000686645508,11431
2023-03-31 13:11:00-04:00,29.905000686645508,29.90999984741211,29.895000457763672,29.899999618530277,29.899999618530277,12928
2023-03-31 13:12:00-04:00,29.899999618530277,29.899999618530277,29.875,29.875,29.875,14256
2023-03-31 13:13:00-04:00,29.8700008392334,29.8799991607666,29.854999542236328,29.854999542236328,29.854999542236328,16451
2023-03-31 13:14:00-04:00,29.86000061035156,29.86000061035156,29.854999542236328,29.854999542236328,29.854999542236328,3450
2023-03-31 13:15:00-04:00,29.854999542236328,29.8700008392334,29.850099563598636,29.854999542236328,29.854999542236328,31360
2023-03-31 13:16:00-04:00,29.854999542236328,29.86000061035156,29.854999542236328,29.854999542236328,29.854999542236328,1329
2023-03-31 13:17:00-04:00,29.86000061035156,29.8700008392334,29.825000762939453,29.84499931335449,29.84499931335449,45740
2023-03-31 13:18:00-04:00,29.84499931335449,29.84499931335449,29.834999084472656,29.834999084472656,29.834999084472656,3087
2023-03-31 13:19:00-04:00,29.834999084472656,29.84499931335449,29.83009910583496,29.834999084472656,29.834999084472656,13054
2023-03-31 13:20:00-04:00,29.834999084472656,29.834999084472656,29.81999969482422,29.825000762939453,29.825000762939453,8099
2023-03-31 13:21:00-04:00,29.825000762939453,29.825000762939453,29.815000534057617,29.819900512695312,29.819900512695312,7577
2023-03-31 13:22:00-04:00,29.815000534057617,29.81999969482422,29.809999465942383,29.815000534057617,29.815000534057617,2871
2023-03-31 13:23:00-04:00,29.815000534057617,29.81999969482422,29.815000534057617,29.815000534057617,29.815000534057617,3191
2023-03-31 13:24:00-04:00,29.81999969482422,29.81999969482422,29.809999465942383,29.809999465942383,29.809999465942383,11077
2023-03-31 13:25:00-04:00,29.81999969482422,29.81999969482422,29.809999465942383,29.815000534057617,29.815000534057617,5629
2023-03-31 13:26:00-04:00,29.815000534057617,29.81999969482422,29.809999465942383,29.815000534057617,29.815000534057617,1986
2023-03-31 13:27:00-04:00,29.815000534057617,29.825000762939453,29.80500030517578,29.825000762939453,29.825000762939453,16633
2023-03-31 13:28:00-04:00,29.825000762939453,29.82999992370605,29.825000762939453,29.82999992370605,29.82999992370605,1659
2023-03-31 13:29:00-04:00,29.82999992370605,29.82999992370605,29.825000762939453,29.825000762939453,29.825000762939453,1474
2023-03-31 13:30:00-04:00,29.825000762939453,29.82999992370605,29.81999969482422,29.81999969482422,29.81999969482422,4260
2023-03-31 13:31:00-04:00,29.81999969482422,29.825000762939453,29.815000534057617,29.815000534057617,29.815000534057617,25656
2023-03-31 13:32:00-04:00,29.809999465942383,29.815000534057617,29.799999237060547,29.808500289916992,29.808500289916992,17398
2023-03-31 13:33:00-04:00,29.80500030517578,29.81999969482422,29.80500030517578,29.81550025939941,29.81550025939941,7754
2023-03-31 13:34:00-04:00,29.809999465942383,29.815000534057617,29.80500030517578,29.80500030517578,29.80500030517578,11861
2023-03-31 13:35:00-04:00,29.80500030517578,29.805200576782227,29.799999237060547,29.80500030517578,29.80500030517578,3411
2023-03-31 13:36:00-04:00,29.799999237060547,29.815000534057617,29.799999237060547,29.807899475097656,29.807899475097656,16655
2023-03-31 13:37:00-04:00,29.80500030517578,29.809999465942383,29.80500030517578,29.80500030517578,29.80500030517578,1393
2023-03-31 13:38:00-04:00,29.809999465942383,29.815000534057617,29.80500030517578,29.809999465942383,29.809999465942383,5798
2023-03-31 13:39:00-04:00,29.815000534057617,29.81999969482422,29.809999465942383,29.815000534057617,29.815000534057617,3304
2023-03-31 13:40:00-04:00,29.815000534057617,29.81999969482422,29.799999237060547,29.80500030517578,29.80500030517578,12614
2023-03-31 13:41:00-04:00,29.809999465942383,29.82999992370605,29.809999465942383,29.825000762939453,29.825000762939453,18494
2023-03-31 13:42:00-04:00,29.825000762939453,29.825000762939453,29.795000076293945,29.799999237060547,29.799999237060547,17864
2023-03-31 13:43:00-04:00,29.80500030517578,29.80500030517578,29.795000076293945,29.799999237060547,29.799999237060547,5159
2023-03-31 13:44:00-04:00,29.799999237060547,29.799999237060547,29.795000076293945,29.799999237060547,29.799999237060547,8873
2023-03-31 13:45:00-04:00,29.80500030517578,29.809999465942383,29.790000915527344,29.795000076293945,29.795000076293945,9927
2023-03-31 13:46:00-04:00,29.795000076293945,29.795000076293945,29.791000366210938,29.795000076293945,29.795000076293945,4049
2023-03-31 13:47:00-04:00,29.795000076293945,29.795000076293945,29.780000686645508,29.78499984741211,29.78499984741211,12471
2023-03-31 13:48:00-04:00,29.78499984741211,29.78499984741211,29.78499984741211,29.78499984741211,29.78499984741211,928
2023-03-31 13:49:00-04:00,29.78499984741211,29.78499984741211,29.774999618530277,29.774999618530277,29.774999618530277,8479
2023-03-31 13:50:00-04:00,29.774999618530277,29.774999618530277,29.7549991607666,29.7549991607666,29.7549991607666,8938
2023-03-31 13:51:00-04:00,29.7549991607666,29.7549991607666,29.75,29.7549991607666,29.7549991607666,7998
2023-03-31 13:52:00-04:00,29.76000022888184,29.76000022888184,29.7450008392334,29.759899139404297,29.759899139404297,12937
2023-03-31 13:53:00-04:00,29.75,29.76000022888184,29.74399948120117,29.75,29.75,25860
2023-03-31 13:54:00-04:00,29.7450008392334,29.75,29.73500061035156,29.75,29.75,16684
2023-03-31 13:55:00-04:00,29.7450008392334,29.7450008392334,29.725000381469727,29.725000381469727,29.725000381469727,17774
2023-03-31 13:56:00-04:00,29.725000381469727,29.739999771118164,29.71999931335449,29.739999771118164,29.739999771118164,27227
2023-03-31 13:57:00-04:00,29.73500061035156,29.7450008392334,29.73500061035156,29.73500061035156,29.73500061035156,11098
2023-03-31 13:58:00-04:00,29.73500061035156,29.76000022888184,29.73500061035156,29.75,29.75,15898
2023-03-31 13:59:00-04:00,29.75,29.76000022888184,29.7406005859375,29.7406005859375,29.7406005859375,5827
2023-03-31 14:00:00-04:00,29.7450008392334,29.7450008392334,29.7450008392334,29.7450008392334,29.7450008392334,3062
2023-03-31 14:01:00-04:00,29.7450008392334,29.7549991607666,29.7450008392334,29.7549991607666,29.7549991607666,9863
2023-03-31 14:02:00-04:00,29.76000022888184,29.780000686645508,29.75,29.780000686645508,29.780000686645508,53503
2023-03-31 14:03:00-04:00,29.774999618530277,29.780000686645508,29.770000457763672,29.774999618530277,29.774999618530277,9005
2023-03-31 14:04:00-04:00,29.774999618530277,29.809999465942383,29.774999618530277,29.80500030517578,29.80500030517578,29870
2023-03-31 14:05:00-04:00,29.80500030517578,29.81999969482422,29.80500030517578,29.815000534057617,29.815000534057617,4406
2023-03-31 14:06:00-04:00,29.815000534057617,29.81999969482422,29.809999465942383,29.809999465942383,29.809999465942383,4219
2023-03-31 14:07:00-04:00,29.815000534057617,29.84000015258789,29.815000534057617,29.82999992370605,29.82999992370605,14502
2023-03-31 14:08:00-04:00,29.834999084472656,29.850000381469727,29.834999084472656,29.850000381469727,29.850000381469727,5456
2023-03-31 14:09:00-04:00,29.84499931335449,29.854999542236328,29.82999992370605,29.84000015258789,29.84000015258789,51618
2023-03-31 14:10:00-04:00,29.834999084472656,29.84499931335449,29.834999084472656,29.84499931335449,29.84499931335449,16802
2023-03-31 14:11:00-04:00,29.84499931335449,29.850000381469727,29.84499931335449,29.84600067138672,29.84600067138672,3984
2023-03-31 14:12:00-04:00,29.84499931335449,29.850000381469727,29.84000015258789,29.84000015258789,29.84000015258789,4785
2023-03-31 14:13:00-04:00,29.84499931335449,29.850000381469727,29.84000015258789,29.850000381469727,29.850000381469727,29387
2023-03-31 14:14:00-04:00,29.850000381469727,29.854999542236328,29.84499931335449,29.84499931335449,29.84499931335449,19646
2023-03-31 14:15:00-04:00,29.84499931335449,29.850000381469727,29.834999084472656,29.84499931335449,29.84499931335449,46625
2023-03-31 14:16:00-04:00,29.84000015258789,29.84000015258789,29.834999084472656,29.84000015258789,29.84000015258789,9220
2023-03-31 14:17:00-04:00,29.834999084472656,29.84000015258789,29.81999969482422,29.825000762939453,29.825000762939453,13151
2023-03-31 14:18:00-04:00,29.81999969482422,29.81999969482422,29.809999465942383,29.815000534057617,29.815000534057617,33437
2023-03-31 14:19:00-04:00,29.81999969482422,29.81999969482422,29.815000534057617,29.81999969482422,29.81999969482422,1183
2023-03-31 14:20:00-04:00,29.815000534057617,29.81999969482422,29.815000534057617,29.815000534057617,29.815000534057617,2289
2023-03-31 14:21:00-04:00,29.815000534057617,29.82999992370605,29.815000534057617,29.825000762939453,29.825000762939453,21026
2023-03-31 14:22:00-04:00,29.825000762939453,29.825000762939453,29.809999465942383,29.81999969482422,29.81999969482422,56908
2023-03-31 14:23:00-04:00,29.809999465942383,29.815000534057617,29.809999465942383,29.815000534057617,29.815000534057617,4774
2023-03-31 14:24:00-04:00,29.809999465942383,29.815000534057617,29.80500030517578,29.80500030517578,29.80500030517578,20510
2023-03-31 14:25:00-04:00,29.80500030517578,29.80500030517578,29.799999237060547,29.80500030517578,29.80500030517578,4449
2023-03-31 14:26:00-04:00,29.80500030517578,29.809999465942383,29.799999237060547,29.80500030517578,29.80500030517578,60685
2023-03-31 14:27:00-04:00,29.80500030517578,29.809999465942383,29.802000045776367,29.809999465942383,29.809999465942383,3480
2023-03-31 14:28:00-04:00,29.809999465942383,29.81999969482422,29.80500030517578,29.815000534057617,29.815000534057617,8620
2023-03-31 14:29:00-04:00,29.809999465942383,29.82999992370605,29.809999465942383,29.81999969482422,29.81999969482422,23506
2023-03-31 14:30:00-04:00,29.825000762939453,29.825000762939453,29.809999465942383,29.81100082397461,29.81100082397461,11852
2023-03-31 14:31:00-04:00,29.815000534057617,29.815000534057617,29.804500579833984,29.815000534057617,29.815000534057617,18160
2023-03-31 14:32:00-04:00,29.815000534057617,29.81999969482422,29.809999465942383,29.81999969482422,29.81999969482422,5025
2023-03-31 14:33:00-04:00,29.815000534057617,29.82999992370605,29.815000534057617,29.82999992370605,29.82999992370605,6244
2023-03-31 14:34:00-04:00,29.825000762939453,29.84000015258789,29.825000762939453,29.834999084472656,29.834999084472656,11315
2023-03-31 14:35:00-04:00,29.834999084472656,29.84000015258789,29.834999084472656,29.834999084472656,29.834999084472656,2203
2023-03-31 14:36:00-04:00,29.834999084472656,29.84000015258789,29.834999084472656,29.84000015258789,29.84000015258789,1953
2023-03-31 14:37:00-04:00,29.84000015258789,29.84000015258789,29.825000762939453,29.825000762939453,29.825000762939453,19282
2023-03-31 14:38:00-04:00,29.82999992370605,29.82999992370605,29.825000762939453,29.825000762939453,29.825000762939453,2197
2023-03-31 14:39:00-04:00,29.81999969482422,29.82999992370605,29.81999969482422,29.82999992370605,29.82999992370605,5802
2023-03-31 14:40:00-04:00,29.82999992370605,29.850000381469727,29.82999992370605,29.84499931335449,29.84499931335449,10633
2023-03-31 14:41:00-04:00,29.84499931335449,29.850000381469727,29.84499931335449,29.84499931335449,29.84499931335449,1703
2023-03-31 14:42:00-04:00,29.850000381469727,29.86000061035156,29.84499931335449,29.854999542236328,29.854999542236328,11102
2023-03-31 14:43:00-04:00,29.86000061035156,29.8700008392334,29.854999542236328,29.864999771118164,29.864999771118164,12558
2023-03-31 14:44:00-04:00,29.864999771118164,29.8700008392334,29.86000061035156,29.864999771118164,29.864999771118164,9344
2023-03-31 14:45:00-04:00,29.864999771118164,29.864999771118164,29.850000381469727,29.86000061035156,29.86000061035156,13303
2023-03-31 14:46:00-04:00,29.854999542236328,29.854999542236328,29.84000015258789,29.84499931335449,29.84499931335449,12190
2023-03-31 14:47:00-04:00,29.850000381469727,29.854999542236328,29.84499931335449,29.854999542236328,29.854999542236328,7345
2023-03-31 14:48:00-04:00,29.850000381469727,29.86000061035156,29.850000381469727,29.854999542236328,29.854999542236328,2837
2023-03-31 14:49:00-04:00,29.854999542236328,29.8700008392334,29.854999542236328,29.864999771118164,29.864999771118164,9576
2023-03-31 14:50:00-04:00,29.864999771118164,29.864999771118164,29.84000015258789,29.84000015258789,29.84000015258789,22023
2023-03-31 14:51:00-04:00,29.843000411987305,29.84499931335449,29.843000411987305,29.84499931335449,29.84499931335449,1702
2023-03-31 14:52:00-04:00,29.84499931335449,29.850000381469727,29.84000015258789,29.84499931335449,29.84499931335449,6471
2023-03-31 14:53:00-04:00,29.84499931335449,29.850000381469727,29.84000015258789,29.850000381469727,29.850000381469727,21240
2023-03-31 14:54:00-04:00,29.854999542236328,29.854999542236328,29.82999992370605,29.834999084472656,29.834999084472656,17488
2023-03-31 14:55:00-04:00,29.84000015258789,29.84000015258789,29.81999969482422,29.81999969482422,29.81999969482422,12904
2023-03-31 14:56:00-04:00,29.81999969482422,29.82999992370605,29.81999969482422,29.825000762939453,29.825000762939453,11671
2023-03-31 14:57:00-04:00,29.825000762939453,29.834999084472656,29.825000762939453,29.825000762939453,29.825000762939453,20057
2023-03-31 14:58:00-04:00,29.825000762939453,29.84499931335449,29.825000762939453,29.84499931335449,29.84499931335449,8375
2023-03-31 14:59:00-04:00,29.84000015258789,29.850000381469727,29.84000015258789,29.84499931335449,29.84499931335449,7118
2023-03-31 15:00:00-04:00,29.84499931335449,29.86000061035156,29.84499931335449,29.854999542236328,29.854999542236328,7274
2023-03-31 15:01:00-04:00,29.86000061035156,29.88999938964844,29.86000061035156,29.88990020751953,29.88990020751953,20604
2023-03-31 15:02:00-04:00,29.88500022888184,29.899999618530277,29.864999771118164,29.895000457763672,29.895000457763672,45079
2023-03-31 15:03:00-04:00,29.899999618530277,29.905000686645508,29.88500022888184,29.895000457763672,29.895000457763672,28217
2023-03-31 15:04:00-04:00,29.895000457763672,29.899999618530277,29.893600463867188,29.899999618530277,29.899999618530277,5755
2023-03-31 15:05:00-04:00,29.895000457763672,29.895000457763672,29.88999938964844,29.895000457763672,29.895000457763672,19316
2023-03-31 15:06:00-04:00,29.895000457763672,29.895000457763672,29.88999938964844,29.88999938964844,29.88999938964844,7755
2023-03-31 15:07:00-04:00,29.88999938964844,29.88999938964844,29.875,29.875,29.875,14977
2023-03-31 15:08:00-04:00,29.875,29.88999938964844,29.864999771118164,29.88999938964844,29.88999938964844,24089
2023-03-31 15:09:00-04:00,29.88500022888184,29.899999618530277,29.88500022888184,29.895000457763672,29.895000457763672,9210
2023-03-31 15:10:00-04:00,29.895000457763672,29.899999618530277,29.88500022888184,29.899999618530277,29.899999618530277,23447
2023-03-31 15:11:00-04:00,29.895000457763672,29.905000686645508,29.88999938964844,29.88999938964844,29.88999938964844,23089
2023-03-31 15:12:00-04:00,29.88999938964844,29.88999938964844,29.875,29.875,29.875,15807
2023-03-31 15:13:00-04:00,29.8799991607666,29.895000457763672,29.875,29.88800048828125,29.88800048828125,24146
2023-03-31 15:14:00-04:00,29.88500022888184,29.895000457763672,29.88500022888184,29.895000457763672,29.895000457763672,7314
2023-03-31 15:15:00-04:00,29.895000457763672,29.920000076293945,29.88999938964844,29.920000076293945,29.920000076293945,19069
2023-03-31 15:16:00-04:00,29.915000915527344,29.924999237060547,29.91010093688965,29.924999237060547,29.924999237060547,22238
2023-03-31 15:17:00-04:00,29.924999237060547,29.93000030517578,29.91010093688965,29.924999237060547,29.924999237060547,27623
2023-03-31 15:18:00-04:00,29.924999237060547,29.934999465942383,29.924999237060547,29.924999237060547,29.924999237060547,21088
2023-03-31 15:19:00-04:00,29.93000030517578,29.93000030517578,29.90999984741211,29.924999237060547,29.924999237060547,28117
2023-03-31 15:20:00-04:00,29.924999237060547,29.950000762939453,29.924999237060547,29.94499969482422,29.94499969482422,15533
2023-03-31 15:21:00-04:00,29.950000762939453,29.959999084472656,29.94499969482422,29.959999084472656,29.959999084472656,13564
2023-03-31 15:22:00-04:00,29.950000762939453,29.959999084472656,29.94499969482422,29.95499992370605,29.95499992370605,29026
2023-03-31 15:23:00-04:00,29.95499992370605,29.96500015258789,29.94499969482422,29.96500015258789,29.96500015258789,18859
2023-03-31 15:24:00-04:00,29.96500015258789,29.96500015258789,29.950000762939453,29.959999084472656,29.959999084472656,22244
2023-03-31 15:25:00-04:00,29.959999084472656,29.96999931335449,29.950000762939453,29.96500015258789,29.96500015258789,40105
2023-03-31 15:26:00-04:00,29.96500015258789,29.96999931335449,29.959999084472656,29.96500015258789,29.96500015258789,13425
2023-03-31 15:27:00-04:00,29.96500015258789,29.96999931335449,29.950000762939453,29.950000762939453,29.950000762939453,20052
2023-03-31 15:28:00-04:00,29.95499992370605,29.959999084472656,29.950000762939453,29.950000762939453,29.950000762939453,17160
2023-03-31 15:29:00-04:00,29.95499992370605,29.959999084472656,29.950000762939453,29.95499992370605,29.95499992370605,10380
2023-03-31 15:30:00-04:00,29.950000762939453,29.979999542236328,29.950000762939453,29.96500015258789,29.96500015258789,33206
2023-03-31 15:31:00-04:00,29.96500015258789,29.96999931335449,29.959999084472656,29.96500015258789,29.96500015258789,37728
2023-03-31 15:32:00-04:00,29.96500015258789,29.96999931335449,29.95499992370605,29.95499992370605,29.95499992370605,40476
2023-03-31 15:33:00-04:00,29.950000762939453,29.954200744628903,29.920000076293945,29.93000030517578,29.93000030517578,38097
2023-03-31 15:34:00-04:00,29.924999237060547,29.924999237060547,29.90999984741211,29.915000915527344,29.915000915527344,12721
2023-03-31 15:35:00-04:00,29.90999984741211,29.920000076293945,29.90999984741211,29.915000915527344,29.915000915527344,9560
2023-03-31 15:36:00-04:00,29.915000915527344,29.915000915527344,29.899999618530277,29.90999984741211,29.90999984741211,19158
2023-03-31 15:37:00-04:00,29.90999984741211,29.90999984741211,29.8799991607666,29.88500022888184,29.88500022888184,64800
2023-03-31 15:38:00-04:00,29.88500022888184,29.899999618530277,29.88500022888184,29.895000457763672,29.895000457763672,13085
2023-03-31 15:39:00-04:00,29.88999938964844,29.920000076293945,29.88999938964844,29.895000457763672,29.895000457763672,60682
2023-03-31 15:40:00-04:00,29.899999618530277,29.90999984741211,29.895000457763672,29.895000457763672,29.895000457763672,19526
2023-03-31 15:41:00-04:00,29.899999618530277,29.90999984741211,29.899999618530277,29.905000686645508,29.905000686645508,17671
2023-03-31 15:42:00-04:00,29.905000686645508,29.905000686645508,29.864999771118164,29.875,29.875,41213
2023-03-31 15:43:00-04:00,29.875,29.88500022888184,29.8700008392334,29.875,29.875,33966
2023-03-31 15:44:00-04:00,29.875,29.8799991607666,29.854999542236328,29.86000061035156,29.86000061035156,31539
2023-03-31 15:45:00-04:00,29.86000061035156,29.878999710083008,29.86000061035156,29.875,29.875,25577
2023-03-31 15:46:00-04:00,29.8799991607666,29.88999938964844,29.864999771118164,29.864999771118164,29.864999771118164,71744
2023-03-31 15:47:00-04:00,29.864999771118164,29.8700008392334,29.850000381469727,29.86000061035156,29.86000061035156,28404
2023-03-31 15:48:00-04:00,29.86000061035156,29.86000061035156,29.84499931335449,29.84499931335449,29.84499931335449,29035
2023-03-31 15:49:00-04:00,29.850000381469727,29.8700008392334,29.84499931335449,29.86000061035156,29.86000061035156,58088
2023-03-31 15:50:00-04:00,29.8700008392334,29.88999938964844,29.86000061035156,29.864999771118164,29.864999771118164,99096
2023-03-31 15:51:00-04:00,29.864999771118164,29.8799991607666,29.86000061035156,29.864999771118164,29.864999771118164,71750
2023-03-31 15:52:00-04:00,29.864999771118164,29.8700008392334,29.850000381469727,29.86000061035156,29.86000061035156,53794
2023-03-31 15:53:00-04:00,29.86000061035156,29.8799991607666,29.86000061035156,29.8799991607666,29.8799991607666,108686
2023-03-31 15:54:00-04:00,29.8799991607666,29.920000076293945,29.8799991607666,29.915000915527344,29.915000915527344,189147
2023-03-31 15:55:00-04:00,29.920000076293945,29.96999931335449,29.915000915527344,29.95499992370605,29.95499992370605,148356
2023-03-31 15:56:00-04:00,29.950000762939453,29.96999931335449,29.94499969482422,29.96500015258789,29.96500015258789,115319
2023-03-31 15:57:00-04:00,29.96999931335449,29.96999931335449,29.93000030517578,29.94499969482422,29.94499969482422,223741
2023-03-31 15:58:00-04:00,29.94499969482422,29.959999084472656,29.940000534057617,29.95499992370605,29.95499992370605,181598
2023-03-31 15:59:00-04:00,29.95499992370605,29.959999084472656,29.920000076293945,29.93000030517578,29.93000030517578,491042
2023-04-03 09:30:00-04:00,29.76000022888184,29.989999771118164,29.729999542236328,29.96999931335449,29.96999931335449,134467
2023-04-03 09:31:00-04:00,29.96999931335449,30.020000457763672,29.959999084472656,30.01000022888184,30.01000022888184,32681
2023-04-03 09:32:00-04:00,30.0,30.01000022888184,29.98430061340332,29.98430061340332,29.98430061340332,6861
2023-04-03 09:33:00-04:00,29.989999771118164,30.01000022888184,29.96999931335449,29.96999931335449,29.96999931335449,19237
2023-04-03 09:34:00-04:00,29.975000381469727,29.979999542236328,29.940000534057617,29.959999084472656,29.959999084472656,25895
2023-04-03 09:35:00-04:00,29.959999084472656,29.98500061035156,29.959999084472656,29.98500061035156,29.98500061035156,29869
2023-04-03 09:36:00-04:00,29.989999771118164,30.020000457763672,29.989999771118164,30.0,30.0,22169
2023-04-03 09:37:00-04:00,30.0,30.0,29.96999931335449,30.0,30.0,15163
2023-04-03 09:38:00-04:00,29.989999771118164,30.01000022888184,29.979999542236328,29.989999771118164,29.989999771118164,23829
2023-04-03 09:39:00-04:00,29.989999771118164,29.99799919128418,29.96999931335449,29.989999771118164,29.989999771118164,26034
2023-04-03 09:40:00-04:00,29.989999771118164,30.01000022888184,29.979999542236328,30.01000022888184,30.01000022888184,11688
2023-04-03 09:41:00-04:00,30.0049991607666,30.030000686645508,30.0049991607666,30.020000457763672,30.020000457763672,60712
2023-04-03 09:42:00-04:00,30.01000022888184,30.040000915527344,30.0,30.03499984741211,30.03499984741211,65599
2023-04-03 09:43:00-04:00,30.040000915527344,30.09000015258789,30.040000915527344,30.06999969482422,30.06999969482422,33195
2023-04-03 09:44:00-04:00,30.07999992370605,30.09000015258789,30.065000534057617,30.065000534057617,30.065000534057617,54357
2023-04-03 09:45:00-04:00,30.059999465942383,30.1200008392334,30.040000915527344,30.1200008392334,30.1200008392334,33107
2023-04-03 09:46:00-04:00,30.1200008392334,30.13999938964844,30.1200008392334,30.125,30.125,15238
2023-04-03 09:47:00-04:00,30.1299991607666,30.13999938964844,30.1299991607666,30.1299991607666,30.1299991607666,7745
2023-04-03 09:48:00-04:00,30.1299991607666,30.16959953308105,30.1299991607666,30.15999984741211,30.15999984741211,33179
2023-04-03 09:49:00-04:00,30.15999984741211,30.170000076293945,30.13999938964844,30.170000076293945,30.170000076293945,36243
2023-04-03 09:50:00-04:00,30.18000030517578,30.200000762939453,30.149999618530277,30.15999984741211,30.15999984741211,35548
2023-04-03 09:51:00-04:00,30.15999984741211,30.165000915527344,30.149999618530277,30.15999984741211,30.15999984741211,6751
2023-04-03 09:52:00-04:00,30.162500381469727,30.18000030517578,30.15999984741211,30.18000030517578,30.18000030517578,6483
2023-04-03 09:53:00-04:00,30.18000030517578,30.209999084472656,30.165000915527344,30.170000076293945,30.170000076293945,27404
2023-04-03 09:54:00-04:00,30.170000076293945,30.174999237060547,30.13999938964844,30.149999618530277,30.149999618530277,11494
2023-04-03 09:55:00-04:00,30.13999938964844,30.149999618530277,30.1200008392334,30.145000457763672,30.145000457763672,17287
2023-04-03 09:56:00-04:00,30.145000457763672,30.149999618530277,30.11000061035156,30.114999771118164,30.114999771118164,6749
2023-04-03 09:57:00-04:00,30.11000061035156,30.1299991607666,30.11000061035156,30.1299991607666,30.1299991607666,7037
2023-04-03 09:58:00-04:00,30.1299991607666,30.1299991607666,30.07999992370605,30.07999992370605,30.07999992370605,12876
2023-04-03 09:59:00-04:00,30.09000015258789,30.09000015258789,30.07999992370605,30.084999084472656,30.084999084472656,2612
2023-04-03 10:00:00-04:00,30.09000015258789,30.145000457763672,30.084999084472656,30.13999938964844,30.13999938964844,19240
2023-04-03 10:01:00-04:00,30.145000457763672,30.152700424194336,30.100000381469727,30.1200008392334,30.1200008392334,31063
2023-04-03 10:02:00-04:00,30.1299991607666,30.15999984741211,30.1299991607666,30.149999618530277,30.149999618530277,23171
2023-04-03 10:03:00-04:00,30.155000686645508,30.18000030517578,30.13999938964844,30.18000030517578,30.18000030517578,28264
2023-04-03 10:04:00-04:00,30.174999237060547,30.174999237060547,30.1299991607666,30.149999618530277,30.149999618530277,35652
2023-04-03 10:05:00-04:00,30.149999618530277,30.170000076293945,30.149999618530277,30.170000076293945,30.170000076293945,23667
2023-04-03 10:06:00-04:00,30.170000076293945,30.170000076293945,30.11000061035156,30.1200008392334,30.1200008392334,42656
2023-04-03 10:07:00-04:00,30.1200008392334,30.1200008392334,30.09499931335449,30.100000381469727,30.100000381469727,26779
2023-04-03 10:08:00-04:00,30.09000015258789,30.09550094604492,30.06999969482422,30.07999992370605,30.07999992370605,14752
2023-04-03 10:09:00-04:00,30.06999969482422,30.1299991607666,30.06999969482422,30.1200008392334,30.1200008392334,12661
2023-04-03 10:10:00-04:00,30.114999771118164,30.1200008392334,30.07999992370605,30.09000015258789,30.09000015258789,41392
2023-04-03 10:11:00-04:00,30.100000381469727,30.100000381469727,30.07999992370605,30.09499931335449,30.09499931335449,23501
2023-04-03 10:12:00-04:00,30.100000381469727,30.102100372314453,30.07999992370605,30.07999992370605,30.07999992370605,19995
2023-04-03 10:13:00-04:00,30.084999084472656,30.1200008392334,30.07999992370605,30.100000381469727,30.100000381469727,31914
2023-04-03 10:14:00-04:00,30.09499931335449,30.11000061035156,30.09000015258789,30.100000381469727,30.100000381469727,20086
2023-04-03 10:15:00-04:00,30.100000381469727,30.1200008392334,30.09000015258789,30.1200008392334,30.1200008392334,10577
2023-04-03 10:16:00-04:00,30.114999771118164,30.1299991607666,30.104999542236328,30.11000061035156,30.11000061035156,19932
2023-04-03 10:17:00-04:00,30.11000061035156,30.11000061035156,30.07999992370605,30.084999084472656,30.084999084472656,19456
2023-04-03 10:18:00-04:00,30.07999992370605,30.104999542236328,30.07999992370605,30.09000015258789,30.09000015258789,6544
2023-04-03 10:19:00-04:00,30.09499931335449,30.11000061035156,30.089399337768555,30.11000061035156,30.11000061035156,14919
2023-04-03 10:20:00-04:00,30.127899169921875,30.149999618530277,30.1200008392334,30.149999618530277,30.149999618530277,19884
2023-04-03 10:21:00-04:00,30.13999938964844,30.145000457763672,30.123300552368164,30.13999938964844,30.13999938964844,23647
2023-04-03 10:22:00-04:00,30.13999938964844,30.18000030517578,30.13999938964844,30.18000030517578,30.18000030517578,9445
2023-04-03 10:23:00-04:00,30.170000076293945,30.174999237060547,30.170000076293945,30.170000076293945,30.170000076293945,7203
2023-04-03 10:24:00-04:00,30.15999984741211,30.18000030517578,30.15999984741211,30.170000076293945,30.170000076293945,8290
2023-04-03 10:25:00-04:00,30.18000030517578,30.19499969482422,30.170000076293945,30.190000534057617,30.190000534057617,13499
2023-04-03 10:26:00-04:00,30.190000534057617,30.21500015258789,30.190000534057617,30.205400466918945,30.205400466918945,25439
2023-04-03 10:27:00-04:00,30.200000762939453,30.20499992370605,30.18000030517578,30.18000030517578,30.18000030517578,52035
2023-04-03 10:28:00-04:00,30.18000030517578,30.20789909362793,30.149999618530277,30.170000076293945,30.170000076293945,37214
2023-04-03 10:29:00-04:00,30.170000076293945,30.190000534057617,30.170000076293945,30.174999237060547,30.174999237060547,10800
2023-04-03 10:30:00-04:00,30.190000534057617,30.20499992370605,30.18000030517578,30.18000030517578,30.18000030517578,18438
2023-04-03 10:31:00-04:00,30.18000030517578,30.200000762939453,30.18000030517578,30.18000030517578,30.18000030517578,13687
2023-04-03 10:32:00-04:00,30.174999237060547,30.18000030517578,30.170000076293945,30.18000030517578,30.18000030517578,13218
2023-04-03 10:33:00-04:00,30.18000030517578,30.190000534057617,30.15999984741211,30.15999984741211,30.15999984741211,12018
2023-04-03 10:34:00-04:00,30.149999618530277,30.149999618530277,30.13500022888184,30.149999618530277,30.149999618530277,6460
2023-04-03 10:35:00-04:00,30.145000457763672,30.145000457763672,30.1200008392334,30.1200008392334,30.1200008392334,18173
2023-04-03 10:36:00-04:00,30.11000061035156,30.1200008392334,30.104999542236328,30.114999771118164,30.114999771118164,21076
2023-04-03 10:37:00-04:00,30.114999771118164,30.114999771118164,30.084999084472656,30.09000015258789,30.09000015258789,29606
2023-04-03 10:38:00-04:00,30.09000015258789,30.09499931335449,30.075000762939453,30.09000015258789,30.09000015258789,17030
2023-04-03 10:39:00-04:00,30.084999084472656,30.084999084472656,30.06999969482422,30.06999969482422,30.06999969482422,10239
2023-04-03 10:40:00-04:00,30.075000762939453,30.07999992370605,30.06999969482422,30.07999992370605,30.07999992370605,2615
2023-04-03 10:41:00-04:00,30.07999992370605,30.07999992370605,30.05500030517578,30.05500030517578,30.05500030517578,24735
2023-04-03 10:42:00-04:00,30.05010032653809,30.059999465942383,30.049999237060547,30.05500030517578,30.05500030517578,4578
2023-04-03 10:43:00-04:00,30.05500030517578,30.059999465942383,30.05500030517578,30.059999465942383,30.059999465942383,2328
2023-04-03 10:44:00-04:00,30.059999465942383,30.059999465942383,30.03499984741211,30.040000915527344,30.040000915527344,27773
2023-04-03 10:45:00-04:00,30.045000076293945,30.059999465942383,30.045000076293945,30.05500030517578,30.05500030517578,17295
2023-04-03 10:46:00-04:00,30.049999237060547,30.049999237060547,30.01499938964844,30.01499938964844,30.01499938964844,19107
2023-04-03 10:47:00-04:00,30.01499938964844,30.020000457763672,30.01000022888184,30.020000457763672,30.020000457763672,7769
2023-04-03 10:48:00-04:00,30.01000022888184,30.020000457763672,29.989999771118164,30.01000022888184,30.01000022888184,32677
2023-04-03 10:49:00-04:00,30.0049991607666,30.007099151611328,29.979999542236328,29.98500061035156,29.98500061035156,46473
2023-04-03 10:50:00-04:00,29.98500061035156,29.989999771118164,29.96999931335449,29.96999931335449,29.96999931335449,10744
2023-04-03 10:51:00-04:00,29.96999931335449,29.96999931335449,29.94499969482422,29.950000762939453,29.950000762939453,24541
2023-04-03 10:53:00-04:00,29.934999465942383,29.934999465942383,29.915000915527344,29.924999237060547,29.924999237060547,50358
2023-04-03 10:54:00-04:00,29.924999237060547,29.924999237060547,29.88999938964844,29.895000457763672,29.895000457763672,8108
2023-04-03 10:55:00-04:00,29.899999618530277,29.90999984741211,29.88999938964844,29.88999938964844,29.88999938964844,15899
2023-04-03 10:56:00-04:00,29.88999938964844,29.88999938964844,29.864999771118164,29.864999771118164,29.864999771118164,18113
2023-04-03 10:57:00-04:00,29.86000061035156,29.875,29.854999542236328,29.875,29.875,21029
2023-04-03 10:58:00-04:00,29.8700008392334,29.8799991607666,29.850000381469727,29.86000061035156,29.86000061035156,23777
2023-04-03 10:59:00-04:00,29.86000061035156,29.8700008392334,29.850000381469727,29.8700008392334,29.8700008392334,15389
2023-04-03 11:00:00-04:00,29.8700008392334,29.8799991607666,29.8700008392334,29.875,29.875,17849
2023-04-03 11:01:00-04:00,29.8700008392334,29.88999938964844,29.8700008392334,29.8799991607666,29.8799991607666,36743
2023-04-03 11:02:00-04:00,29.8799991607666,29.88999938964844,29.864999771118164,29.864999771118164,29.864999771118164,18604
2023-04-03 11:03:00-04:00,29.86000061035156,29.864999771118164,29.850000381469727,29.854999542236328,29.854999542236328,9969
2023-04-03 11:04:00-04:00,29.850000381469727,29.86000061035156,29.82999992370605,29.854999542236328,29.854999542236328,20119
2023-04-03 11:05:00-04:00,29.854999542236328,29.875,29.854999542236328,29.864999771118164,29.864999771118164,13076
2023-04-03 11:06:00-04:00,29.8700008392334,29.8700008392334,29.834999084472656,29.834999084472656,29.834999084472656,13943
2023-04-03 11:07:00-04:00,29.82999992370605,29.82999992370605,29.81999969482422,29.81999969482422,29.81999969482422,6229
2023-04-03 11:08:00-04:00,29.81999969482422,29.82999992370605,29.81999969482422,29.828500747680664,29.828500747680664,9905
2023-04-03 11:09:00-04:00,29.82990074157715,29.84000015258789,29.81999969482422,29.84000015258789,29.84000015258789,42220
2023-04-03 11:10:00-04:00,29.84000015258789,29.850000381469727,29.83390045166016,29.850000381469727,29.850000381469727,7546
2023-04-03 11:11:00-04:00,29.84000015258789,29.850000381469727,29.834999084472656,29.84499931335449,29.84499931335449,13026
2023-04-03 11:12:00-04:00,29.850000381469727,29.850000381469727,29.80500030517578,29.81999969482422,29.81999969482422,47871
2023-04-03 11:13:00-04:00,29.809999465942383,29.81319999694824,29.780000686645508,29.780000686645508,29.780000686645508,10692
2023-04-03 11:14:00-04:00,29.780000686645508,29.790000915527344,29.780000686645508,29.780000686645508,29.780000686645508,3315
2023-04-03 11:15:00-04:00,29.78499984741211,29.78499984741211,29.774999618530277,29.780000686645508,29.780000686645508,12412
2023-04-03 11:17:00-04:00,29.799999237060547,29.799999237060547,29.790000915527344,29.795000076293945,29.795000076293945,30015
2023-04-03 11:18:00-04:00,29.795000076293945,29.799999237060547,29.780000686645508,29.795000076293945,29.795000076293945,36617
2023-04-03 11:19:00-04:00,29.799999237060547,29.81999969482422,29.790000915527344,29.80190086364746,29.80190086364746,35178
2023-04-03 11:20:00-04:00,29.80500030517578,29.80500030517578,29.790000915527344,29.790000915527344,29.790000915527344,15525
2023-04-03 11:21:00-04:00,29.790000915527344,29.809999465942383,29.790000915527344,29.799999237060547,29.799999237060547,15784
2023-04-03 11:22:00-04:00,29.80909919738769,29.80909919738769,29.770000457763672,29.780000686645508,29.780000686645508,48298
2023-04-03 11:23:00-04:00,29.780000686645508,29.81999969482422,29.780000686645508,29.815000534057617,29.815000534057617,25642
2023-04-03 11:24:00-04:00,29.815000534057617,29.815000534057617,29.770000457763672,29.770000457763672,29.770000457763672,12169
2023-04-03 11:25:00-04:00,29.770000457763672,29.780000686645508,29.770000457763672,29.780000686645508,29.780000686645508,4344
2023-04-03 11:26:00-04:00,29.774999618530277,29.790000915527344,29.774999618530277,29.774999618530277,29.774999618530277,12359
2023-04-03 11:27:00-04:00,29.780000686645508,29.790000915527344,29.780000686645508,29.78499984741211,29.78499984741211,6404
2023-04-03 11:28:00-04:00,29.790000915527344,29.799999237060547,29.780000686645508,29.795000076293945,29.795000076293945,9121
2023-04-03 11:29:00-04:00,29.799999237060547,29.799999237060547,29.780000686645508,29.78499984741211,29.78499984741211,17170
2023-04-03 11:30:00-04:00,29.78499984741211,29.790000915527344,29.78009986877441,29.790000915527344,29.790000915527344,2294
2023-04-03 11:31:00-04:00,29.790000915527344,29.799999237060547,29.78249931335449,29.795000076293945,29.795000076293945,17101
2023-04-03 11:32:00-04:00,29.799999237060547,29.799999237060547,29.780000686645508,29.781299591064453,29.781299591064453,13731
2023-04-03 11:33:00-04:00,29.78499984741211,29.790000915527344,29.774999618530277,29.774999618530277,29.774999618530277,8610
2023-04-03 11:34:00-04:00,29.774999618530277,29.799999237060547,29.774999618530277,29.795000076293945,29.795000076293945,23683
2023-04-03 11:35:00-04:00,29.790000915527344,29.809999465942383,29.790000915527344,29.790000915527344,29.790000915527344,14160
2023-04-03 11:36:00-04:00,29.790000915527344,29.790000915527344,29.780000686645508,29.790000915527344,29.790000915527344,12522
2023-04-03 11:37:00-04:00,29.799999237060547,29.809999465942383,29.790000915527344,29.80500030517578,29.80500030517578,6652
2023-04-03 11:38:00-04:00,29.80500030517578,29.809999465942383,29.799999237060547,29.799999237060547,29.799999237060547,5995
2023-04-03 11:39:00-04:00,29.809999465942383,29.809999465942383,29.799999237060547,29.799999237060547,29.799999237060547,9767
2023-04-03 11:40:00-04:00,29.80500030517578,29.825000762939453,29.80500030517578,29.815000534057617,29.815000534057617,20333
2023-04-03 11:41:00-04:00,29.809999465942383,29.815000534057617,29.795000076293945,29.79850006103516,29.79850006103516,15867
2023-04-03 11:42:00-04:00,29.790000915527344,29.790000915527344,29.780000686645508,29.790000915527344,29.790000915527344,7433
2023-04-03 11:43:00-04:00,29.795000076293945,29.795000076293945,29.790000915527344,29.790000915527344,29.790000915527344,4357
2023-04-03 11:44:00-04:00,29.795000076293945,29.79750061035156,29.790000915527344,29.795000076293945,29.795000076293945,2351
2023-04-03 11:45:00-04:00,29.790000915527344,29.799999237060547,29.790000915527344,29.798999786376957,29.798999786376957,11762
2023-04-03 11:46:00-04:00,29.795000076293945,29.799999237060547,29.790000915527344,29.795000076293945,29.795000076293945,3886
2023-04-03 11:47:00-04:00,29.799999237060547,29.81999969482422,29.795000076293945,29.81999969482422,29.81999969482422,9313
2023-04-03 11:48:00-04:00,29.81999969482422,29.81999969482422,29.80500030517578,29.80500030517578,29.80500030517578,12915
2023-04-03 11:49:00-04:00,29.80649948120117,29.82999992370605,29.80649948120117,29.81999969482422,29.81999969482422,14773
2023-04-03 11:50:00-04:00,29.81999969482422,29.81999969482422,29.799999237060547,29.80500030517578,29.80500030517578,5618
2023-04-03 11:51:00-04:00,29.80500030517578,29.809999465942383,29.799999237060547,29.809999465942383,29.809999465942383,1409
2023-04-03 11:52:00-04:00,29.809999465942383,29.81529998779297,29.799999237060547,29.799999237060547,29.799999237060547,7426
2023-04-03 11:53:00-04:00,29.80500030517578,29.809999465942383,29.795000076293945,29.79990005493164,29.79990005493164,7963
2023-04-03 11:54:00-04:00,29.795000076293945,29.799999237060547,29.795000076293945,29.795000076293945,29.795000076293945,8345
2023-04-03 11:55:00-04:00,29.795000076293945,29.809999465942383,29.795000076293945,29.80500030517578,29.80500030517578,4065
2023-04-03 11:56:00-04:00,29.80500030517578,29.809999465942383,29.799999237060547,29.809999465942383,29.809999465942383,2104
2023-04-03 11:57:00-04:00,29.809999465942383,29.809999465942383,29.799999237060547,29.809999465942383,29.809999465942383,31734
2023-04-03 11:58:00-04:00,29.80500030517578,29.80500030517578,29.780000686645508,29.780000686645508,29.780000686645508,13159
2023-04-03 11:59:00-04:00,29.790000915527344,29.790000915527344,29.774999618530277,29.780000686645508,29.780000686645508,13589
2023-04-03 12:00:00-04:00,29.78499984741211,29.78499984741211,29.774999618530277,29.774999618530277,29.774999618530277,3822
2023-04-03 12:01:00-04:00,29.770000457763672,29.78499984741211,29.770000457763672,29.780000686645508,29.780000686645508,4609
2023-04-03 12:02:00-04:00,29.788000106811523,29.788000106811523,29.78499984741211,29.78499984741211,29.78499984741211,1282
2023-04-03 12:03:00-04:00,29.78580093383789,29.815000534057617,29.78580093383789,29.809999465942383,29.809999465942383,17297
2023-04-03 12:04:00-04:00,29.815000534057617,29.82999992370605,29.809999465942383,29.82999992370605,29.82999992370605,12719
2023-04-03 12:05:00-04:00,29.82999992370605,29.850000381469727,29.81999969482422,29.825000762939453,29.825000762939453,24886
2023-04-03 12:06:00-04:00,29.825000762939453,29.825000762939453,29.799999237060547,29.815000534057617,29.815000534057617,25316
2023-04-03 12:07:00-04:00,29.809999465942383,29.809999465942383,29.795000076293945,29.809999465942383,29.809999465942383,6825
2023-04-03 12:08:00-04:00,29.809999465942383,29.81999969482422,29.809999465942383,29.81999969482422,29.81999969482422,2197
2023-04-03 12:09:00-04:00,29.809999465942383,29.815000534057617,29.795000076293945,29.795000076293945,29.795000076293945,10175
2023-04-03 12:10:00-04:00,29.799999237060547,29.809999465942383,29.799999237060547,29.80500030517578,29.80500030517578,6588
2023-04-03 12:11:00-04:00,29.809999465942383,29.809999465942383,29.80500030517578,29.809999465942383,29.809999465942383,3642
2023-04-03 12:12:00-04:00,29.81999969482422,29.825000762939453,29.81010055541992,29.825000762939453,29.825000762939453,7465
2023-04-03 12:13:00-04:00,29.825000762939453,29.82999992370605,29.81999969482422,29.825000762939453,29.825000762939453,10824
2023-04-03 12:14:00-04:00,29.82869911193848,29.84000015258789,29.82869911193848,29.84000015258789,29.84000015258789,9548
2023-04-03 12:15:00-04:00,29.84000015258789,29.850000381469727,29.84000015258789,29.84499931335449,29.84499931335449,3147
2023-04-03 12:16:00-04:00,29.84499931335449,29.850000381469727,29.84000015258789,29.84000015258789,29.84000015258789,3727
2023-04-03 12:17:00-04:00,29.84000015258789,29.854999542236328,29.84000015258789,29.850000381469727,29.850000381469727,9894
2023-04-03 12:18:00-04:00,29.850000381469727,29.850000381469727,29.84000015258789,29.84000015258789,29.84000015258789,9981
2023-04-03 12:19:00-04:00,29.84499931335449,29.850000381469727,29.8400993347168,29.84499931335449,29.84499931335449,5433
2023-04-03 12:20:00-04:00,29.84499931335449,29.850000381469727,29.834999084472656,29.84000015258789,29.84000015258789,10672
2023-04-03 12:21:00-04:00,29.84000015258789,29.84000015258789,29.834999084472656,29.84000015258789,29.84000015258789,8273
2023-04-03 12:22:00-04:00,29.84000015258789,29.84000015258789,29.815000534057617,29.815000534057617,29.815000534057617,13717
2023-04-03 12:23:00-04:00,29.815000534057617,29.82999992370605,29.80500030517578,29.81999969482422,29.81999969482422,9733
2023-04-03 12:24:00-04:00,29.82999992370605,29.84000015258789,29.82999992370605,29.84000015258789,29.84000015258789,2622
2023-04-03 12:25:00-04:00,29.83989906311035,29.84000015258789,29.82999992370605,29.82999992370605,29.82999992370605,6166
2023-04-03 12:26:00-04:00,29.82999992370605,29.84000015258789,29.825000762939453,29.84000015258789,29.84000015258789,4206
2023-04-03 12:27:00-04:00,29.84000015258789,29.84000015258789,29.81999969482422,29.825000762939453,29.825000762939453,8709
2023-04-03 12:28:00-04:00,29.825000762939453,29.850000381469727,29.825000762939453,29.84000015258789,29.84000015258789,16449
2023-04-03 12:29:00-04:00,29.84000015258789,29.84000015258789,29.82999992370605,29.82999992370605,29.82999992370605,6985
2023-04-03 12:30:00-04:00,29.825000762939453,29.82999992370605,29.81999969482422,29.82999992370605,29.82999992370605,3630
2023-04-03 12:31:00-04:00,29.82999992370605,29.82999992370605,29.81999969482422,29.81999969482422,29.81999969482422,1482
2023-04-03 12:32:00-04:00,29.825000762939453,29.834999084472656,29.825000762939453,29.834999084472656,29.834999084472656,3587
2023-04-03 12:33:00-04:00,29.834999084472656,29.84000015258789,29.81999969482422,29.834999084472656,29.834999084472656,15148
2023-04-03 12:34:00-04:00,29.82999992370605,29.84000015258789,29.82999992370605,29.84000015258789,29.84000015258789,4003
2023-04-03 12:35:00-04:00,29.84000015258789,29.850000381469727,29.84000015258789,29.84499931335449,29.84499931335449,4491
2023-04-03 12:36:00-04:00,29.84499931335449,29.86000061035156,29.84000015258789,29.86000061035156,29.86000061035156,5164
2023-04-03 12:37:00-04:00,29.850000381469727,29.850000381469727,29.834999084472656,29.834999084472656,29.834999084472656,11125
2023-04-03 12:38:00-04:00,29.834999084472656,29.84000015258789,29.834999084472656,29.84000015258789,29.84000015258789,1435
2023-04-03 12:39:00-04:00,29.84000015258789,29.84000015258789,29.82999992370605,29.82999992370605,29.82999992370605,4039
2023-04-03 12:40:00-04:00,29.82999992370605,29.84000015258789,29.82999992370605,29.834999084472656,29.834999084472656,4733
2023-04-03 12:41:00-04:00,29.834999084472656,29.834999084472656,29.82999992370605,29.82999992370605,29.82999992370605,3277
2023-04-03 12:42:00-04:00,29.82999992370605,29.84000015258789,29.81999969482422,29.825000762939453,29.825000762939453,10247
2023-04-03 12:43:00-04:00,29.82999992370605,29.84499931335449,29.825000762939453,29.84000015258789,29.84000015258789,11242
2023-04-03 12:44:00-04:00,29.84000015258789,29.84000015258789,29.834999084472656,29.83639907836914,29.83639907836914,7178
2023-04-03 12:45:00-04:00,29.82999992370605,29.84000015258789,29.82999992370605,29.84000015258789,29.84000015258789,7277
2023-04-03 12:46:00-04:00,29.84000015258789,29.84000015258789,29.81999969482422,29.825000762939453,29.825000762939453,7151
2023-04-03 12:47:00-04:00,29.81999969482422,29.82999992370605,29.81999969482422,29.825000762939453,29.825000762939453,1764
2023-04-03 12:48:00-04:00,29.825000762939453,29.82999992370605,29.825000762939453,29.82999992370605,29.82999992370605,2657
2023-04-03 12:49:00-04:00,29.82999992370605,29.84000015258789,29.82889938354492,29.84000015258789,29.84000015258789,9903
2023-04-03 12:50:00-04:00,29.84000015258789,29.84000015258789,29.825000762939453,29.82999992370605,29.82999992370605,18420
2023-04-03 12:51:00-04:00,29.82999992370605,29.86000061035156,29.82999992370605,29.86000061035156,29.86000061035156,3632
2023-04-03 12:52:00-04:00,29.850000381469727,29.854999542236328,29.84499931335449,29.850000381469727,29.850000381469727,5089
2023-04-03 12:53:00-04:00,29.84499931335449,29.850000381469727,29.84000015258789,29.84000015258789,29.84000015258789,4272
2023-04-03 12:54:00-04:00,29.84000015258789,29.850000381469727,29.84000015258789,29.84000015258789,29.84000015258789,3438
2023-04-03 12:55:00-04:00,29.84499931335449,29.850000381469727,29.84000015258789,29.84499931335449,29.84499931335449,1647
2023-04-03 12:56:00-04:00,29.84499931335449,29.84499931335449,29.834999084472656,29.84000015258789,29.84000015258789,8781
2023-04-03 12:57:00-04:00,29.84000015258789,29.84000015258789,29.832500457763672,29.84000015258789,29.84000015258789,3892
2023-04-03 12:58:00-04:00,29.84000015258789,29.84499931335449,29.84000015258789,29.84000015258789,29.84000015258789,7206
2023-04-03 12:59:00-04:00,29.84499931335449,29.850000381469727,29.834999084472656,29.834999084472656,29.834999084472656,11924
2023-04-03 13:00:00-04:00,29.834999084472656,29.84000015258789,29.825000762939453,29.82999992370605,29.82999992370605,8236
2023-04-03 13:01:00-04:00,29.825000762939453,29.825000762939453,29.815000534057617,29.815000534057617,29.815000534057617,4795
2023-04-03 13:02:00-04:00,29.81999969482422,29.825000762939453,29.815000534057617,29.815000534057617,29.815000534057617,9256
2023-04-03 13:03:00-04:00,29.81999969482422,29.81999969482422,29.80500030517578,29.809999465942383,29.809999465942383,16209
2023-04-03 13:04:00-04:00,29.813899993896484,29.82999992370605,29.813899993896484,29.82999992370605,29.82999992370605,8956
2023-04-03 13:05:00-04:00,29.825000762939453,29.84000015258789,29.825000762939453,29.84000015258789,29.84000015258789,3885
2023-04-03 13:06:00-04:00,29.834999084472656,29.834999084472656,29.815000534057617,29.815000534057617,29.815000534057617,8277
2023-04-03 13:07:00-04:00,29.815000534057617,29.81999969482422,29.815000534057617,29.815000534057617,29.815000534057617,3162
2023-04-03 13:08:00-04:00,29.815000534057617,29.81999969482422,29.809999465942383,29.815000534057617,29.815000534057617,12300
2023-04-03 13:09:00-04:00,29.815000534057617,29.82999992370605,29.809999465942383,29.82999992370605,29.82999992370605,12262
2023-04-03 13:10:00-04:00,29.82999992370605,29.850000381469727,29.82999992370605,29.84499931335449,29.84499931335449,6017
2023-04-03 13:11:00-04:00,29.850000381469727,29.86000061035156,29.84499931335449,29.86000061035156,29.86000061035156,5090
2023-04-03 13:12:00-04:00,29.86000061035156,29.86000061035156,29.84499931335449,29.84499931335449,29.84499931335449,16008
2023-04-03 13:13:00-04:00,29.84000015258789,29.84499931335449,29.834999084472656,29.84499931335449,29.84499931335449,7939
2023-04-03 13:14:00-04:00,29.850000381469727,29.850000381469727,29.84499931335449,29.84499931335449,29.84499931335449,1082
2023-04-03 13:15:00-04:00,29.8400993347168,29.8700008392334,29.8400993347168,29.864999771118164,29.864999771118164,5015
2023-04-03 13:16:00-04:00,29.8700008392334,29.8799991607666,29.864999771118164,29.875,29.875,14163
2023-04-03 13:17:00-04:00,29.875,29.88500022888184,29.8700008392334,29.8799991607666,29.8799991607666,12629
2023-04-03 13:18:00-04:00,29.88999938964844,29.88999938964844,29.875,29.8799991607666,29.8799991607666,7569
2023-04-03 13:19:00-04:00,29.875,29.88999938964844,29.875,29.88999938964844,29.88999938964844,11002
2023-04-03 13:20:00-04:00,29.88999938964844,29.88999938964844,29.8799991607666,29.8799991607666,29.8799991607666,1056
2023-04-03 13:21:00-04:00,29.88500022888184,29.88999938964844,29.86000061035156,29.86000061035156,29.86000061035156,22809
2023-04-03 13:22:00-04:00,29.864999771118164,29.875,29.86000061035156,29.86000061035156,29.86000061035156,11921
2023-04-03 13:23:00-04:00,29.86000061035156,29.86000061035156,29.854999542236328,29.854999542236328,29.854999542236328,4530
2023-04-03 13:24:00-04:00,29.850000381469727,29.854999542236328,29.84000015258789,29.84000015258789,29.84000015258789,9518
2023-04-03 13:25:00-04:00,29.84000015258789,29.84239959716797,29.832199096679688,29.84000015258789,29.84000015258789,8273
2023-04-03 13:26:00-04:00,29.84000015258789,29.84000015258789,29.825000762939453,29.82999992370605,29.82999992370605,13177
2023-04-03 13:27:00-04:00,29.82999992370605,29.84000015258789,29.82999992370605,29.82999992370605,29.82999992370605,3397
2023-04-03 13:28:00-04:00,29.82999992370605,29.82999992370605,29.809999465942383,29.815000534057617,29.815000534057617,8935
2023-04-03 13:29:00-04:00,29.809999465942383,29.809999465942383,29.80500030517578,29.80929946899414,29.80929946899414,2969
2023-04-03 13:30:00-04:00,29.80500030517578,29.809999465942383,29.799999237060547,29.809999465942383,29.809999465942383,2867
2023-04-03 13:31:00-04:00,29.809999465942383,29.809999465942383,29.790000915527344,29.790000915527344,29.790000915527344,8824
2023-04-03 13:32:00-04:00,29.790000915527344,29.80500030517578,29.790000915527344,29.80500030517578,29.80500030517578,10144
2023-04-03 13:33:00-04:00,29.80500030517578,29.809999465942383,29.800199508666992,29.809999465942383,29.809999465942383,5016
2023-04-03 13:34:00-04:00,29.809999465942383,29.809999465942383,29.799999237060547,29.80500030517578,29.80500030517578,7103
2023-04-03 13:35:00-04:00,29.80500030517578,29.808500289916992,29.78499984741211,29.790000915527344,29.790000915527344,18619
2023-04-03 13:36:00-04:00,29.790000915527344,29.81999969482422,29.790000915527344,29.81999969482422,29.81999969482422,13007
2023-04-03 13:37:00-04:00,29.81999969482422,29.81999969482422,29.795000076293945,29.795000076293945,29.795000076293945,16408
2023-04-03 13:38:00-04:00,29.790000915527344,29.790000915527344,29.780000686645508,29.780000686645508,29.780000686645508,2573
2023-04-03 13:39:00-04:00,29.780000686645508,29.790000915527344,29.780000686645508,29.781400680541992,29.781400680541992,3632
2023-04-03 13:40:00-04:00,29.780000686645508,29.78499984741211,29.770000457763672,29.774999618530277,29.774999618530277,13802
2023-04-03 13:41:00-04:00,29.774999618530277,29.774999618530277,29.770099639892575,29.774999618530277,29.774999618530277,2474
2023-04-03 13:42:00-04:00,29.780000686645508,29.780000686645508,29.76000022888184,29.76000022888184,29.76000022888184,11953
2023-04-03 13:43:00-04:00,29.76499938964844,29.76499938964844,29.7549991607666,29.76499938964844,29.76499938964844,9050
2023-04-03 13:44:00-04:00,29.76499938964844,29.770000457763672,29.76000022888184,29.76499938964844,29.76499938964844,10567
2023-04-03 13:45:00-04:00,29.76000022888184,29.770000457763672,29.76000022888184,29.76499938964844,29.76499938964844,2602
2023-04-03 13:46:00-04:00,29.76499938964844,29.76499938964844,29.75,29.758699417114254,29.758699417114254,13160
2023-04-03 13:47:00-04:00,29.7549991607666,29.770000457763672,29.75,29.76499938964844,29.76499938964844,8978
2023-04-03 13:48:00-04:00,29.76499938964844,29.76499938964844,29.76000022888184,29.76499938964844,29.76499938964844,2569
2023-04-03 13:49:00-04:00,29.770000457763672,29.770000457763672,29.76499938964844,29.76499938964844,29.76499938964844,2399
2023-04-03 13:50:00-04:00,29.770000457763672,29.774999618530277,29.770000457763672,29.770000457763672,29.770000457763672,12454
2023-04-03 13:51:00-04:00,29.780000686645508,29.78499984741211,29.774999618530277,29.78499984741211,29.78499984741211,9609
2023-04-03 13:52:00-04:00,29.790000915527344,29.790000915527344,29.770000457763672,29.770000457763672,29.770000457763672,17871
2023-04-03 13:53:00-04:00,29.770000457763672,29.770000457763672,29.76000022888184,29.76000022888184,29.76000022888184,9171
2023-04-03 13:54:00-04:00,29.76000022888184,29.770000457763672,29.76000022888184,29.76499938964844,29.76499938964844,9514
2023-04-03 13:55:00-04:00,29.761499404907227,29.774999618530277,29.761499404907227,29.774999618530277,29.774999618530277,8690
2023-04-03 13:56:00-04:00,29.780000686645508,29.790000915527344,29.774999618530277,29.78499984741211,29.78499984741211,8711
2023-04-03 13:57:00-04:00,29.790000915527344,29.799999237060547,29.790000915527344,29.799999237060547,29.799999237060547,4334
2023-04-03 13:58:00-04:00,29.795000076293945,29.809999465942383,29.795000076293945,29.809999465942383,29.809999465942383,8165
2023-04-03 13:59:00-04:00,29.809999465942383,29.809999465942383,29.790000915527344,29.795000076293945,29.795000076293945,21828
2023-04-03 14:00:00-04:00,29.795000076293945,29.799999237060547,29.790000915527344,29.795000076293945,29.795000076293945,12929
2023-04-03 14:01:00-04:00,29.795000076293945,29.80500030517578,29.795000076293945,29.80500030517578,29.80500030517578,5714
2023-04-03 14:02:00-04:00,29.799999237060547,29.799999237060547,29.790000915527344,29.795000076293945,29.795000076293945,11682
2023-04-03 14:03:00-04:00,29.795000076293945,29.80500030517578,29.795000076293945,29.80500030517578,29.80500030517578,15348
2023-04-03 14:04:00-04:00,29.80500030517578,29.80500030517578,29.799999237060547,29.80500030517578,29.80500030517578,7059
2023-04-03 14:05:00-04:00,29.80500030517578,29.80500030517578,29.774999618530277,29.774999618530277,29.774999618530277,30758
2023-04-03 14:06:00-04:00,29.774999618530277,29.790000915527344,29.774999618530277,29.780000686645508,29.780000686645508,9792
2023-04-03 14:07:00-04:00,29.78499984741211,29.809999465942383,29.780000686645508,29.80500030517578,29.80500030517578,14167
2023-04-03 14:08:00-04:00,29.809999465942383,29.809999465942383,29.799999237060547,29.809999465942383,29.809999465942383,4949
2023-04-03 14:09:00-04:00,29.81999969482422,29.81999969482422,29.795000076293945,29.795000076293945,29.795000076293945,28608
2023-04-03 14:10:00-04:00,29.795000076293945,29.799999237060547,29.790000915527344,29.795000076293945,29.795000076293945,9649
2023-04-03 14:11:00-04:00,29.799999237060547,29.81999969482422,29.795000076293945,29.815000534057617,29.815000534057617,11202
2023-04-03 14:12:00-04:00,29.815000534057617,29.815000534057617,29.799999237060547,29.80769920349121,29.80769920349121,13475
2023-04-03 14:13:00-04:00,29.80599975585937,29.81999969482422,29.799999237060547,29.799999237060547,29.799999237060547,15970
2023-04-03 14:14:00-04:00,29.799999237060547,29.80500030517578,29.799999237060547,29.80500030517578,29.80500030517578,1337
2023-04-03 14:15:00-04:00,29.809999465942383,29.809999465942383,29.79179954528809,29.79179954528809,29.79179954528809,6881
2023-04-03 14:16:00-04:00,29.795000076293945,29.795000076293945,29.780000686645508,29.795000076293945,29.795000076293945,24355
2023-04-03 14:17:00-04:00,29.799999237060547,29.809999465942383,29.799999237060547,29.80500030517578,29.80500030517578,4817
2023-04-03 14:18:00-04:00,29.80500030517578,29.809999465942383,29.799999237060547,29.80500030517578,29.80500030517578,5331
2023-04-03 14:19:00-04:00,29.80500030517578,29.809999465942383,29.799999237060547,29.799999237060547,29.799999237060547,15377
2023-04-03 14:20:00-04:00,29.799999237060547,29.799999237060547,29.770000457763672,29.78499984741211,29.78499984741211,26254
2023-04-03 14:21:00-04:00,29.78499984741211,29.799999237060547,29.78350067138672,29.790000915527344,29.790000915527344,10178
2023-04-03 14:22:00-04:00,29.795000076293945,29.809999465942383,29.795000076293945,29.80500030517578,29.80500030517578,8423
2023-04-03 14:23:00-04:00,29.809999465942383,29.81999969482422,29.80500030517578,29.81999969482422,29.81999969482422,19357
2023-04-03 14:24:00-04:00,29.815000534057617,29.81999969482422,29.809999465942383,29.815000534057617,29.815000534057617,6721
2023-04-03 14:25:00-04:00,29.81999969482422,29.82999992370605,29.81999969482422,29.82999992370605,29.82999992370605,9021
2023-04-03 14:26:00-04:00,29.82999992370605,29.82999992370605,29.802499771118164,29.815000534057617,29.815000534057617,28758
2023-04-03 14:27:00-04:00,29.81999969482422,29.81999969482422,29.80500030517578,29.81999969482422,29.81999969482422,13028
2023-04-03 14:28:00-04:00,29.81999969482422,29.81999969482422,29.815000534057617,29.81999969482422,29.81999969482422,5749
2023-04-03 14:29:00-04:00,29.811500549316406,29.81999969482422,29.809999465942383,29.815000534057617,29.815000534057617,7213
2023-04-03 14:30:00-04:00,29.815000534057617,29.81999969482422,29.809999465942383,29.81999969482422,29.81999969482422,10811
2023-04-03 14:31:00-04:00,29.81999969482422,29.81999969482422,29.80500030517578,29.809999465942383,29.809999465942383,18589
2023-04-03 14:32:00-04:00,29.809999465942383,29.81999969482422,29.809999465942383,29.81999969482422,29.81999969482422,8141
2023-04-03 14:33:00-04:00,29.81999969482422,29.82999992370605,29.809999465942383,29.815000534057617,29.815000534057617,24313
2023-04-03 14:34:00-04:00,29.81999969482422,29.82999992370605,29.81999969482422,29.825000762939453,29.825000762939453,9230
2023-04-03 14:35:00-04:00,29.81999969482422,29.84000015258789,29.81999969482422,29.834999084472656,29.834999084472656,6412
2023-04-03 14:36:00-04:00,29.84000015258789,29.850000381469727,29.834999084472656,29.84499931335449,29.84499931335449,7650
2023-04-03 14:37:00-04:00,29.850000381469727,29.850000381469727,29.84499931335449,29.84499931335449,29.84499931335449,3028
2023-04-03 14:38:00-04:00,29.84499931335449,29.850000381469727,29.834999084472656,29.834999084472656,29.834999084472656,22329
2023-04-03 14:39:00-04:00,29.84000015258789,29.84499931335449,29.825000762939453,29.825000762939453,29.825000762939453,34863
2023-04-03 14:40:00-04:00,29.829599380493164,29.82999992370605,29.825000762939453,29.82999992370605,29.82999992370605,11232
2023-04-03 14:41:00-04:00,29.82999992370605,29.834999084472656,29.825000762939453,29.825000762939453,29.825000762939453,10832
2023-04-03 14:42:00-04:00,29.825000762939453,29.82999992370605,29.81999969482422,29.82999992370605,29.82999992370605,8514
2023-04-03 14:43:00-04:00,29.825000762939453,29.82999992370605,29.809999465942383,29.819900512695312,29.819900512695312,14340
2023-04-03 14:44:00-04:00,29.81010055541992,29.81999969482422,29.809999465942383,29.815000534057617,29.815000534057617,4919
2023-04-03 14:45:00-04:00,29.81999969482422,29.82999992370605,29.81999969482422,29.82999992370605,29.82999992370605,12886
2023-04-03 14:46:00-04:00,29.82999992370605,29.82999992370605,29.822399139404297,29.825000762939453,29.825000762939453,6757
2023-04-03 14:47:00-04:00,29.82999992370605,29.82999992370605,29.825000762939453,29.825000762939453,29.825000762939453,6242
2023-04-03 14:48:00-04:00,29.825000762939453,29.84000015258789,29.815000534057617,29.81999969482422,29.81999969482422,31643
2023-04-03 14:49:00-04:00,29.81999969482422,29.825000762939453,29.815000534057617,29.81999969482422,29.81999969482422,15942
2023-04-03 14:50:00-04:00,29.81999969482422,29.84000015258789,29.81999969482422,29.84000015258789,29.84000015258789,9278
2023-04-03 14:51:00-04:00,29.84000015258789,29.84000015258789,29.834999084472656,29.84000015258789,29.84000015258789,3949
2023-04-03 14:52:00-04:00,29.84000015258789,29.84000015258789,29.834999084472656,29.84000015258789,29.84000015258789,2983
2023-04-03 14:53:00-04:00,29.84000015258789,29.84000015258789,29.82999992370605,29.834999084472656,29.834999084472656,7359
2023-04-03 14:54:00-04:00,29.834999084472656,29.84000015258789,29.815000534057617,29.815000534057617,29.815000534057617,41588
2023-04-03 14:55:00-04:00,29.815000534057617,29.825000762939453,29.815000534057617,29.81999969482422,29.81999969482422,7107
2023-04-03 14:56:00-04:00,29.82999992370605,29.82999992370605,29.825000762939453,29.82999992370605,29.82999992370605,4355
2023-04-03 14:57:00-04:00,29.825000762939453,29.834999084472656,29.825000762939453,29.82999992370605,29.82999992370605,9840
2023-04-03 14:58:00-04:00,29.82999992370605,29.84000015258789,29.82999992370605,29.834999084472656,29.834999084472656,11988
2023-04-03 14:59:00-04:00,29.834999084472656,29.84000015258789,29.82460021972656,29.82460021972656,29.82460021972656,18317
2023-04-03 15:00:00-04:00,29.825000762939453,29.825000762939453,29.815000534057617,29.815000534057617,29.815000534057617,10084
2023-04-03 15:01:00-04:00,29.815000534057617,29.815000534057617,29.792499542236328,29.815000534057617,29.815000534057617,23161
2023-04-03 15:02:00-04:00,29.815000534057617,29.84000015258789,29.815000534057617,29.84000015258789,29.84000015258789,22053
2023-04-03 15:03:00-04:00,29.834999084472656,29.84000015258789,29.82999992370605,29.84000015258789,29.84000015258789,5586
2023-04-03 15:04:00-04:00,29.84000015258789,29.84000015258789,29.82999992370605,29.834999084472656,29.834999084472656,6259
2023-04-03 15:05:00-04:00,29.84000015258789,29.850000381469727,29.834999084472656,29.840999603271484,29.840999603271484,15142
2023-04-03 15:06:00-04:00,29.84499931335449,29.854999542236328,29.84499931335449,29.850000381469727,29.850000381469727,12045
2023-04-03 15:07:00-04:00,29.850000381469727,29.850000381469727,29.834999084472656,29.834999084472656,29.834999084472656,23511
2023-04-03 15:08:00-04:00,29.834999084472656,29.850000381469727,29.834999084472656,29.850000381469727,29.850000381469727,9032
2023-04-03 15:09:00-04:00,29.850000381469727,29.850000381469727,29.834999084472656,29.834999084472656,29.834999084472656,10061
2023-04-03 15:10:00-04:00,29.84000015258789,29.850000381469727,29.84000015258789,29.84499931335449,29.84499931335449,10639
2023-04-03 15:11:00-04:00,29.84499931335449,29.854999542236328,29.84000015258789,29.850000381469727,29.850000381469727,10437
2023-04-03 15:12:00-04:00,29.84499931335449,29.864999771118164,29.84499931335449,29.864999771118164,29.864999771118164,19512
2023-04-03 15:13:00-04:00,29.8700008392334,29.8700008392334,29.86000061035156,29.8700008392334,29.8700008392334,10566
2023-04-03 15:14:00-04:00,29.864999771118164,29.8700008392334,29.850000381469727,29.850000381469727,29.850000381469727,32471
2023-04-03 15:15:00-04:00,29.854999542236328,29.86000061035156,29.854999542236328,29.854999542236328,29.854999542236328,8896
2023-04-03 15:16:00-04:00,29.86000061035156,29.86000061035156,29.84000015258789,29.84499931335449,29.84499931335449,12325
2023-04-03 15:17:00-04:00,29.84499931335449,29.86000061035156,29.84000015258789,29.850000381469727,29.850000381469727,12582
2023-04-03 15:18:00-04:00,29.86000061035156,29.86000061035156,29.854999542236328,29.86000061035156,29.86000061035156,4092
2023-04-03 15:19:00-04:00,29.854999542236328,29.86000061035156,29.84000015258789,29.84499931335449,29.84499931335449,14250
2023-04-03 15:20:00-04:00,29.84499931335449,29.850000381469727,29.82999992370605,29.834999084472656,29.834999084472656,18400
2023-04-03 15:21:00-04:00,29.834999084472656,29.84000015258789,29.82999992370605,29.834999084472656,29.834999084472656,13669
2023-04-03 15:22:00-04:00,29.834999084472656,29.850000381469727,29.834999084472656,29.84499931335449,29.84499931335449,23280
2023-04-03 15:23:00-04:00,29.84499931335449,29.84499931335449,29.82999992370605,29.834999084472656,29.834999084472656,21716
2023-04-03 15:24:00-04:00,29.84000015258789,29.850000381469727,29.834999084472656,29.834999084472656,29.834999084472656,24467
2023-04-03 15:25:00-04:00,29.84000015258789,29.850000381469727,29.834999084472656,29.84499931335449,29.84499931335449,23396
2023-04-03 15:26:00-04:00,29.850000381469727,29.850000381469727,29.834999084472656,29.834999084472656,29.834999084472656,21210
2023-04-03 15:27:00-04:00,29.84000015258789,29.854999542236328,29.834999084472656,29.84499931335449,29.84499931335449,20178
2023-04-03 15:28:00-04:00,29.84950065612793,29.864999771118164,29.84499931335449,29.86000061035156,29.86000061035156,25555
2023-04-03 15:29:00-04:00,29.850000381469727,29.850000381469727,29.84499931335449,29.84499931335449,29.84499931335449,19591
2023-04-03 15:30:00-04:00,29.850000381469727,29.854999542236328,29.834999084472656,29.84499931335449,29.84499931335449,20681
2023-04-03 15:31:00-04:00,29.84499931335449,29.854999542236328,29.84499931335449,29.854999542236328,29.854999542236328,7423
2023-04-03 15:32:00-04:00,29.854999542236328,29.864999771118164,29.84000015258789,29.84000015258789,29.84000015258789,40083
2023-04-03 15:33:00-04:00,29.84000015258789,29.850000381469727,29.84000015258789,29.84499931335449,29.84499931335449,10638
2023-04-03 15:34:00-04:00,29.850000381469727,29.850000381469727,29.84000015258789,29.84000015258789,29.84000015258789,8658
2023-04-03 15:35:00-04:00,29.84499931335449,29.850000381469727,29.84000015258789,29.84499931335449,29.84499931335449,9040
2023-04-03 15:36:00-04:00,29.84499931335449,29.850000381469727,29.82999992370605,29.834999084472656,29.834999084472656,23789
2023-04-03 15:37:00-04:00,29.84000015258789,29.86000061035156,29.834999084472656,29.854999542236328,29.854999542236328,29491
2023-04-03 15:38:00-04:00,29.854999542236328,29.86000061035156,29.84499931335449,29.850000381469727,29.850000381469727,13197
2023-04-03 15:39:00-04:00,29.84499931335449,29.850000381469727,29.84499931335449,29.84499931335449,29.84499931335449,4503
2023-04-03 15:40:00-04:00,29.850000381469727,29.854999542236328,29.82999992370605,29.82999992370605,29.82999992370605,67937
2023-04-03 15:41:00-04:00,29.834999084472656,29.850000381469727,29.825000762939453,29.84499931335449,29.84499931335449,65498
2023-04-03 15:42:00-04:00,29.850000381469727,29.86000061035156,29.850000381469727,29.854999542236328,29.854999542236328,20393
2023-04-03 15:43:00-04:00,29.854999542236328,29.864999771118164,29.850000381469727,29.86000061035156,29.86000061035156,23523
2023-04-03 15:44:00-04:00,29.86000061035156,29.864999771118164,29.850000381469727,29.86000061035156,29.86000061035156,19333
2023-04-03 15:45:00-04:00,29.86000061035156,29.8700008392334,29.850000381469727,29.854999542236328,29.854999542236328,38381
2023-04-03 15:46:00-04:00,29.86000061035156,29.8700008392334,29.854999542236328,29.8700008392334,29.8700008392334,29773
2023-04-03 15:47:00-04:00,29.864999771118164,29.8700008392334,29.86000061035156,29.864999771118164,29.864999771118164,20034
2023-04-03 15:48:00-04:00,29.86000061035156,29.879600524902344,29.850000381469727,29.850000381469727,29.850000381469727,62663
2023-04-03 15:49:00-04:00,29.850000381469727,29.8700008392334,29.850000381469727,29.864999771118164,29.864999771118164,33480
2023-04-03 15:50:00-04:00,29.86000061035156,29.864999771118164,29.850000381469727,29.854999542236328,29.854999542236328,62763
2023-04-03 15:51:00-04:00,29.86000061035156,29.86000061035156,29.850000381469727,29.854999542236328,29.854999542236328,42790
2023-04-03 15:52:00-04:00,29.854999542236328,29.854999542236328,29.82999992370605,29.834999084472656,29.834999084472656,80377
2023-04-03 15:53:00-04:00,29.834999084472656,29.84000015258789,29.825000762939453,29.834999084472656,29.834999084472656,67785
2023-04-03 15:54:00-04:00,29.834999084472656,29.850000381469727,29.809999465942383,29.84000015258789,29.84000015258789,149217
2023-04-03 15:55:00-04:00,29.84000015258789,29.8700008392334,29.834999084472656,29.86000061035156,29.86000061035156,136474
2023-04-03 15:56:00-04:00,29.854999542236328,29.86000061035156,29.850000381469727,29.854999542236328,29.854999542236328,49862
2023-04-03 15:57:00-04:00,29.86000061035156,29.8700008392334,29.854999542236328,29.864999771118164,29.864999771118164,96070
2023-04-03 15:58:00-04:00,29.8700008392334,29.8700008392334,29.850000381469727,29.854999542236328,29.854999542236328,158570
2023-04-03 15:59:00-04:00,29.854999542236328,29.854999542236328,29.82999992370605,29.82999992370605,29.82999992370605,192259
2023-04-04 09:30:00-04:00,29.950000762939453,30.01000022888184,29.90999984741211,29.93000030517578,29.93000030517578,210029
2023-04-04 09:31:00-04:00,29.93000030517578,29.979999542236328,29.93000030517578,29.93910026550293,29.93910026550293,32984
2023-04-04 09:32:00-04:00,29.934999465942383,29.959999084472656,29.90999984741211,29.95499992370605,29.95499992370605,23874
2023-04-04 09:33:00-04:00,29.959999084472656,29.979999542236328,29.915000915527344,29.93000030517578,29.93000030517578,44174
2023-04-04 09:34:00-04:00,29.924999237060547,29.950000762939453,29.915000915527344,29.934999465942383,29.934999465942383,24642
2023-04-04 09:35:00-04:00,29.934999465942383,29.989999771118164,29.915000915527344,29.98500061035156,29.98500061035156,14092
2023-04-04 09:36:00-04:00,29.98500061035156,29.989999771118164,29.96500015258789,29.96999931335449,29.96999931335449,19060
2023-04-04 09:37:00-04:00,29.959999084472656,29.96500015258789,29.90999984741211,29.920000076293945,29.920000076293945,30019
2023-04-04 09:38:00-04:00,29.920000076293945,29.924999237060547,29.88500022888184,29.88999938964844,29.88999938964844,20936
2023-04-04 09:39:00-04:00,29.895000457763672,29.895000457763672,29.854999542236328,29.854999542236328,29.854999542236328,16390
2023-04-04 09:40:00-04:00,29.86000061035156,29.864999771118164,29.84499931335449,29.850000381469727,29.850000381469727,25690
2023-04-04 09:41:00-04:00,29.850000381469727,29.8700008392334,29.84499931335449,29.850000381469727,29.850000381469727,29425
2023-04-04 09:42:00-04:00,29.84499931335449,29.850000381469727,29.825000762939453,29.84000015258789,29.84000015258789,7890
2023-04-04 09:43:00-04:00,29.84000015258789,29.84000015258789,29.81999969482422,29.825000762939453,29.825000762939453,17306
2023-04-04 09:44:00-04:00,29.825000762939453,29.825000762939453,29.799999237060547,29.80500030517578,29.80500030517578,29391
2023-04-04 09:45:00-04:00,29.809999465942383,29.849899291992188,29.795000076293945,29.795000076293945,29.795000076293945,23307
2023-04-04 09:46:00-04:00,29.795000076293945,29.799999237060547,29.774999618530277,29.799999237060547,29.799999237060547,21764
2023-04-04 09:47:00-04:00,29.799999237060547,29.81999969482422,29.770000457763672,29.774999618530277,29.774999618530277,28056
2023-04-04 09:48:00-04:00,29.780000686645508,29.80500030517578,29.774999618530277,29.799999237060547,29.799999237060547,16318
2023-04-04 09:49:00-04:00,29.809999465942383,29.84000015258789,29.809999465942383,29.82999992370605,29.82999992370605,19696
2023-04-04 09:50:00-04:00,29.82999992370605,29.854999542236328,29.82999992370605,29.84000015258789,29.84000015258789,25819
2023-04-04 09:51:00-04:00,29.84499931335449,29.875,29.80500030517578,29.80500030517578,29.80500030517578,29579
2023-04-04 09:52:00-04:00,29.80500030517578,29.80500030517578,29.78499984741211,29.78499984741211,29.78499984741211,7449
2023-04-04 09:53:00-04:00,29.78499984741211,29.82999992370605,29.78499984741211,29.819799423217773,29.819799423217773,33421
2023-04-04 09:54:00-04:00,29.809999465942383,29.834999084472656,29.809999465942383,29.82999992370605,29.82999992370605,22105
2023-04-04 09:55:00-04:00,29.82999992370605,29.82999992370605,29.815000534057617,29.825000762939453,29.825000762939453,10653
2023-04-04 09:56:00-04:00,29.82999992370605,29.86000061035156,29.825000762939453,29.854999542236328,29.854999542236328,7172
2023-04-04 09:57:00-04:00,29.854999542236328,29.86000061035156,29.854999542236328,29.854999542236328,29.854999542236328,1338
2023-04-04 09:58:00-04:00,29.850000381469727,29.850000381469727,29.809999465942383,29.81999969482422,29.81999969482422,21020
2023-04-04 09:59:00-04:00,29.81999969482422,29.825000762939453,29.80500030517578,29.80500030517578,29.80500030517578,6367
2023-04-04 10:00:00-04:00,29.809999465942383,29.88999938964844,29.799999237060547,29.88999938964844,29.88999938964844,54767
2023-04-04 10:01:00-04:00,29.895000457763672,29.90999984741211,29.8700008392334,29.875,29.875,18391
2023-04-04 10:02:00-04:00,29.8700008392334,29.88500022888184,29.8700008392334,29.8700008392334,29.8700008392334,10267
2023-04-04 10:03:00-04:00,29.8700008392334,29.8700008392334,29.81999969482422,29.825000762939453,29.825000762939453,39689
2023-04-04 10:04:00-04:00,29.825000762939453,29.861299514770508,29.81999969482422,29.86000061035156,29.86000061035156,10023
2023-04-04 10:05:00-04:00,29.8700008392334,29.8799991607666,29.850000381469727,29.86000061035156,29.86000061035156,21526
2023-04-04 10:06:00-04:00,29.86000061035156,29.8700008392334,29.854999542236328,29.854999542236328,29.854999542236328,19049
2023-04-04 10:07:00-04:00,29.854999542236328,29.86000061035156,29.825000762939453,29.84000015258789,29.84000015258789,7921
2023-04-04 10:08:00-04:00,29.84499931335449,29.85020065307617,29.81999969482422,29.834999084472656,29.834999084472656,19325
2023-04-04 10:09:00-04:00,29.850000381469727,29.850000381469727,29.825000762939453,29.83359909057617,29.83359909057617,9732
2023-04-04 10:10:00-04:00,29.82999992370605,29.82999992370605,29.795000076293945,29.809999465942383,29.809999465942383,13231
2023-04-04 10:11:00-04:00,29.80500030517578,29.80500030517578,29.780000686645508,29.78499984741211,29.78499984741211,9084
2023-04-04 10:12:00-04:00,29.78499984741211,29.799999237060547,29.774999618530277,29.799999237060547,29.799999237060547,24135
2023-04-04 10:13:00-04:00,29.799999237060547,29.809999465942383,29.780000686645508,29.78499984741211,29.78499984741211,20767
2023-04-04 10:14:00-04:00,29.790000915527344,29.80990028381348,29.78499984741211,29.80500030517578,29.80500030517578,6257
2023-04-04 10:15:00-04:00,29.809999465942383,29.809999465942383,29.795000076293945,29.799999237060547,29.799999237060547,7036
2023-04-04 10:16:00-04:00,29.80500030517578,29.809999465942383,29.80500030517578,29.80500030517578,29.80500030517578,10317
2023-04-04 10:17:00-04:00,29.80500030517578,29.80500030517578,29.75,29.76000022888184,29.76000022888184,13718
2023-04-04 10:18:00-04:00,29.7549991607666,29.790000915527344,29.7549991607666,29.774999618530277,29.774999618530277,28686
2023-04-04 10:19:00-04:00,29.780000686645508,29.790000915527344,29.75,29.780000686645508,29.780000686645508,23741
2023-04-04 10:20:00-04:00,29.780000686645508,29.78499984741211,29.729999542236328,29.73500061035156,29.73500061035156,105349
2023-04-04 10:21:00-04:00,29.73500061035156,29.739999771118164,29.71500015258789,29.725000381469727,29.725000381469727,25009
2023-04-04 10:22:00-04:00,29.71999931335449,29.739999771118164,29.71999931335449,29.729999542236328,29.729999542236328,26762
2023-04-04 10:23:00-04:00,29.73500061035156,29.73500061035156,29.68000030517578,29.684999465942383,29.684999465942383,29361
2023-04-04 10:24:00-04:00,29.684999465942383,29.700000762939453,29.670000076293945,29.68000030517578,29.68000030517578,39525
2023-04-04 10:25:00-04:00,29.68000030517578,29.690000534057617,29.665000915527344,29.68000030517578,29.68000030517578,10692
2023-04-04 10:26:00-04:00,29.68000030517578,29.690000534057617,29.65999984741211,29.65999984741211,29.65999984741211,22407
2023-04-04 10:27:00-04:00,29.65999984741211,29.690000534057617,29.655000686645508,29.68000030517578,29.68000030517578,14492
2023-04-04 10:28:00-04:00,29.690000534057617,29.69499969482422,29.674999237060547,29.684999465942383,29.684999465942383,14755
2023-04-04 10:29:00-04:00,29.684999465942383,29.684999465942383,29.65999984741211,29.665000915527344,29.665000915527344,20931
2023-04-04 10:30:00-04:00,29.665000915527344,29.690000534057617,29.665000915527344,29.684999465942383,29.684999465942383,22635
2023-04-04 10:31:00-04:00,29.684999465942383,29.71999931335449,29.684999465942383,29.71999931335449,29.71999931335449,21854
2023-04-04 10:32:00-04:00,29.71500015258789,29.729999542236328,29.71500015258789,29.725000381469727,29.725000381469727,4327
2023-04-04 10:33:00-04:00,29.71999931335449,29.76129913330078,29.71500015258789,29.76000022888184,29.76000022888184,47448
2023-04-04 10:34:00-04:00,29.76000022888184,29.76499938964844,29.7450008392334,29.7450008392334,29.7450008392334,7535
2023-04-04 10:35:00-04:00,29.7450008392334,29.7450008392334,29.71999931335449,29.729999542236328,29.729999542236328,25119
2023-04-04 10:36:00-04:00,29.725000381469727,29.729999542236328,29.71999931335449,29.71999931335449,29.71999931335449,9698
2023-04-04 10:37:00-04:00,29.729999542236328,29.75,29.71500015258789,29.71500015258789,29.71500015258789,14387
2023-04-04 10:38:00-04:00,29.71500015258789,29.71999931335449,29.70499992370605,29.71500015258789,29.71500015258789,6473
2023-04-04 10:39:00-04:00,29.71500015258789,29.71500015258789,29.68000030517578,29.68989944458008,29.68989944458008,25506
2023-04-04 10:40:00-04:00,29.684999465942383,29.684999465942383,29.645000457763672,29.662900924682617,29.662900924682617,33631
2023-04-04 10:41:00-04:00,29.65999984741211,29.65999984741211,29.63999938964844,29.63999938964844,29.63999938964844,9902
2023-04-04 10:42:00-04:00,29.63999938964844,29.665000915527344,29.63999938964844,29.655000686645508,29.655000686645508,18123
2023-04-04 10:43:00-04:00,29.655000686645508,29.655000686645508,29.6299991607666,29.63999938964844,29.63999938964844,23211
2023-04-04 10:44:00-04:00,29.645000457763672,29.649999618530277,29.6299991607666,29.649999618530277,29.649999618530277,24445
2023-04-04 10:45:00-04:00,29.649999618530277,29.655000686645508,29.645000457763672,29.649200439453125,29.649200439453125,11859
2023-04-04 10:46:00-04:00,29.649999618530277,29.649999618530277,29.625,29.63500022888184,29.63500022888184,18904
2023-04-04 10:47:00-04:00,29.63500022888184,29.645000457763672,29.625,29.625,29.625,16488
2023-04-04 10:48:00-04:00,29.6299991607666,29.63999938964844,29.6200008392334,29.63999938964844,29.63999938964844,17867
2023-04-04 10:49:00-04:00,29.63500022888184,29.63500022888184,29.6200008392334,29.625,29.625,11804
2023-04-04 10:50:00-04:00,29.625,29.670000076293945,29.6200008392334,29.670000076293945,29.670000076293945,39181
2023-04-04 10:51:00-04:00,29.670000076293945,29.68000030517578,29.670000076293945,29.68000030517578,29.68000030517578,5720
2023-04-04 10:52:00-04:00,29.674999237060547,29.68000030517578,29.665000915527344,29.670000076293945,29.670000076293945,15602
2023-04-04 10:53:00-04:00,29.674999237060547,29.690000534057617,29.65999984741211,29.690000534057617,29.690000534057617,10070
2023-04-04 10:54:00-04:00,29.700000762939453,29.700000762939453,29.690099716186523,29.69499969482422,29.69499969482422,2967
2023-04-04 10:55:00-04:00,29.690000534057617,29.709999084472656,29.690000534057617,29.700000762939453,29.700000762939453,15339
2023-04-04 10:56:00-04:00,29.69499969482422,29.700000762939453,29.690000534057617,29.69499969482422,29.69499969482422,19162
2023-04-04 10:57:00-04:00,29.690000534057617,29.700000762939453,29.670000076293945,29.670000076293945,29.670000076293945,14773
2023-04-04 10:58:00-04:00,29.674999237060547,29.684999465942383,29.649999618530277,29.68000030517578,29.68000030517578,20316
2023-04-04 10:59:00-04:00,29.684999465942383,29.700000762939453,29.68000030517578,29.68000030517578,29.68000030517578,18710
2023-04-04 11:00:00-04:00,29.68000030517578,29.68000030517578,29.649999618530277,29.65999984741211,29.65999984741211,52776
2023-04-04 11:01:00-04:00,29.65999984741211,29.665000915527344,29.649999618530277,29.65999984741211,29.65999984741211,29754
2023-04-04 11:02:00-04:00,29.649999618530277,29.655000686645508,29.6299991607666,29.6299991607666,29.6299991607666,25908
2023-04-04 11:03:00-04:00,29.63500022888184,29.63999938964844,29.625,29.63500022888184,29.63500022888184,15863
2023-04-04 11:04:00-04:00,29.6299991607666,29.63999938964844,29.6200008392334,29.63999938964844,29.63999938964844,22308
2023-04-04 11:05:00-04:00,29.63500022888184,29.655000686645508,29.63500022888184,29.655000686645508,29.655000686645508,16438
2023-04-04 11:06:00-04:00,29.655000686645508,29.655000686645508,29.63500022888184,29.63500022888184,29.63500022888184,10797
2023-04-04 11:07:00-04:00,29.6299991607666,29.63500022888184,29.6200008392334,29.6200008392334,29.6200008392334,6444
2023-04-04 11:08:00-04:00,29.6200008392334,29.625,29.614999771118164,29.614999771118164,29.614999771118164,3158
2023-04-04 11:09:00-04:00,29.614999771118164,29.614999771118164,29.61039924621582,29.61039924621582,29.61039924621582,286
2023-04-04 11:10:00-04:00,29.59000015258789,29.61000061035156,29.584999084472656,29.61000061035156,29.61000061035156,40753
2023-04-04 11:11:00-04:00,29.61000061035156,29.614999771118164,29.600000381469727,29.600099563598636,29.600099563598636,10734
2023-04-04 11:12:00-04:00,29.604999542236328,29.61000061035156,29.600000381469727,29.604999542236328,29.604999542236328,2726
2023-04-04 11:13:00-04:00,29.604999542236328,29.625,29.604999542236328,29.620800018310547,29.620800018310547,7585
2023-04-04 11:14:00-04:00,29.6200008392334,29.620800018310547,29.614999771118164,29.6200008392334,29.6200008392334,9139
2023-04-04 11:15:00-04:00,29.620899200439453,29.6299991607666,29.614999771118164,29.614999771118164,29.614999771118164,10042
2023-04-04 11:16:00-04:00,29.6200008392334,29.6200008392334,29.59499931335449,29.59499931335449,29.59499931335449,6360
2023-04-04 11:17:00-04:00,29.600000381469727,29.600000381469727,29.575000762939453,29.575000762939453,29.575000762939453,13041
2023-04-04 11:18:00-04:00,29.56999969482422,29.584999084472656,29.56999969482422,29.575000762939453,29.575000762939453,17277
2023-04-04 11:19:00-04:00,29.56999969482422,29.57999992370605,29.55500030517578,29.57999992370605,29.57999992370605,48823
2023-04-04 11:20:00-04:00,29.59000015258789,29.625,29.59000015258789,29.614999771118164,29.614999771118164,15613
2023-04-04 11:21:00-04:00,29.61000061035156,29.625,29.61000061035156,29.625,29.625,3118
2023-04-04 11:23:00-04:00,29.625,29.625,29.625,29.625,29.625,13774
2023-04-04 11:24:00-04:00,29.6210994720459,29.6299991607666,29.614999771118164,29.625,29.625,22179
2023-04-04 11:25:00-04:00,29.625,29.63500022888184,29.614999771118164,29.63500022888184,29.63500022888184,10153
2023-04-04 11:26:00-04:00,29.63999938964844,29.649999618530277,29.63999938964844,29.649999618530277,29.649999618530277,9389
2023-04-04 11:27:00-04:00,29.649999618530277,29.668699264526367,29.6200008392334,29.6299991607666,29.6299991607666,30663
2023-04-04 11:28:00-04:00,29.625,29.63999938964844,29.625,29.63999938964844,29.63999938964844,3270
2023-04-04 11:29:00-04:00,29.63500022888184,29.649999618530277,29.6299991607666,29.645000457763672,29.645000457763672,16152
2023-04-04 11:30:00-04:00,29.64830017089844,29.65999984741211,29.63500022888184,29.63500022888184,29.63500022888184,8727
2023-04-04 11:31:00-04:00,29.63500022888184,29.63999938964844,29.59499931335449,29.59499931335449,29.59499931335449,17779
2023-04-04 11:32:00-04:00,29.59499931335449,29.59499931335449,29.57999992370605,29.57999992370605,29.57999992370605,4890
2023-04-04 11:33:00-04:00,29.59000015258789,29.59000015258789,29.575000762939453,29.575000762939453,29.575000762939453,4160
2023-04-04 11:34:00-04:00,29.575000762939453,29.57999992370605,29.56999969482422,29.575000762939453,29.575000762939453,4936
2023-04-04 11:35:00-04:00,29.57999992370605,29.584999084472656,29.575000762939453,29.584999084472656,29.584999084472656,6466
2023-04-04 11:36:00-04:00,29.59000015258789,29.60610008239746,29.59000015258789,29.604999542236328,29.604999542236328,6139
2023-04-04 11:37:00-04:00,29.600000381469727,29.61000061035156,29.600000381469727,29.600000381469727,29.600000381469727,5774
2023-04-04 11:38:00-04:00,29.59000015258789,29.600000381469727,29.584999084472656,29.59499931335449,29.59499931335449,15140
2023-04-04 11:39:00-04:00,29.59000015258789,29.59000015258789,29.575000762939453,29.575000762939453,29.575000762939453,9741
2023-04-04 11:40:00-04:00,29.575000762939453,29.59000015258789,29.575000762939453,29.59000015258789,29.59000015258789,18983
2023-04-04 11:41:00-04:00,29.59499931335449,29.600000381469727,29.57999992370605,29.59000015258789,29.59000015258789,10610
2023-04-04 11:42:00-04:00,29.59000015258789,29.59000015258789,29.57999992370605,29.59000015258789,29.59000015258789,4587
2023-04-04 11:43:00-04:00,29.584999084472656,29.59499931335449,29.56999969482422,29.575000762939453,29.575000762939453,25055
2023-04-04 11:44:00-04:00,29.57999992370605,29.584999084472656,29.56999969482422,29.584999084472656,29.584999084472656,14145
2023-04-04 11:45:00-04:00,29.584999084472656,29.59499931335449,29.584999084472656,29.59499931335449,29.59499931335449,4774
2023-04-04 11:46:00-04:00,29.600000381469727,29.61000061035156,29.600000381469727,29.604999542236328,29.604999542236328,15803
2023-04-04 11:47:00-04:00,29.61000061035156,29.6200008392334,29.600000381469727,29.6200008392334,29.6200008392334,7256
2023-04-04 11:48:00-04:00,29.614999771118164,29.614999771118164,29.600000381469727,29.61000061035156,29.61000061035156,19857
2023-04-04 11:49:00-04:00,29.61000061035156,29.61000061035156,29.59000015258789,29.59000015258789,29.59000015258789,5977
2023-04-04 11:50:00-04:00,29.59000015258789,29.59000015258789,29.56999969482422,29.584999084472656,29.584999084472656,60850
2023-04-04 11:51:00-04:00,29.584999084472656,29.584999084472656,29.56999969482422,29.575000762939453,29.575000762939453,34452
2023-04-04 11:52:00-04:00,29.575000762939453,29.575000762939453,29.549999237060547,29.55500030517578,29.55500030517578,6772
2023-04-04 11:53:00-04:00,29.55500030517578,29.559999465942383,29.540000915527344,29.540000915527344,29.540000915527344,10170
2023-04-04 11:54:00-04:00,29.540000915527344,29.549999237060547,29.540000915527344,29.545000076293945,29.545000076293945,7536
2023-04-04 11:55:00-04:00,29.545000076293945,29.545000076293945,29.51000022888184,29.51000022888184,29.51000022888184,42068
2023-04-04 11:56:00-04:00,29.51000022888184,29.520000457763672,29.5,29.51000022888184,29.51000022888184,23389
2023-04-04 11:57:00-04:00,29.5,29.51000022888184,29.48500061035156,29.489999771118164,29.489999771118164,31596
2023-04-04 11:58:00-04:00,29.489999771118164,29.489999771118164,29.475000381469727,29.489999771118164,29.489999771118164,8479
2023-04-04 11:59:00-04:00,29.479999542236328,29.479999542236328,29.46999931335449,29.479999542236328,29.479999542236328,13502
2023-04-04 12:00:00-04:00,29.46999931335449,29.48500061035156,29.46500015258789,29.48500061035156,29.48500061035156,15717
2023-04-04 12:01:00-04:00,29.479999542236328,29.479999542236328,29.45499992370605,29.459999084472656,29.459999084472656,17464
2023-04-04 12:02:00-04:00,29.459999084472656,29.479999542236328,29.45499992370605,29.479999542236328,29.479999542236328,9505
2023-04-04 12:03:00-04:00,29.479999542236328,29.51000022888184,29.479999542236328,29.51000022888184,29.51000022888184,9231
2023-04-04 12:04:00-04:00,29.5,29.51000022888184,29.490800857543945,29.5049991607666,29.5049991607666,12010
2023-04-04 12:05:00-04:00,29.51000022888184,29.51000022888184,29.5,29.5,29.5,18623
2023-04-04 12:06:00-04:00,29.5,29.5049991607666,29.489999771118164,29.489999771118164,29.489999771118164,28469
2023-04-04 12:07:00-04:00,29.489999771118164,29.489999771118164,29.45499992370605,29.46500015258789,29.46500015258789,32872
2023-04-04 12:08:00-04:00,29.46500015258789,29.46999931335449,29.450000762939453,29.45009994506836,29.45009994506836,6889
2023-04-04 12:09:00-04:00,29.450000762939453,29.450000762939453,29.40999984741211,29.450000762939453,29.450000762939453,80603
2023-04-04 12:10:00-04:00,29.44499969482422,29.479999542236328,29.415000915527344,29.415000915527344,29.415000915527344,48489
2023-04-04 12:11:00-04:00,29.415000915527344,29.420000076293945,29.399999618530277,29.399999618530277,29.399999618530277,69830
2023-04-04 12:12:00-04:00,29.405000686645508,29.415000915527344,29.3700008392334,29.40999984741211,29.40999984741211,97966
2023-04-04 12:13:00-04:00,29.40999984741211,29.440000534057617,29.40999984741211,29.440000534057617,29.440000534057617,17109
2023-04-04 12:14:00-04:00,29.43000030517578,29.440000534057617,29.41010093688965,29.424999237060547,29.424999237060547,16101
2023-04-04 12:15:00-04:00,29.424999237060547,29.43000030517578,29.415000915527344,29.420000076293945,29.420000076293945,12009
2023-04-04 12:16:00-04:00,29.420000076293945,29.46500015258789,29.420000076293945,29.45499992370605,29.45499992370605,29824
2023-04-04 12:17:00-04:00,29.44499969482422,29.44499969482422,29.434999465942383,29.434999465942383,29.434999465942383,6802
2023-04-04 12:18:00-04:00,29.434999465942383,29.459999084472656,29.434999465942383,29.45499992370605,29.45499992370605,19380
2023-04-04 12:19:00-04:00,29.450000762939453,29.459999084472656,29.434999465942383,29.440000534057617,29.440000534057617,32582
2023-04-04 12:20:00-04:00,29.440000534057617,29.450000762939453,29.43000030517578,29.44499969482422,29.44499969482422,34582
2023-04-04 12:21:00-04:00,29.44499969482422,29.475000381469727,29.440000534057617,29.475000381469727,29.475000381469727,11987
2023-04-04 12:22:00-04:00,29.46999931335449,29.4773006439209,29.46500015258789,29.46999931335449,29.46999931335449,8279
2023-04-04 12:23:00-04:00,29.475000381469727,29.48500061035156,29.475000381469727,29.479999542236328,29.479999542236328,6419
2023-04-04 12:24:00-04:00,29.48500061035156,29.5,29.48500061035156,29.5,29.5,5843
2023-04-04 12:25:00-04:00,29.5,29.51499938964844,29.5,29.51499938964844,29.51499938964844,6386
2023-04-04 12:26:00-04:00,29.51499938964844,29.520000457763672,29.504600524902344,29.51499938964844,29.51499938964844,17026
2023-04-04 12:27:00-04:00,29.520000457763672,29.520000457763672,29.4950008392334,29.4950008392334,29.4950008392334,16032
2023-04-04 12:28:00-04:00,29.5,29.51499938964844,29.4950008392334,29.5,29.5,10512
2023-04-04 12:29:00-04:00,29.5049991607666,29.520000457763672,29.5049991607666,29.51499938964844,29.51499938964844,23781
2023-04-04 12:30:00-04:00,29.519899368286133,29.53499984741211,29.51499938964844,29.530000686645508,29.530000686645508,28727
2023-04-04 12:31:00-04:00,29.524999618530277,29.545000076293945,29.524999618530277,29.540000915527344,29.540000915527344,7350
2023-04-04 12:32:00-04:00,29.53870010375977,29.53870010375977,29.530000686645508,29.530000686645508,29.530000686645508,3719
2023-04-04 12:33:00-04:00,29.530000686645508,29.530000686645508,29.520000457763672,29.524999618530277,29.524999618530277,13305
2023-04-04 12:34:00-04:00,29.524999618530277,29.53499984741211,29.520000457763672,29.530000686645508,29.530000686645508,18184
2023-04-04 12:35:00-04:00,29.520000457763672,29.530000686645508,29.51000022888184,29.530000686645508,29.530000686645508,6482
2023-04-04 12:36:00-04:00,29.530000686645508,29.540000915527344,29.530000686645508,29.540000915527344,29.540000915527344,3574
2023-04-04 12:37:00-04:00,29.549999237060547,29.549999237060547,29.53499984741211,29.540000915527344,29.540000915527344,7436
2023-04-04 12:38:00-04:00,29.540000915527344,29.545000076293945,29.53499984741211,29.540000915527344,29.540000915527344,12193
2023-04-04 12:39:00-04:00,29.540000915527344,29.54800033569336,29.53499984741211,29.540000915527344,29.540000915527344,8415
2023-04-04 12:40:00-04:00,29.540000915527344,29.549999237060547,29.540000915527344,29.549999237060547,29.549999237060547,9816
2023-04-04 12:41:00-04:00,29.540000915527344,29.540000915527344,29.51499938964844,29.530000686645508,29.530000686645508,14786
2023-04-04 12:42:00-04:00,29.53499984741211,29.53499984741211,29.524999618530277,29.53499984741211,29.53499984741211,8402
2023-04-04 12:43:00-04:00,29.530000686645508,29.530000686645508,29.51499938964844,29.51499938964844,29.51499938964844,8137
2023-04-04 12:44:00-04:00,29.51000022888184,29.530000686645508,29.51000022888184,29.520000457763672,29.520000457763672,12415
2023-04-04 12:45:00-04:00,29.530000686645508,29.530000686645508,29.51000022888184,29.51000022888184,29.51000022888184,5683
2023-04-04 12:46:00-04:00,29.51000022888184,29.51000022888184,29.5049991607666,29.5049991607666,29.5049991607666,7936
2023-04-04 12:47:00-04:00,29.5049991607666,29.5049991607666,29.489999771118164,29.489999771118164,29.489999771118164,8386
2023-04-04 12:48:00-04:00,29.4950008392334,29.5,29.4950008392334,29.4950008392334,29.4950008392334,2003
2023-04-04 12:49:00-04:00,29.5,29.51000022888184,29.489999771118164,29.5,29.5,10990
2023-04-04 12:50:00-04:00,29.5049991607666,29.520000457763672,29.5049991607666,29.51499938964844,29.51499938964844,9923
2023-04-04 12:51:00-04:00,29.51499938964844,29.524999618530277,29.51499938964844,29.524999618530277,29.524999618530277,6140
2023-04-04 12:52:00-04:00,29.520000457763672,29.524999618530277,29.51000022888184,29.51000022888184,29.51000022888184,14473
2023-04-04 12:53:00-04:00,29.5,29.5049991607666,29.4950008392334,29.4950008392334,29.4950008392334,12469
2023-04-04 12:54:00-04:00,29.4950008392334,29.5,29.489999771118164,29.489999771118164,29.489999771118164,7132
2023-04-04 12:55:00-04:00,29.48500061035156,29.489999771118164,29.479999542236328,29.48500061035156,29.48500061035156,5738
2023-04-04 12:56:00-04:00,29.489999771118164,29.5,29.48500061035156,29.5,29.5,18457
2023-04-04 12:57:00-04:00,29.4950008392334,29.524999618530277,29.4950008392334,29.520000457763672,29.520000457763672,16194
2023-04-04 12:58:00-04:00,29.530000686645508,29.53499984741211,29.530000686645508,29.533599853515625,29.533599853515625,3352
2023-04-04 12:59:00-04:00,29.530000686645508,29.530000686645508,29.520000457763672,29.524999618530277,29.524999618530277,3419
2023-04-04 13:00:00-04:00,29.520000457763672,29.520000457763672,29.5049991607666,29.5049991607666,29.5049991607666,8456
2023-04-04 13:01:00-04:00,29.5049991607666,29.524999618530277,29.5049991607666,29.524999618530277,29.524999618530277,7331
2023-04-04 13:02:00-04:00,29.524999618530277,29.530000686645508,29.52300071716309,29.524999618530277,29.524999618530277,19304
2023-04-04 13:03:00-04:00,29.530000686645508,29.540000915527344,29.530000686645508,29.53499984741211,29.53499984741211,6163
2023-04-04 13:04:00-04:00,29.53019905090332,29.540000915527344,29.53019905090332,29.53319931030273,29.53319931030273,13126
2023-04-04 13:05:00-04:00,29.53499984741211,29.540000915527344,29.5314998626709,29.53499984741211,29.53499984741211,9153
2023-04-04 13:06:00-04:00,29.53499984741211,29.575000762939453,29.53499984741211,29.575000762939453,29.575000762939453,40309
2023-04-04 13:07:00-04:00,29.57999992370605,29.59000015258789,29.56999969482422,29.59000015258789,29.59000015258789,31173
2023-04-04 13:08:00-04:00,29.59000015258789,29.600000381469727,29.57999992370605,29.59000015258789,29.59000015258789,12146
2023-04-04 13:09:00-04:00,29.59000015258789,29.61000061035156,29.57999992370605,29.59000015258789,29.59000015258789,61996
2023-04-04 13:10:00-04:00,29.59000015258789,29.600000381469727,29.56999969482422,29.59000015258789,29.59000015258789,77475
2023-04-04 13:11:00-04:00,29.59499931335449,29.59499931335449,29.549999237060547,29.55500030517578,29.55500030517578,28734
2023-04-04 13:12:00-04:00,29.549999237060547,29.55500030517578,29.524999618530277,29.524999618530277,29.524999618530277,60495
2023-04-04 13:13:00-04:00,29.524999618530277,29.524999618530277,29.51000022888184,29.51499938964844,29.51499938964844,13981
2023-04-04 13:14:00-04:00,29.520000457763672,29.520000457763672,29.5,29.51499938964844,29.51499938964844,26953
2023-04-04 13:15:00-04:00,29.520000457763672,29.520000457763672,29.5049991607666,29.5049991607666,29.5049991607666,83474
2023-04-04 13:16:00-04:00,29.51000022888184,29.51000022888184,29.5049991607666,29.51000022888184,29.51000022888184,69279
2023-04-04 13:17:00-04:00,29.51000022888184,29.51499938964844,29.4950008392334,29.504100799560547,29.504100799560547,42900
2023-04-04 13:18:00-04:00,29.51000022888184,29.51000022888184,29.5,29.5049991607666,29.5049991607666,8325
2023-04-04 13:19:00-04:00,29.5049991607666,29.51000022888184,29.5,29.5049991607666,29.5049991607666,8515
2023-04-04 13:20:00-04:00,29.5049991607666,29.530000686645508,29.5049991607666,29.520000457763672,29.520000457763672,69239
2023-04-04 13:21:00-04:00,29.524999618530277,29.55500030517578,29.51000022888184,29.520000457763672,29.520000457763672,90313
2023-04-04 13:22:00-04:00,29.530000686645508,29.549999237060547,29.51000022888184,29.51000022888184,29.51000022888184,47406
2023-04-04 13:23:00-04:00,29.51000022888184,29.520000457763672,29.51000022888184,29.51499938964844,29.51499938964844,6892
2023-04-04 13:24:00-04:00,29.51000022888184,29.549999237060547,29.51000022888184,29.549999237060547,29.549999237060547,62331
2023-04-04 13:25:00-04:00,29.545000076293945,29.55500030517578,29.540000915527344,29.55500030517578,29.55500030517578,13405
2023-04-04 13:26:00-04:00,29.55500030517578,29.55500030517578,29.53499984741211,29.540000915527344,29.540000915527344,23679
2023-04-04 13:27:00-04:00,29.545000076293945,29.55500030517578,29.540000915527344,29.549999237060547,29.549999237060547,8169
2023-04-04 13:28:00-04:00,29.55500030517578,29.55500030517578,29.53499984741211,29.53499984741211,29.53499984741211,11284
2023-04-04 13:29:00-04:00,29.53499984741211,29.545000076293945,29.53499984741211,29.540000915527344,29.540000915527344,11403
2023-04-04 13:30:00-04:00,29.545000076293945,29.549999237060547,29.5408992767334,29.549999237060547,29.549999237060547,8861
2023-04-04 13:31:00-04:00,29.55500030517578,29.55500030517578,29.540000915527344,29.549999237060547,29.549999237060547,7156
2023-04-04 13:32:00-04:00,29.545000076293945,29.549999237060547,29.540000915527344,29.540000915527344,29.540000915527344,3755
2023-04-04 13:33:00-04:00,29.545000076293945,29.549999237060547,29.53499984741211,29.547700881958008,29.547700881958008,23406
2023-04-04 13:34:00-04:00,29.545000076293945,29.549999237060547,29.520000457763672,29.53499984741211,29.53499984741211,42729
2023-04-04 13:35:00-04:00,29.53499984741211,29.55500030517578,29.530000686645508,29.545000076293945,29.545000076293945,8490
2023-04-04 13:36:00-04:00,29.545000076293945,29.549999237060547,29.540000915527344,29.549999237060547,29.549999237060547,12919
2023-04-04 13:37:00-04:00,29.549999237060547,29.55500030517578,29.549999237060547,29.55500030517578,29.55500030517578,10568
2023-04-04 13:38:00-04:00,29.549999237060547,29.55870056152344,29.545000076293945,29.545000076293945,29.545000076293945,9288
2023-04-04 13:39:00-04:00,29.549999237060547,29.565000534057617,29.549999237060547,29.55500030517578,29.55500030517578,6173
2023-04-04 13:40:00-04:00,29.55500030517578,29.559999465942383,29.545000076293945,29.545000076293945,29.545000076293945,13637
2023-04-04 13:41:00-04:00,29.545000076293945,29.55500030517578,29.530000686645508,29.53499984741211,29.53499984741211,26407
2023-04-04 13:42:00-04:00,29.540000915527344,29.545000076293945,29.540000915527344,29.545000076293945,29.545000076293945,7739
2023-04-04 13:43:00-04:00,29.545000076293945,29.54990005493164,29.530000686645508,29.540000915527344,29.540000915527344,35564
2023-04-04 13:44:00-04:00,29.53499984741211,29.54840087890625,29.53499984741211,29.540000915527344,29.540000915527344,8114
2023-04-04 13:45:00-04:00,29.540000915527344,29.540000915527344,29.530000686645508,29.53499984741211,29.53499984741211,22977
2023-04-04 13:46:00-04:00,29.53499984741211,29.545000076293945,29.53499984741211,29.540000915527344,29.540000915527344,17517
2023-04-04 13:47:00-04:00,29.545000076293945,29.549999237060547,29.53499984741211,29.545000076293945,29.545000076293945,22117
2023-04-04 13:48:00-04:00,29.549999237060547,29.58799934387207,29.545000076293945,29.584999084472656,29.584999084472656,16366
2023-04-04 13:49:00-04:00,29.59000015258789,29.600000381469727,29.580900192260746,29.59499931335449,29.59499931335449,15174
2023-04-04 13:50:00-04:00,29.59709930419922,29.59709930419922,29.575000762939453,29.575000762939453,29.575000762939453,15569
2023-04-04 13:51:00-04:00,29.575000762939453,29.59499931335449,29.56110000610352,29.59000015258789,29.59000015258789,172182
2023-04-04 13:52:00-04:00,29.59000015258789,29.59499931335449,29.565000534057617,29.575000762939453,29.575000762939453,28534
2023-04-04 13:53:00-04:00,29.57999992370605,29.584999084472656,29.575000762939453,29.575000762939453,29.575000762939453,9278
2023-04-04 13:54:00-04:00,29.584999084472656,29.584999084472656,29.56999969482422,29.584999084472656,29.584999084472656,10226
2023-04-04 13:55:00-04:00,29.584999084472656,29.61000061035156,29.57999992370605,29.61000061035156,29.61000061035156,21786
2023-04-04 13:56:00-04:00,29.600000381469727,29.600000381469727,29.59000015258789,29.600000381469727,29.600000381469727,7153
2023-04-04 13:57:00-04:00,29.59499931335449,29.61000061035156,29.59499931335449,29.600000381469727,29.600000381469727,14920
2023-04-04 13:58:00-04:00,29.59000015258789,29.59499931335449,29.57999992370605,29.57999992370605,29.57999992370605,10120
2023-04-04 13:59:00-04:00,29.57999992370605,29.584999084472656,29.56999969482422,29.57999992370605,29.57999992370605,23082
2023-04-04 14:00:00-04:00,29.575000762939453,29.584999084472656,29.56999969482422,29.584999084472656,29.584999084472656,13522
2023-04-04 14:01:00-04:00,29.59000015258789,29.59499931335449,29.584999084472656,29.584999084472656,29.584999084472656,10612
2023-04-04 14:02:00-04:00,29.588699340820312,29.59000015258789,29.584999084472656,29.584999084472656,29.584999084472656,7545
2023-04-04 14:03:00-04:00,29.584999084472656,29.59499931335449,29.584999084472656,29.59499931335449,29.59499931335449,10715
2023-04-04 14:04:00-04:00,29.59499931335449,29.59499931335449,29.575000762939453,29.584999084472656,29.584999084472656,22823
2023-04-04 14:05:00-04:00,29.584999084472656,29.600000381469727,29.580900192260746,29.59000015258789,29.59000015258789,26176
2023-04-04 14:06:00-04:00,29.584999084472656,29.59499931335449,29.575000762939453,29.575000762939453,29.575000762939453,21087
2023-04-04 14:07:00-04:00,29.57999992370605,29.57999992370605,29.575000762939453,29.575000762939453,29.575000762939453,4246
2023-04-04 14:08:00-04:00,29.57999992370605,29.57999992370605,29.56999969482422,29.575000762939453,29.575000762939453,8391
2023-04-04 14:09:00-04:00,29.575000762939453,29.57999992370605,29.565000534057617,29.565000534057617,29.565000534057617,6605
2023-04-04 14:10:00-04:00,29.56999969482422,29.57999992370605,29.56999969482422,29.575000762939453,29.575000762939453,35158
2023-04-04 14:11:00-04:00,29.575000762939453,29.57999992370605,29.565000534057617,29.565000534057617,29.565000534057617,5549
2023-04-04 14:12:00-04:00,29.565000534057617,29.565000534057617,29.55500030517578,29.55500030517578,29.55500030517578,11558
2023-04-04 14:13:00-04:00,29.55500030517578,29.55500030517578,29.53499984741211,29.53499984741211,29.53499984741211,16272
2023-04-04 14:14:00-04:00,29.53499984741211,29.540000915527344,29.520000457763672,29.52750015258789,29.52750015258789,23069
2023-04-04 14:15:00-04:00,29.520000457763672,29.520000457763672,29.51000022888184,29.51000022888184,29.51000022888184,14978
2023-04-04 14:16:00-04:00,29.51000022888184,29.51000022888184,29.5,29.5,29.5,32577
2023-04-04 14:17:00-04:00,29.5049991607666,29.5049991607666,29.49099922180176,29.4950008392334,29.4950008392334,19759
2023-04-04 14:18:00-04:00,29.489999771118164,29.5,29.475000381469727,29.48500061035156,29.48500061035156,85735
2023-04-04 14:19:00-04:00,29.48500061035156,29.489999771118164,29.479999542236328,29.48500061035156,29.48500061035156,44953
2023-04-04 14:20:00-04:00,29.48500061035156,29.489999771118164,29.479999542236328,29.48500061035156,29.48500061035156,13049
2023-04-04 14:21:00-04:00,29.489999771118164,29.4950008392334,29.46999931335449,29.47010040283203,29.47010040283203,41554
2023-04-04 14:22:00-04:00,29.46999931335449,29.475000381469727,29.46999931335449,29.475000381469727,29.475000381469727,5240
2023-04-04 14:23:00-04:00,29.475000381469727,29.475000381469727,29.44499969482422,29.450000762939453,29.450000762939453,72435
2023-04-04 14:24:00-04:00,29.44499969482422,29.450000762939453,29.38999938964844,29.399999618530277,29.399999618530277,92945
2023-04-04 14:25:00-04:00,29.405000686645508,29.420000076293945,29.399999618530277,29.405000686645508,29.405000686645508,23314
2023-04-04 14:26:00-04:00,29.40999984741211,29.440000534057617,29.40999984741211,29.424999237060547,29.424999237060547,72968
2023-04-04 14:27:00-04:00,29.424999237060547,29.43000030517578,29.40999984741211,29.415000915527344,29.415000915527344,21862
2023-04-04 14:28:00-04:00,29.415000915527344,29.415000915527344,29.405000686645508,29.405000686645508,29.405000686645508,10700
2023-04-04 14:29:00-04:00,29.405000686645508,29.405000686645508,29.3799991607666,29.3799991607666,29.3799991607666,17686
2023-04-04 14:30:00-04:00,29.38500022888184,29.38999938964844,29.364999771118164,29.364999771118164,29.364999771118164,36186
2023-04-04 14:31:00-04:00,29.364999771118164,29.38870048522949,29.36000061035156,29.38500022888184,29.38500022888184,38356
2023-04-04 14:32:00-04:00,29.38500022888184,29.405000686645508,29.3799991607666,29.405000686645508,29.405000686645508,32031
2023-04-04 14:33:00-04:00,29.405000686645508,29.40999984741211,29.395000457763672,29.395000457763672,29.395000457763672,8753
2023-04-04 14:34:00-04:00,29.395000457763672,29.415000915527344,29.395000457763672,29.40999984741211,29.40999984741211,54040
2023-04-04 14:35:00-04:00,29.415000915527344,29.424999237060547,29.405000686645508,29.420000076293945,29.420000076293945,17653
2023-04-04 14:36:00-04:00,29.420000076293945,29.424999237060547,29.399999618530277,29.42099952697754,29.42099952697754,15865
2023-04-04 14:37:00-04:00,29.424999237060547,29.43000030517578,29.42009925842285,29.424999237060547,29.424999237060547,3986
2023-04-04 14:38:00-04:00,29.424999237060547,29.44499969482422,29.420000076293945,29.44499969482422,29.44499969482422,42897
2023-04-04 14:39:00-04:00,29.44499969482422,29.44499969482422,29.434999465942383,29.4375,29.4375,19924
2023-04-04 14:40:00-04:00,29.434999465942383,29.440000534057617,29.43000030517578,29.434999465942383,29.434999465942383,7525
2023-04-04 14:41:00-04:00,29.440000534057617,29.440000534057617,29.424999237060547,29.434999465942383,29.434999465942383,38526
2023-04-04 14:42:00-04:00,29.440000534057617,29.459999084472656,29.43000030517578,29.44499969482422,29.44499969482422,34750
2023-04-04 14:43:00-04:00,29.440000534057617,29.440000534057617,29.434999465942383,29.434999465942383,29.434999465942383,6416
2023-04-04 14:44:00-04:00,29.434999465942383,29.459999084472656,29.434999465942383,29.440000534057617,29.440000534057617,38806
2023-04-04 14:45:00-04:00,29.440000534057617,29.44499969482422,29.43000030517578,29.43000030517578,29.43000030517578,6927
2023-04-04 14:46:00-04:00,29.434999465942383,29.434999465942383,29.43000030517578,29.434999465942383,29.434999465942383,2997
2023-04-04 14:47:00-04:00,29.440000534057617,29.44499969482422,29.420000076293945,29.440000534057617,29.440000534057617,32938
2023-04-04 14:48:00-04:00,29.440000534057617,29.45499992370605,29.440000534057617,29.45499992370605,29.45499992370605,9430
2023-04-04 14:49:00-04:00,29.459999084472656,29.479999542236328,29.459999084472656,29.479999542236328,29.479999542236328,7506
2023-04-04 14:50:00-04:00,29.479999542236328,29.5,29.479999542236328,29.4950008392334,29.4950008392334,9194
2023-04-04 14:51:00-04:00,29.4950008392334,29.5,29.4950008392334,29.4950008392334,29.4950008392334,4752
2023-04-04 14:52:00-04:00,29.4950008392334,29.5,29.479999542236328,29.489999771118164,29.489999771118164,16378
2023-04-04 14:53:00-04:00,29.489999771118164,29.4950008392334,29.479999542236328,29.48500061035156,29.48500061035156,12013
2023-04-04 14:54:00-04:00,29.48500061035156,29.48500061035156,29.48500061035156,29.48500061035156,29.48500061035156,2893
2023-04-04 14:55:00-04:00,29.489999771118164,29.5,29.48500061035156,29.48500061035156,29.48500061035156,12263
2023-04-04 14:56:00-04:00,29.48500061035156,29.4950008392334,29.479999542236328,29.479999542236328,29.479999542236328,27909
2023-04-04 14:57:00-04:00,29.479999542236328,29.48500061035156,29.475000381469727,29.48500061035156,29.48500061035156,15686
2023-04-04 14:58:00-04:00,29.48500061035156,29.4950008392334,29.48500061035156,29.4950008392334,29.4950008392334,5680
2023-04-04 14:59:00-04:00,29.4950008392334,29.4950008392334,29.475000381469727,29.475000381469727,29.475000381469727,12594
2023-04-04 15:00:00-04:00,29.46999931335449,29.479999542236328,29.46999931335449,29.475000381469727,29.475000381469727,7539
2023-04-04 15:01:00-04:00,29.475000381469727,29.48500061035156,29.475000381469727,29.48500061035156,29.48500061035156,4883
2023-04-04 15:02:00-04:00,29.48500061035156,29.5,29.475000381469727,29.5,29.5,21882
2023-04-04 15:03:00-04:00,29.4950008392334,29.51499938964844,29.4950008392334,29.51499938964844,29.51499938964844,8177
2023-04-04 15:04:00-04:00,29.51499938964844,29.520000457763672,29.5049991607666,29.520000457763672,29.520000457763672,18117
2023-04-04 15:05:00-04:00,29.51000022888184,29.520000457763672,29.5049991607666,29.5049991607666,29.5049991607666,38308
2023-04-04 15:06:00-04:00,29.5,29.51000022888184,29.5,29.51000022888184,29.51000022888184,6046
2023-04-04 15:07:00-04:00,29.5049991607666,29.520000457763672,29.5049991607666,29.51499938964844,29.51499938964844,11717
2023-04-04 15:08:00-04:00,29.520000457763672,29.520000457763672,29.51000022888184,29.51499938964844,29.51499938964844,17088
2023-04-04 15:09:00-04:00,29.51499938964844,29.530000686645508,29.51499938964844,29.524999618530277,29.524999618530277,13677
2023-04-04 15:10:00-04:00,29.520000457763672,29.540000915527344,29.51499938964844,29.53499984741211,29.53499984741211,19087
2023-04-04 15:11:00-04:00,29.53499984741211,29.540000915527344,29.520000457763672,29.524999618530277,29.524999618530277,14608
2023-04-04 15:12:00-04:00,29.520000457763672,29.520000457763672,29.5,29.5049991607666,29.5049991607666,24698
2023-04-04 15:13:00-04:00,29.5049991607666,29.5049991607666,29.5,29.5049991607666,29.5049991607666,5073
2023-04-04 15:14:00-04:00,29.5049991607666,29.520000457763672,29.5,29.517000198364254,29.517000198364254,10132
2023-04-04 15:15:00-04:00,29.520000457763672,29.540000915527344,29.520000457763672,29.540000915527344,29.540000915527344,11127
2023-04-04 15:16:00-04:00,29.540000915527344,29.540000915527344,29.530000686645508,29.540000915527344,29.540000915527344,9142
2023-04-04 15:17:00-04:00,29.53499984741211,29.540000915527344,29.530000686645508,29.537500381469727,29.537500381469727,5879
2023-04-04 15:18:00-04:00,29.540000915527344,29.540000915527344,29.53499984741211,29.53499984741211,29.53499984741211,15848
2023-04-04 15:19:00-04:00,29.53499984741211,29.559999465942383,29.53499984741211,29.55039978027344,29.55039978027344,15314
2023-04-04 15:20:00-04:00,29.55500030517578,29.565000534057617,29.540000915527344,29.540000915527344,29.540000915527344,35472
2023-04-04 15:21:00-04:00,29.53499984741211,29.559999465942383,29.53499984741211,29.545000076293945,29.545000076293945,20883
2023-04-04 15:22:00-04:00,29.545000076293945,29.545000076293945,29.520000457763672,29.530000686645508,29.530000686645508,38914
2023-04-04 15:23:00-04:00,29.530000686645508,29.530000686645508,29.51499938964844,29.520000457763672,29.520000457763672,13483
2023-04-04 15:24:00-04:00,29.524999618530277,29.524999618530277,29.5049991607666,29.51499938964844,29.51499938964844,15060
2023-04-04 15:25:00-04:00,29.51000022888184,29.520000457763672,29.5,29.5049991607666,29.5049991607666,22143
2023-04-04 15:26:00-04:00,29.51000022888184,29.51499938964844,29.5049991607666,29.51499938964844,29.51499938964844,15572
2023-04-04 15:27:00-04:00,29.51000022888184,29.52639961242676,29.5049991607666,29.51499938964844,29.51499938964844,27776
2023-04-04 15:28:00-04:00,29.51499938964844,29.520000457763672,29.5049991607666,29.5049991607666,29.5049991607666,24977
2023-04-04 15:29:00-04:00,29.5049991607666,29.5049991607666,29.48500061035156,29.489999771118164,29.489999771118164,22487
2023-04-04 15:30:00-04:00,29.5,29.520000457763672,29.492000579833984,29.520000457763672,29.520000457763672,16496
2023-04-04 15:31:00-04:00,29.520000457763672,29.530000686645508,29.4950008392334,29.51499938964844,29.51499938964844,54758
2023-04-04 15:32:00-04:00,29.51499938964844,29.520000457763672,29.51000022888184,29.51000022888184,29.51000022888184,8787
2023-04-04 15:33:00-04:00,29.51000022888184,29.51000022888184,29.479999542236328,29.48500061035156,29.48500061035156,54567
2023-04-04 15:34:00-04:00,29.48500061035156,29.5,29.48500061035156,29.4950008392334,29.4950008392334,16179
2023-04-04 15:35:00-04:00,29.4950008392334,29.5,29.48500061035156,29.4950008392334,29.4950008392334,26611
2023-04-04 15:36:00-04:00,29.4950008392334,29.4950008392334,29.479999542236328,29.48500061035156,29.48500061035156,16597
2023-04-04 15:37:00-04:00,29.48500061035156,29.5,29.479999542236328,29.482999801635746,29.482999801635746,28867
2023-04-04 15:38:00-04:00,29.48500061035156,29.489999771118164,29.46999931335449,29.489999771118164,29.489999771118164,28400
2023-04-04 15:39:00-04:00,29.48500061035156,29.489999771118164,29.479999542236328,29.48500061035156,29.48500061035156,18706
2023-04-04 15:40:00-04:00,29.489999771118164,29.4950008392334,29.475000381469727,29.48500061035156,29.48500061035156,46648
2023-04-04 15:41:00-04:00,29.48500061035156,29.489999771118164,29.45499992370605,29.459999084472656,29.459999084472656,47271
2023-04-04 15:42:00-04:00,29.45499992370605,29.459999084472656,29.440000534057617,29.44499969482422,29.44499969482422,33394
2023-04-04 15:43:00-04:00,29.44499969482422,29.450000762939453,29.43000030517578,29.43000030517578,29.43000030517578,20652
2023-04-04 15:44:00-04:00,29.434999465942383,29.440000534057617,29.424999237060547,29.424999237060547,29.424999237060547,25003
2023-04-04 15:45:00-04:00,29.424999237060547,29.440000534057617,29.420000076293945,29.434999465942383,29.434999465942383,42143
2023-04-04 15:46:00-04:00,29.434999465942383,29.440000534057617,29.415000915527344,29.41990089416504,29.41990089416504,23014
2023-04-04 15:47:00-04:00,29.415000915527344,29.420000076293945,29.399999618530277,29.405000686645508,29.405000686645508,49554
2023-04-04 15:48:00-04:00,29.40999984741211,29.424999237060547,29.405000686645508,29.424999237060547,29.424999237060547,28096
2023-04-04 15:49:00-04:00,29.424999237060547,29.440000534057617,29.420000076293945,29.434999465942383,29.434999465942383,25773
2023-04-04 15:50:00-04:00,29.440000534057617,29.479999542236328,29.434999465942383,29.471399307250977,29.471399307250977,84005
2023-04-04 15:51:00-04:00,29.478099822998047,29.489999771118164,29.46500015258789,29.48500061035156,29.48500061035156,44330
2023-04-04 15:52:00-04:00,29.48500061035156,29.4950008392334,29.475000381469727,29.48500061035156,29.48500061035156,61184
2023-04-04 15:53:00-04:00,29.48500061035156,29.5,29.48500061035156,29.5,29.5,57778
2023-04-04 15:54:00-04:00,29.5049991607666,29.51000022888184,29.450000762939453,29.46500015258789,29.46500015258789,138801
2023-04-04 15:55:00-04:00,29.46999931335449,29.5,29.46500015258789,29.4950008392334,29.4950008392334,140406
2023-04-04 15:56:00-04:00,29.4950008392334,29.5,29.489999771118164,29.4950008392334,29.4950008392334,91080
2023-04-04 15:57:00-04:00,29.4950008392334,29.51000022888184,29.4950008392334,29.4950008392334,29.4950008392334,120920
2023-04-04 15:58:00-04:00,29.4950008392334,29.5,29.489999771118164,29.4950008392334,29.4950008392334,131083
2023-04-04 15:59:00-04:00,29.4950008392334,29.51000022888184,29.48500061035156,29.51000022888184,29.51000022888184,320110
2023-04-05 09:30:00-04:00,29.46999931335449,29.53660011291504,29.40999984741211,29.51000022888184,29.51000022888184,118976
2023-04-05 09:31:00-04:00,29.51000022888184,29.559999465942383,29.4950008392334,29.55500030517578,29.55500030517578,13448
2023-04-05 09:32:00-04:00,29.55500030517578,29.584999084472656,29.540000915527344,29.56999969482422,29.56999969482422,16597
2023-04-05 09:33:00-04:00,29.565000534057617,29.565000534057617,29.51499938964844,29.559999465942383,29.559999465942383,11913
2023-04-05 09:34:00-04:00,29.55500030517578,29.56999969482422,29.540000915527344,29.55500030517578,29.55500030517578,6624
2023-04-05 09:35:00-04:00,29.549999237060547,29.600000381469727,29.545000076293945,29.584999084472656,29.584999084472656,14573
2023-04-05 09:36:00-04:00,29.59000015258789,29.59000015258789,29.559999465942383,29.565000534057617,29.565000534057617,10099
2023-04-05 09:37:00-04:00,29.56100082397461,29.57999992370605,29.55500030517578,29.565000534057617,29.565000534057617,11725
2023-04-05 09:38:00-04:00,29.56999969482422,29.57999992370605,29.540000915527344,29.545000076293945,29.545000076293945,19218
2023-04-05 09:39:00-04:00,29.545000076293945,29.559999465942383,29.540000915527344,29.55500030517578,29.55500030517578,11124
2023-04-05 09:40:00-04:00,29.545000076293945,29.549999237060547,29.51099967956543,29.540000915527344,29.540000915527344,25326
2023-04-05 09:41:00-04:00,29.540000915527344,29.549999237060547,29.520000457763672,29.540000915527344,29.540000915527344,12694
2023-04-05 09:42:00-04:00,29.540000915527344,29.56999969482422,29.540000915527344,29.56999969482422,29.56999969482422,12431
2023-04-05 09:43:00-04:00,29.56999969482422,29.56999969482422,29.540000915527344,29.549999237060547,29.549999237060547,57665
2023-04-05 09:44:00-04:00,29.559999465942383,29.559999465942383,29.540000915527344,29.559999465942383,29.559999465942383,2254
2023-04-05 09:45:00-04:00,29.55500030517578,29.55500030517578,29.524999618530277,29.540000915527344,29.540000915527344,13674
2023-04-05 09:46:00-04:00,29.549999237060547,29.56999969482422,29.549999237060547,29.549999237060547,29.549999237060547,11191
2023-04-05 09:47:00-04:00,29.545000076293945,29.600000381469727,29.545000076293945,29.59499931335449,29.59499931335449,21626
2023-04-05 09:48:00-04:00,29.600000381469727,29.61000061035156,29.57999992370605,29.59000015258789,29.59000015258789,17987
2023-04-05 09:49:00-04:00,29.59000015258789,29.627500534057617,29.59000015258789,29.61000061035156,29.61000061035156,33415
2023-04-05 09:50:00-04:00,29.61000061035156,29.649999618530277,29.61000061035156,29.63999938964844,29.63999938964844,28610
2023-04-05 09:51:00-04:00,29.640100479125977,29.655000686645508,29.63999938964844,29.649999618530277,29.649999618530277,15585
2023-04-05 09:52:00-04:00,29.649999618530277,29.68000030517578,29.6299991607666,29.670000076293945,29.670000076293945,14276
2023-04-05 09:53:00-04:00,29.68000030517578,29.690000534057617,29.6299991607666,29.6299991607666,29.6299991607666,19131
2023-04-05 09:54:00-04:00,29.63999938964844,29.63999938964844,29.61000061035156,29.61000061035156,29.61000061035156,11890
2023-04-05 09:55:00-04:00,29.600000381469727,29.6200008392334,29.59000015258789,29.61000061035156,29.61000061035156,12842
2023-04-05 09:56:00-04:00,29.600000381469727,29.604999542236328,29.59499931335449,29.604999542236328,29.604999542236328,5766
2023-04-05 09:57:00-04:00,29.600000381469727,29.61000061035156,29.57999992370605,29.584999084472656,29.584999084472656,9721
2023-04-05 09:58:00-04:00,29.584999084472656,29.59000015258789,29.57999992370605,29.57999992370605,29.57999992370605,1258
2023-04-05 09:59:00-04:00,29.57999992370605,29.59000015258789,29.57999992370605,29.584999084472656,29.584999084472656,3035
2023-04-05 10:00:00-04:00,29.59000015258789,29.6200008392334,29.549999237060547,29.600000381469727,29.600000381469727,51651
2023-04-05 10:01:00-04:00,29.59000015258789,29.59499931335449,29.559999465942383,29.565000534057617,29.565000534057617,27292
2023-04-05 10:02:00-04:00,29.559999465942383,29.58009910583496,29.520000457763672,29.530000686645508,29.530000686645508,38894
2023-04-05 10:03:00-04:00,29.530000686645508,29.53499984741211,29.51000022888184,29.51499938964844,29.51499938964844,9594
2023-04-05 10:04:00-04:00,29.51000022888184,29.520000457763672,29.4950008392334,29.5049991607666,29.5049991607666,22219
2023-04-05 10:05:00-04:00,29.51000022888184,29.520000457763672,29.475000381469727,29.4950008392334,29.4950008392334,12424
2023-04-05 10:06:00-04:00,29.5,29.5049991607666,29.46999931335449,29.475000381469727,29.475000381469727,18166
2023-04-05 10:07:00-04:00,29.475000381469727,29.489999771118164,29.46500015258789,29.475000381469727,29.475000381469727,20685
2023-04-05 10:08:00-04:00,29.479999542236328,29.489999771118164,29.479999542236328,29.479999542236328,29.479999542236328,22918
2023-04-05 10:09:00-04:00,29.489999771118164,29.5,29.475000381469727,29.48500061035156,29.48500061035156,9890
2023-04-05 10:10:00-04:00,29.489999771118164,29.51000022888184,29.489999771118164,29.5,29.5,22470
2023-04-05 10:11:00-04:00,29.4950008392334,29.51000022888184,29.489999771118164,29.5,29.5,20172
2023-04-05 10:12:00-04:00,29.5,29.51000022888184,29.5,29.5,29.5,19761
2023-04-05 10:13:00-04:00,29.489999771118164,29.5049991607666,29.475000381469727,29.5049991607666,29.5049991607666,23646
2023-04-05 10:14:00-04:00,29.51000022888184,29.51000022888184,29.4950008392334,29.4950008392334,29.4950008392334,10516
2023-04-05 10:15:00-04:00,29.5,29.5,29.46500015258789,29.475000381469727,29.475000381469727,22988
2023-04-05 10:16:00-04:00,29.475000381469727,29.489999771118164,29.459999084472656,29.475000381469727,29.475000381469727,17663
2023-04-05 10:17:00-04:00,29.475000381469727,29.475000381469727,29.43000030517578,29.43000030517578,29.43000030517578,12380
2023-04-05 10:18:00-04:00,29.43000030517578,29.450000762939453,29.399999618530277,29.42250061035156,29.42250061035156,773410
2023-04-05 10:19:00-04:00,29.42250061035156,29.450000762939453,29.42250061035156,29.440000534057617,29.440000534057617,20710
2023-04-05 10:20:00-04:00,29.450000762939453,29.489999771118164,29.450000762939453,29.489999771118164,29.489999771118164,9734
2023-04-05 10:21:00-04:00,29.489999771118164,29.5,29.46500015258789,29.46999931335449,29.46999931335449,40192
2023-04-05 10:22:00-04:00,29.459999084472656,29.479999542236328,29.459999084472656,29.475000381469727,29.475000381469727,21458
2023-04-05 10:23:00-04:00,29.475000381469727,29.489999771118164,29.475000381469727,29.48500061035156,29.48500061035156,25554
2023-04-05 10:24:00-04:00,29.489999771118164,29.51000022888184,29.48500061035156,29.5049991607666,29.5049991607666,50947
2023-04-05 10:25:00-04:00,29.51000022888184,29.51000022888184,29.484699249267575,29.489999771118164,29.489999771118164,57343
2023-04-05 10:26:00-04:00,29.489999771118164,29.489999771118164,29.434999465942383,29.434999465942383,29.434999465942383,32024
2023-04-05 10:27:00-04:00,29.440000534057617,29.440000534057617,29.420000076293945,29.43000030517578,29.43000030517578,10301
2023-04-05 10:28:00-04:00,29.424999237060547,29.424999237060547,29.38999938964844,29.395000457763672,29.395000457763672,16749
2023-04-05 10:29:00-04:00,29.38999938964844,29.40999984741211,29.38999938964844,29.399999618530277,29.399999618530277,7939
2023-04-05 10:30:00-04:00,29.399999618530277,29.40999984741211,29.38500022888184,29.38500022888184,29.38500022888184,52909
2023-04-05 10:31:00-04:00,29.38999938964844,29.420000076293945,29.38999938964844,29.420000076293945,29.420000076293945,77800
2023-04-05 10:32:00-04:00,29.420000076293945,29.420000076293945,29.3799991607666,29.38999938964844,29.38999938964844,19294
2023-04-05 10:33:00-04:00,29.3799991607666,29.399999618530277,29.3799991607666,29.399999618530277,29.399999618530277,16544
2023-04-05 10:34:00-04:00,29.405000686645508,29.43000030517578,29.405000686645508,29.415000915527344,29.415000915527344,16546
2023-04-05 10:35:00-04:00,29.415000915527344,29.45499992370605,29.415000915527344,29.450000762939453,29.450000762939453,16892
2023-04-05 10:36:00-04:00,29.45499992370605,29.45499992370605,29.440000534057617,29.450000762939453,29.450000762939453,21286
2023-04-05 10:37:00-04:00,29.44499969482422,29.450000762939453,29.415000915527344,29.415000915527344,29.415000915527344,17471
2023-04-05 10:38:00-04:00,29.41010093688965,29.420000076293945,29.399999618530277,29.405000686645508,29.405000686645508,8895
2023-04-05 10:39:00-04:00,29.405000686645508,29.420000076293945,29.405000686645508,29.40999984741211,29.40999984741211,9990
2023-04-05 10:40:00-04:00,29.40999984741211,29.415000915527344,29.38999938964844,29.38999938964844,29.38999938964844,17939
2023-04-05 10:41:00-04:00,29.38999938964844,29.38999938964844,29.3799991607666,29.387500762939453,29.387500762939453,39727
2023-04-05 10:42:00-04:00,29.3799991607666,29.38500022888184,29.350000381469727,29.350000381469727,29.350000381469727,17649
2023-04-05 10:43:00-04:00,29.34000015258789,29.3484001159668,29.32999992370605,29.34000015258789,29.34000015258789,10323
2023-04-05 10:44:00-04:00,29.34000015258789,29.350000381469727,29.32110023498535,29.32110023498535,29.32110023498535,22975
2023-04-05 10:45:00-04:00,29.31999969482422,29.32999992370605,29.295000076293945,29.299999237060547,29.299999237060547,15832
2023-04-05 10:46:00-04:00,29.299999237060547,29.325000762939453,29.299999237060547,29.325000762939453,29.325000762939453,8583
2023-04-05 10:47:00-04:00,29.31999969482422,29.31999969482422,29.31999969482422,29.31999969482422,29.31999969482422,7434
2023-04-05 10:48:00-04:00,29.325000762939453,29.32999992370605,29.325000762939453,29.325000762939453,29.325000762939453,13005
2023-04-05 10:49:00-04:00,29.31999969482422,29.32999992370605,29.309999465942383,29.309999465942383,29.309999465942383,13187
2023-04-05 10:50:00-04:00,29.3174991607666,29.31999969482422,29.309999465942383,29.31999969482422,29.31999969482422,16211
2023-04-05 10:51:00-04:00,29.315000534057617,29.315000534057617,29.280000686645508,29.28499984741211,29.28499984741211,38461
2023-04-05 10:52:00-04:00,29.280000686645508,29.290000915527344,29.270000457763672,29.280000686645508,29.280000686645508,10491
2023-04-05 10:53:00-04:00,29.280000686645508,29.280000686645508,29.280000686645508,29.280000686645508,29.280000686645508,3892
2023-04-05 10:54:00-04:00,29.28499984741211,29.32999992370605,29.28499984741211,29.32999992370605,29.32999992370605,11141
2023-04-05 10:55:00-04:00,29.32999992370605,29.34000015258789,29.32999992370605,29.334999084472656,29.334999084472656,9944
2023-04-05 10:56:00-04:00,29.34000015258789,29.34000015258789,29.32999992370605,29.334999084472656,29.334999084472656,7459
2023-04-05 10:57:00-04:00,29.334999084472656,29.34000015258789,29.32999992370605,29.334999084472656,29.334999084472656,3681
2023-04-05 10:58:00-04:00,29.334999084472656,29.3700008392334,29.334999084472656,29.3700008392334,29.3700008392334,7902
2023-04-05 10:59:00-04:00,29.3700008392334,29.3700008392334,29.36000061035156,29.364999771118164,29.364999771118164,5997
2023-04-05 11:00:00-04:00,29.354999542236328,29.36000061035156,29.354999542236328,29.354999542236328,29.354999542236328,14112
2023-04-05 11:01:00-04:00,29.36000061035156,29.3700008392334,29.36000061035156,29.364999771118164,29.364999771118164,25257
2023-04-05 11:02:00-04:00,29.3700008392334,29.377500534057617,29.364999771118164,29.3700008392334,29.3700008392334,9406
2023-04-05 11:03:00-04:00,29.3700008392334,29.3799991607666,29.36000061035156,29.3700008392334,29.3700008392334,27612
2023-04-05 11:04:00-04:00,29.3700008392334,29.3700008392334,29.350000381469727,29.354999542236328,29.354999542236328,7457
2023-04-05 11:05:00-04:00,29.36000061035156,29.3700008392334,29.350000381469727,29.3700008392334,29.3700008392334,23883
2023-04-05 11:06:00-04:00,29.3700008392334,29.3700008392334,29.36000061035156,29.36090087890625,29.36090087890625,5376
2023-04-05 11:07:00-04:00,29.36000061035156,29.3700008392334,29.35280036926269,29.35280036926269,29.35280036926269,10277
2023-04-05 11:08:00-04:00,29.354999542236328,29.354999542236328,29.350000381469727,29.354999542236328,29.354999542236328,3403
2023-04-05 11:09:00-04:00,29.354999542236328,29.36000061035156,29.350000381469727,29.354999542236328,29.354999542236328,4209
2023-04-05 11:10:00-04:00,29.354999542236328,29.36000061035156,29.34499931335449,29.36000061035156,29.36000061035156,22596
2023-04-05 11:11:00-04:00,29.36000061035156,29.38999938964844,29.36000061035156,29.375,29.375,29850
2023-04-05 11:12:00-04:00,29.3799991607666,29.399200439453125,29.375,29.399200439453125,29.399200439453125,11786
2023-04-05 11:13:00-04:00,29.38999938964844,29.397499084472656,29.38999938964844,29.397499084472656,29.397499084472656,2031
2023-04-05 11:14:00-04:00,29.395000457763672,29.397499084472656,29.38999938964844,29.395000457763672,29.395000457763672,3559
2023-04-05 11:15:00-04:00,29.39119911193848,29.40999984741211,29.38999938964844,29.405000686645508,29.405000686645508,12106
2023-04-05 11:16:00-04:00,29.405000686645508,29.420000076293945,29.405000686645508,29.40999984741211,29.40999984741211,12057
2023-04-05 11:17:00-04:00,29.415000915527344,29.417499542236328,29.395000457763672,29.395000457763672,29.395000457763672,9272
2023-04-05 11:18:00-04:00,29.395000457763672,29.399999618530277,29.3799991607666,29.3799991607666,29.3799991607666,17117
2023-04-05 11:19:00-04:00,29.375,29.399999618530277,29.375,29.395000457763672,29.395000457763672,9690
2023-04-05 11:20:00-04:00,29.395000457763672,29.399999618530277,29.3799991607666,29.3799991607666,29.3799991607666,7050
2023-04-05 11:21:00-04:00,29.3799991607666,29.405000686645508,29.3799991607666,29.405000686645508,29.405000686645508,5821
2023-04-05 11:22:00-04:00,29.405000686645508,29.405000686645508,29.395000457763672,29.399999618530277,29.399999618530277,7068
2023-04-05 11:23:00-04:00,29.399999618530277,29.405000686645508,29.395000457763672,29.395000457763672,29.395000457763672,7228
2023-04-05 11:24:00-04:00,29.399999618530277,29.399999618530277,29.3799991607666,29.38999938964844,29.38999938964844,18883
2023-04-05 11:25:00-04:00,29.395000457763672,29.395000457763672,29.34000015258789,29.34000015258789,29.34000015258789,25981
2023-04-05 11:26:00-04:00,29.350000381469727,29.364999771118164,29.34000015258789,29.364999771118164,29.364999771118164,33155
2023-04-05 11:27:00-04:00,29.36000061035156,29.36000061035156,29.34000015258789,29.350000381469727,29.350000381469727,17443
2023-04-05 11:28:00-04:00,29.350000381469727,29.350000381469727,29.34000015258789,29.34499931335449,29.34499931335449,9820
2023-04-05 11:29:00-04:00,29.350000381469727,29.36000061035156,29.34499931335449,29.354999542236328,29.354999542236328,4514
2023-04-05 11:30:00-04:00,29.36000061035156,29.364999771118164,29.350000381469727,29.36000061035156,29.36000061035156,16006
2023-04-05 11:31:00-04:00,29.364999771118164,29.3700008392334,29.350000381469727,29.354999542236328,29.354999542236328,59644
2023-04-05 11:32:00-04:00,29.354999542236328,29.3612003326416,29.350000381469727,29.350000381469727,29.350000381469727,24753
2023-04-05 11:33:00-04:00,29.354999542236328,29.3700008392334,29.354999542236328,29.364999771118164,29.364999771118164,50518
2023-04-05 11:34:00-04:00,29.364999771118164,29.3799991607666,29.364999771118164,29.375,29.375,12567
2023-04-05 11:35:00-04:00,29.3799991607666,29.420000076293945,29.3799991607666,29.40999984741211,29.40999984741211,30520
2023-04-05 11:36:00-04:00,29.415000915527344,29.42539978027344,29.415000915527344,29.424999237060547,29.424999237060547,4910
2023-04-05 11:37:00-04:00,29.420000076293945,29.43000030517578,29.399999618530277,29.40010070800781,29.40010070800781,19041
2023-04-05 11:38:00-04:00,29.399999618530277,29.40999984741211,29.395000457763672,29.405000686645508,29.405000686645508,18702
2023-04-05 11:39:00-04:00,29.399999618530277,29.399999618530277,29.3799991607666,29.3799991607666,29.3799991607666,29528
2023-04-05 11:40:00-04:00,29.38999938964844,29.395000457763672,29.38500022888184,29.395000457763672,29.395000457763672,10294
2023-04-05 11:41:00-04:00,29.399999618530277,29.399999618530277,29.38999938964844,29.39249992370605,29.39249992370605,11208
2023-04-05 11:42:00-04:00,29.399999618530277,29.399999618530277,29.38999938964844,29.39949989318848,29.39949989318848,5925
2023-04-05 11:43:00-04:00,29.39249992370605,29.395000457763672,29.3700008392334,29.375,29.375,28632
2023-04-05 11:44:00-04:00,29.3700008392334,29.37989997863769,29.3700008392334,29.375,29.375,9596
2023-04-05 11:45:00-04:00,29.3799991607666,29.38500022888184,29.3700008392334,29.3700008392334,29.3700008392334,16960
2023-04-05 11:46:00-04:00,29.375,29.38999938964844,29.370100021362305,29.3799991607666,29.3799991607666,13753
2023-04-05 11:47:00-04:00,29.3799991607666,29.399999618530277,29.3799991607666,29.399999618530277,29.399999618530277,7797
2023-04-05 11:48:00-04:00,29.399999618530277,29.399999618530277,29.3700008392334,29.3700008392334,29.3700008392334,28153
2023-04-05 11:49:00-04:00,29.375,29.3799991607666,29.375,29.3799991607666,29.3799991607666,9925
2023-04-05 11:50:00-04:00,29.375,29.3799991607666,29.375,29.3799991607666,29.3799991607666,2813
2023-04-05 11:51:00-04:00,29.38500022888184,29.399999618530277,29.3799991607666,29.38999938964844,29.38999938964844,19357
2023-04-05 11:52:00-04:00,29.395000457763672,29.395000457763672,29.375,29.38999938964844,29.38999938964844,7641
2023-04-05 11:53:00-04:00,29.38999938964844,29.395000457763672,29.375,29.38500022888184,29.38500022888184,11450
2023-04-05 11:54:00-04:00,29.3799991607666,29.3799991607666,29.3700008392334,29.3700008392334,29.3700008392334,13910
2023-04-05 11:55:00-04:00,29.3700008392334,29.3799991607666,29.3700008392334,29.375,29.375,8247
2023-04-05 11:56:00-04:00,29.3799991607666,29.38999938964844,29.375,29.38500022888184,29.38500022888184,18507
2023-04-05 11:57:00-04:00,29.38500022888184,29.399999618530277,29.38500022888184,29.395000457763672,29.395000457763672,3538
2023-04-05 11:58:00-04:00,29.399999618530277,29.405000686645508,29.395000457763672,29.395000457763672,29.395000457763672,26660
2023-04-05 11:59:00-04:00,29.395000457763672,29.399999618530277,29.395000457763672,29.395000457763672,29.395000457763672,3610
2023-04-05 12:00:00-04:00,29.399999618530277,29.399999618530277,29.3927001953125,29.399999618530277,29.399999618530277,5724
2023-04-05 12:01:00-04:00,29.399999618530277,29.399999618530277,29.3799991607666,29.38999938964844,29.38999938964844,20332
2023-04-05 12:02:00-04:00,29.38999938964844,29.38999938964844,29.38500022888184,29.38999938964844,29.38999938964844,16974
2023-04-05 12:03:00-04:00,29.395000457763672,29.399999618530277,29.395000457763672,29.395000457763672,29.395000457763672,2956
2023-04-05 12:04:00-04:00,29.395000457763672,29.399999618530277,29.38999938964844,29.395000457763672,29.395000457763672,4319
2023-04-05 12:05:00-04:00,29.395000457763672,29.395000457763672,29.375,29.375,29.375,16801
2023-04-05 12:06:00-04:00,29.3700008392334,29.3700008392334,29.36000061035156,29.36000061035156,29.36000061035156,6711
2023-04-05 12:07:00-04:00,29.36000061035156,29.364999771118164,29.35269927978516,29.364999771118164,29.364999771118164,15530
2023-04-05 12:08:00-04:00,29.3700008392334,29.3700008392334,29.34000015258789,29.34000015258789,29.34000015258789,17804
2023-04-05 12:09:00-04:00,29.34000015258789,29.34000015258789,29.325000762939453,29.325000762939453,29.325000762939453,75900
2023-04-05 12:10:00-04:00,29.325000762939453,29.32999992370605,29.31999969482422,29.32999992370605,29.32999992370605,14587
2023-04-05 12:11:00-04:00,29.32999992370605,29.32999992370605,29.299999237060547,29.299999237060547,29.299999237060547,814673
2023-04-05 12:12:00-04:00,29.30500030517578,29.32999992370605,29.299999237060547,29.325000762939453,29.325000762939453,52612
2023-04-05 12:13:00-04:00,29.32999992370605,29.32999992370605,29.299999237060547,29.315000534057617,29.315000534057617,29495
2023-04-05 12:14:00-04:00,29.31999969482422,29.32999992370605,29.309999465942383,29.32999992370605,29.32999992370605,38245
2023-04-05 12:15:00-04:00,29.32999992370605,29.334999084472656,29.31999969482422,29.31999969482422,29.31999969482422,29527
2023-04-05 12:16:00-04:00,29.31999969482422,29.31999969482422,29.290000915527344,29.299999237060547,29.299999237060547,47971
2023-04-05 12:17:00-04:00,29.309999465942383,29.32999992370605,29.309999465942383,29.325000762939453,29.325000762939453,7967
2023-04-05 12:18:00-04:00,29.32999992370605,29.350000381469727,29.325000762939453,29.334999084472656,29.334999084472656,122934
2023-04-05 12:19:00-04:00,29.334999084472656,29.375,29.299999237060547,29.36000061035156,29.36000061035156,189698
2023-04-05 12:20:00-04:00,29.36000061035156,29.3700008392334,29.350000381469727,29.358800888061523,29.358800888061523,29959
2023-04-05 12:21:00-04:00,29.36000061035156,29.364999771118164,29.299999237060547,29.34000015258789,29.34000015258789,196894
2023-04-05 12:22:00-04:00,29.34000015258789,29.350000381469727,29.334999084472656,29.350000381469727,29.350000381469727,10109
2023-04-05 12:23:00-04:00,29.350000381469727,29.350000381469727,29.3400993347168,29.34499931335449,29.34499931335449,5219
2023-04-05 12:24:00-04:00,29.34499931335449,29.350000381469727,29.332000732421875,29.332000732421875,29.332000732421875,11233
2023-04-05 12:25:00-04:00,29.334999084472656,29.334999084472656,29.295000076293945,29.295000076293945,29.295000076293945,23343
2023-04-05 12:26:00-04:00,29.290000915527344,29.290000915527344,29.26110076904297,29.270000457763672,29.270000457763672,12664
2023-04-05 12:27:00-04:00,29.280000686645508,29.280000686645508,29.26000022888184,29.26000022888184,29.26000022888184,7334
2023-04-05 12:28:00-04:00,29.26499938964844,29.280000686645508,29.2549991607666,29.26499938964844,29.26499938964844,17983
2023-04-05 12:29:00-04:00,29.26499938964844,29.274999618530277,29.26000022888184,29.26000022888184,29.26000022888184,14064
2023-04-05 12:30:00-04:00,29.26000022888184,29.26499938964844,29.239999771118164,29.239999771118164,29.239999771118164,21043
2023-04-05 12:31:00-04:00,29.25,29.25,29.239999771118164,29.25,29.25,2307
2023-04-05 12:32:00-04:00,29.25,29.25,29.239999771118164,29.25,29.25,7514
2023-04-05 12:33:00-04:00,29.25,29.280000686645508,29.239999771118164,29.280000686645508,29.280000686645508,41217
2023-04-05 12:34:00-04:00,29.274999618530277,29.290000915527344,29.270000457763672,29.290000915527344,29.290000915527344,13704
2023-04-05 12:35:00-04:00,29.28499984741211,29.290000915527344,29.28009986877441,29.28499984741211,29.28499984741211,12336
2023-04-05 12:36:00-04:00,29.290000915527344,29.326000213623047,29.290000915527344,29.31999969482422,29.31999969482422,44133
2023-04-05 12:37:00-04:00,29.31999969482422,29.32999992370605,29.31999969482422,29.31999969482422,29.31999969482422,15078
2023-04-05 12:38:00-04:00,29.315000534057617,29.315000534057617,29.270000457763672,29.280000686645508,29.280000686645508,28674
2023-04-05 12:39:00-04:00,29.28499984741211,29.28499984741211,29.270000457763672,29.270000457763672,29.270000457763672,3152
2023-04-05 12:40:00-04:00,29.270000457763672,29.280000686645508,29.26000022888184,29.26499938964844,29.26499938964844,23553
2023-04-05 12:41:00-04:00,29.26000022888184,29.26499938964844,29.25,29.25,29.25,34240
2023-04-05 12:42:00-04:00,29.250200271606445,29.250200271606445,29.225000381469727,29.229999542236328,29.229999542236328,14103
2023-04-05 12:43:00-04:00,29.229999542236328,29.229999542236328,29.209999084472656,29.210100173950195,29.210100173950195,26870
2023-04-05 12:44:00-04:00,29.21999931335449,29.21999931335449,29.209999084472656,29.21999931335449,29.21999931335449,138555
2023-04-05 12:45:00-04:00,29.21999931335449,29.239999771118164,29.20499992370605,29.20499992370605,29.20499992370605,97430
2023-04-05 12:46:00-04:00,29.209999084472656,29.21999931335449,29.20499992370605,29.20499992370605,29.20499992370605,41011
2023-04-05 12:47:00-04:00,29.20499992370605,29.211000442504883,29.19499969482422,29.20499992370605,29.20499992370605,53744
2023-04-05 12:48:00-04:00,29.20499992370605,29.20499992370605,29.170000076293945,29.18000030517578,29.18000030517578,19326
2023-04-05 12:49:00-04:00,29.184999465942383,29.20499992370605,29.184999465942383,29.20499992370605,29.20499992370605,13425
2023-04-05 12:50:00-04:00,29.200000762939453,29.200000762939453,29.184999465942383,29.184999465942383,29.184999465942383,34258
2023-04-05 12:51:00-04:00,29.184999465942383,29.20499992370605,29.184999465942383,29.190000534057617,29.190000534057617,21776
2023-04-05 12:52:00-04:00,29.190000534057617,29.190000534057617,29.18000030517578,29.18079948425293,29.18079948425293,4667
2023-04-05 12:53:00-04:00,29.180400848388672,29.20499992370605,29.180400848388672,29.20499992370605,29.20499992370605,23922
2023-04-05 12:54:00-04:00,29.20499992370605,29.21999931335449,29.200000762939453,29.21949958801269,29.21949958801269,23427
2023-04-05 12:55:00-04:00,29.21500015258789,29.225000381469727,29.21500015258789,29.21500015258789,29.21500015258789,13046
2023-04-05 12:56:00-04:00,29.21500015258789,29.21500015258789,29.200000762939453,29.200000762939453,29.200000762939453,15010
2023-04-05 12:57:00-04:00,29.200000762939453,29.20499992370605,29.19499969482422,29.200000762939453,29.200000762939453,11873
2023-04-05 12:58:00-04:00,29.20499992370605,29.20499992370605,29.200000762939453,29.200000762939453,29.200000762939453,6588
2023-04-05 12:59:00-04:00,29.200000762939453,29.21999931335449,29.200000762939453,29.21999931335449,29.21999931335449,13336
2023-04-05 13:00:00-04:00,29.21500015258789,29.238399505615234,29.21500015258789,29.23500061035156,29.23500061035156,17878
2023-04-05 13:01:00-04:00,29.23500061035156,29.23500061035156,29.21999931335449,29.21999931335449,29.21999931335449,11828
2023-04-05 13:02:00-04:00,29.229999542236328,29.26000022888184,29.229999542236328,29.25,29.25,18366
2023-04-05 13:03:00-04:00,29.25,29.26000022888184,29.239999771118164,29.239999771118164,29.239999771118164,27448
2023-04-05 13:04:00-04:00,29.2450008392334,29.2450008392334,29.239999771118164,29.24169921875,29.24169921875,7687
2023-04-05 13:05:00-04:00,29.25,29.26499938964844,29.25,29.26499938964844,29.26499938964844,35228
2023-04-05 13:06:00-04:00,29.26000022888184,29.274999618530277,29.2549991607666,29.270000457763672,29.270000457763672,8643
2023-04-05 13:07:00-04:00,29.26499938964844,29.274999618530277,29.26499938964844,29.274999618530277,29.274999618530277,10426
2023-04-05 13:08:00-04:00,29.270000457763672,29.270000457763672,29.25300025939941,29.2549991607666,29.2549991607666,8197
2023-04-05 13:09:00-04:00,29.26000022888184,29.274999618530277,29.26000022888184,29.274999618530277,29.274999618530277,6251
2023-04-05 13:10:00-04:00,29.270000457763672,29.28499984741211,29.270000457763672,29.28499984741211,29.28499984741211,7841
2023-04-05 13:11:00-04:00,29.28499984741211,29.290000915527344,29.270000457763672,29.28499984741211,29.28499984741211,16747
2023-04-05 13:12:00-04:00,29.28499984741211,29.299999237060547,29.280000686645508,29.299999237060547,29.299999237060547,8572
2023-04-05 13:13:00-04:00,29.309999465942383,29.31999969482422,29.290000915527344,29.295000076293945,29.295000076293945,23286
2023-04-05 13:14:00-04:00,29.299999237060547,29.30500030517578,29.299999237060547,29.30500030517578,29.30500030517578,2964
2023-04-05 13:15:00-04:00,29.309999465942383,29.31999969482422,29.30500030517578,29.315000534057617,29.315000534057617,7335
2023-04-05 13:16:00-04:00,29.315000534057617,29.325000762939453,29.315000534057617,29.31999969482422,29.31999969482422,6198
2023-04-05 13:17:00-04:00,29.325000762939453,29.3257999420166,29.315000534057617,29.325000762939453,29.325000762939453,19111
2023-04-05 13:18:00-04:00,29.32999992370605,29.32999992370605,29.31999969482422,29.325000762939453,29.325000762939453,2645
2023-04-05 13:19:00-04:00,29.325000762939453,29.350000381469727,29.325000762939453,29.34499931335449,29.34499931335449,8162
2023-04-05 13:20:00-04:00,29.350000381469727,29.364999771118164,29.350000381469727,29.364999771118164,29.364999771118164,16111
2023-04-05 13:21:00-04:00,29.361099243164062,29.364999771118164,29.34000015258789,29.354999542236328,29.354999542236328,20877
2023-04-05 13:22:00-04:00,29.354999542236328,29.364999771118164,29.34000015258789,29.34000015258789,29.34000015258789,11909
2023-04-05 13:23:00-04:00,29.350000381469727,29.36000061035156,29.34499931335449,29.354999542236328,29.354999542236328,17159
2023-04-05 13:24:00-04:00,29.354999542236328,29.375,29.354999542236328,29.375,29.375,4706
2023-04-05 13:25:00-04:00,29.3700008392334,29.375,29.36000061035156,29.364999771118164,29.364999771118164,9089
2023-04-05 13:26:00-04:00,29.364999771118164,29.38500022888184,29.364999771118164,29.38500022888184,29.38500022888184,10361
2023-04-05 13:27:00-04:00,29.38500022888184,29.38999938964844,29.375,29.37879943847656,29.37879943847656,10454
2023-04-05 13:28:00-04:00,29.3799991607666,29.3799991607666,29.374099731445312,29.375,29.375,2480
2023-04-05 13:29:00-04:00,29.375,29.375,29.35090065002441,29.354999542236328,29.354999542236328,19707
2023-04-05 13:30:00-04:00,29.350000381469727,29.36000061035156,29.350000381469727,29.354999542236328,29.354999542236328,3199
2023-04-05 13:31:00-04:00,29.36000061035156,29.3700008392334,29.36000061035156,29.364999771118164,29.364999771118164,7141
2023-04-05 13:32:00-04:00,29.364999771118164,29.3700008392334,29.350000381469727,29.3700008392334,29.3700008392334,9150
2023-04-05 13:33:00-04:00,29.364999771118164,29.3700008392334,29.36000061035156,29.364999771118164,29.364999771118164,2613
2023-04-05 13:34:00-04:00,29.364999771118164,29.3700008392334,29.350000381469727,29.354999542236328,29.354999542236328,17906
2023-04-05 13:35:00-04:00,29.36000061035156,29.364999771118164,29.350000381469727,29.354999542236328,29.354999542236328,6571
2023-04-05 13:36:00-04:00,29.354999542236328,29.354999542236328,29.34499931335449,29.354999542236328,29.354999542236328,11524
2023-04-05 13:37:00-04:00,29.36000061035156,29.3700008392334,29.36000061035156,29.364999771118164,29.364999771118164,3661
2023-04-05 13:38:00-04:00,29.364999771118164,29.364999771118164,29.350000381469727,29.36000061035156,29.36000061035156,18553
2023-04-05 13:39:00-04:00,29.36000061035156,29.3700008392334,29.36000061035156,29.364999771118164,29.364999771118164,3393
2023-04-05 13:40:00-04:00,29.364999771118164,29.3700008392334,29.36000061035156,29.364999771118164,29.364999771118164,5980
2023-04-05 13:41:00-04:00,29.3700008392334,29.375,29.36000061035156,29.36000061035156,29.36000061035156,21032
2023-04-05 13:42:00-04:00,29.36000061035156,29.36910057067871,29.350099563598636,29.36000061035156,29.36000061035156,3707
2023-04-05 13:43:00-04:00,29.364999771118164,29.364999771118164,29.354999542236328,29.354999542236328,29.354999542236328,7287
2023-04-05 13:44:00-04:00,29.354999542236328,29.364999771118164,29.354999542236328,29.364999771118164,29.364999771118164,7470
2023-04-05 13:45:00-04:00,29.364999771118164,29.364999771118164,29.354999542236328,29.354999542236328,29.354999542236328,10085
2023-04-05 13:46:00-04:00,29.350000381469727,29.354999542236328,29.34499931335449,29.350000381469727,29.350000381469727,13617
2023-04-05 13:47:00-04:00,29.34499931335449,29.34499931335449,29.34499931335449,29.34499931335449,29.34499931335449,979
2023-04-05 13:48:00-04:00,29.34499931335449,29.354999542236328,29.34499931335449,29.354999542236328,29.354999542236328,7324
2023-04-05 13:49:00-04:00,29.354999542236328,29.3700008392334,29.354999542236328,29.36000061035156,29.36000061035156,17724
2023-04-05 13:50:00-04:00,29.36000061035156,29.399999618530277,29.36000061035156,29.38500022888184,29.38500022888184,35771
2023-04-05 13:51:00-04:00,29.38999938964844,29.399999618530277,29.38500022888184,29.38999938964844,29.38999938964844,4117
2023-04-05 13:52:00-04:00,29.38999938964844,29.38999938964844,29.38500022888184,29.38999938964844,29.38999938964844,8024
2023-04-05 13:53:00-04:00,29.395000457763672,29.405000686645508,29.38999938964844,29.395000457763672,29.395000457763672,19985
2023-04-05 13:54:00-04:00,29.395000457763672,29.415000915527344,29.391000747680664,29.40999984741211,29.40999984741211,7329
2023-04-05 13:55:00-04:00,29.409400939941406,29.43000030517578,29.409400939941406,29.43000030517578,29.43000030517578,3493
2023-04-05 13:56:00-04:00,29.43000030517578,29.434999465942383,29.424999237060547,29.43000030517578,29.43000030517578,5792
2023-04-05 13:57:00-04:00,29.424999237060547,29.43000030517578,29.399999618530277,29.405000686645508,29.405000686645508,44490
2023-04-05 13:58:00-04:00,29.405000686645508,29.420000076293945,29.405000686645508,29.420000076293945,29.420000076293945,5732
2023-04-05 13:59:00-04:00,29.415000915527344,29.420000076293945,29.405000686645508,29.405000686645508,29.405000686645508,9661
2023-04-05 14:00:00-04:00,29.405000686645508,29.420000076293945,29.405000686645508,29.40999984741211,29.40999984741211,9619
2023-04-05 14:01:00-04:00,29.415000915527344,29.420000076293945,29.405000686645508,29.405000686645508,29.405000686645508,12409
2023-04-05 14:02:00-04:00,29.405000686645508,29.415000915527344,29.395000457763672,29.395000457763672,29.395000457763672,19701
2023-04-05 14:03:00-04:00,29.399999618530277,29.40999984741211,29.395000457763672,29.40999984741211,29.40999984741211,7911
2023-04-05 14:04:00-04:00,29.405000686645508,29.420000076293945,29.405000686645508,29.40999984741211,29.40999984741211,27716
2023-04-05 14:05:00-04:00,29.415000915527344,29.420000076293945,29.399999618530277,29.405000686645508,29.405000686645508,8849
2023-04-05 14:06:00-04:00,29.405000686645508,29.405000686645508,29.38500022888184,29.399999618530277,29.399999618530277,12470
2023-04-05 14:07:00-04:00,29.399999618530277,29.420000076293945,29.395000457763672,29.420000076293945,29.420000076293945,51967
2023-04-05 14:08:00-04:00,29.415000915527344,29.417699813842773,29.415000915527344,29.415000915527344,29.415000915527344,2426
2023-04-05 14:09:00-04:00,29.40999984741211,29.415000915527344,29.395000457763672,29.395000457763672,29.395000457763672,10320
2023-04-05 14:10:00-04:00,29.395000457763672,29.395000457763672,29.354999542236328,29.36000061035156,29.36000061035156,35746
2023-04-05 14:11:00-04:00,29.364999771118164,29.375,29.364999771118164,29.375,29.375,4942
2023-04-05 14:12:00-04:00,29.375,29.375,29.3700008392334,29.3700008392334,29.3700008392334,3609
2023-04-05 14:13:00-04:00,29.3700008392334,29.3700008392334,29.364999771118164,29.364999771118164,29.364999771118164,11609
2023-04-05 14:14:00-04:00,29.364999771118164,29.364999771118164,29.350000381469727,29.350099563598636,29.350099563598636,11501
2023-04-05 14:15:00-04:00,29.354999542236328,29.36000061035156,29.350000381469727,29.35849952697754,29.35849952697754,6929
2023-04-05 14:16:00-04:00,29.354999542236328,29.364999771118164,29.350000381469727,29.354999542236328,29.354999542236328,12413
2023-04-05 14:17:00-04:00,29.354999542236328,29.3799991607666,29.354999542236328,29.375,29.375,21830
2023-04-05 14:18:00-04:00,29.3799991607666,29.38500022888184,29.350000381469727,29.36000061035156,29.36000061035156,20957
2023-04-05 14:19:00-04:00,29.354999542236328,29.364999771118164,29.354999542236328,29.364999771118164,29.364999771118164,5930
2023-04-05 14:20:00-04:00,29.364999771118164,29.364999771118164,29.34000015258789,29.350000381469727,29.350000381469727,9760
2023-04-05 14:21:00-04:00,29.34499931335449,29.350000381469727,29.34000015258789,29.34499931335449,29.34499931335449,4530
2023-04-05 14:22:00-04:00,29.34000015258789,29.34000015258789,29.32999992370605,29.334999084472656,29.334999084472656,6420
2023-04-05 14:23:00-04:00,29.334999084472656,29.34499931335449,29.334999084472656,29.34499931335449,29.34499931335449,9543
2023-04-05 14:24:00-04:00,29.350000381469727,29.350000381469727,29.34000015258789,29.34499931335449,29.34499931335449,14609
2023-04-05 14:25:00-04:00,29.34499931335449,29.354999542236328,29.3400993347168,29.34499931335449,29.34499931335449,13505
2023-04-05 14:26:00-04:00,29.34499931335449,29.354999542236328,29.34499931335449,29.354999542236328,29.354999542236328,8919
2023-04-05 14:27:00-04:00,29.354999542236328,29.36000061035156,29.350000381469727,29.354999542236328,29.354999542236328,5916
2023-04-05 14:28:00-04:00,29.36000061035156,29.364999771118164,29.350000381469727,29.354999542236328,29.354999542236328,12854
2023-04-05 14:29:00-04:00,29.36000061035156,29.36000061035156,29.354999542236328,29.354999542236328,29.354999542236328,2803
2023-04-05 14:30:00-04:00,29.354999542236328,29.375,29.354999542236328,29.375,29.375,7622
2023-04-05 14:31:00-04:00,29.3799991607666,29.3799991607666,29.3700008392334,29.375,29.375,5709
2023-04-05 14:32:00-04:00,29.3799991607666,29.3799991607666,29.375,29.375,29.375,4812
2023-04-05 14:33:00-04:00,29.3799991607666,29.38500022888184,29.364999771118164,29.375,29.375,27169
2023-04-05 14:34:00-04:00,29.375,29.3799991607666,29.3700008392334,29.375,29.375,6081
2023-04-05 14:35:00-04:00,29.375,29.3799991607666,29.364999771118164,29.3799991607666,29.3799991607666,9370
2023-04-05 14:36:00-04:00,29.375,29.3799991607666,29.3700008392334,29.375,29.375,4665
2023-04-05 14:37:00-04:00,29.375,29.40999984741211,29.3700008392334,29.38360023498535,29.38360023498535,562819
2023-04-05 14:38:00-04:00,29.38500022888184,29.399999618530277,29.38500022888184,29.38999938964844,29.38999938964844,24387
2023-04-05 14:39:00-04:00,29.395000457763672,29.405000686645508,29.388599395751957,29.388599395751957,29.388599395751957,13705
2023-04-05 14:40:00-04:00,29.38999938964844,29.395000457763672,29.3700008392334,29.3700008392334,29.3700008392334,13834
2023-04-05 14:41:00-04:00,29.3700008392334,29.3799991607666,29.36000061035156,29.364999771118164,29.364999771118164,88072
2023-04-05 14:42:00-04:00,29.3700008392334,29.395000457763672,29.3700008392334,29.38999938964844,29.38999938964844,27431
2023-04-05 14:43:00-04:00,29.38999938964844,29.38999938964844,29.38500022888184,29.38500022888184,29.38500022888184,2885
2023-04-05 14:44:00-04:00,29.38500022888184,29.38999938964844,29.364999771118164,29.38419914245605,29.38419914245605,17775
2023-04-05 14:45:00-04:00,29.3799991607666,29.38500022888184,29.375,29.38010025024414,29.38010025024414,2745
2023-04-05 14:46:00-04:00,29.3799991607666,29.38999938964844,29.375,29.3799991607666,29.3799991607666,8304
2023-04-05 14:47:00-04:00,29.3799991607666,29.38999938964844,29.3799991607666,29.38500022888184,29.38500022888184,6171
2023-04-05 14:48:00-04:00,29.38500022888184,29.38500022888184,29.370800018310547,29.375,29.375,9329
2023-04-05 14:49:00-04:00,29.3799991607666,29.38500022888184,29.3799991607666,29.38500022888184,29.38500022888184,4205
2023-04-05 14:50:00-04:00,29.38500022888184,29.38999938964844,29.3799991607666,29.38500022888184,29.38500022888184,5204
2023-04-05 14:51:00-04:00,29.38500022888184,29.395000457763672,29.38500022888184,29.38999938964844,29.38999938964844,10189
2023-04-05 14:52:00-04:00,29.395000457763672,29.40999984741211,29.395000457763672,29.395000457763672,29.395000457763672,10174
2023-04-05 14:53:00-04:00,29.395000457763672,29.395000457763672,29.3799991607666,29.3799991607666,29.3799991607666,13651
2023-04-05 14:54:00-04:00,29.3799991607666,29.38500022888184,29.3700008392334,29.38500022888184,29.38500022888184,5896
2023-04-05 14:55:00-04:00,29.3799991607666,29.38500022888184,29.3700008392334,29.375,29.375,28544
2023-04-05 14:56:00-04:00,29.375,29.38999938964844,29.375,29.38500022888184,29.38500022888184,12510
2023-04-05 14:57:00-04:00,29.3799991607666,29.3799991607666,29.36000061035156,29.364999771118164,29.364999771118164,23702
2023-04-05 14:58:00-04:00,29.364999771118164,29.3700008392334,29.354999542236328,29.354999542236328,29.354999542236328,15609
2023-04-05 14:59:00-04:00,29.350000381469727,29.350000381469727,29.34000015258789,29.34000015258789,29.34000015258789,12110
2023-04-05 15:00:00-04:00,29.34000015258789,29.34000015258789,29.31999969482422,29.325000762939453,29.325000762939453,14498
2023-04-05 15:01:00-04:00,29.31999969482422,29.32999992370605,29.315000534057617,29.31999969482422,29.31999969482422,18663
2023-04-05 15:02:00-04:00,29.31999969482422,29.31999969482422,29.299999237060547,29.299999237060547,29.299999237060547,18157
2023-04-05 15:03:00-04:00,29.309999465942383,29.309999465942383,29.299999237060547,29.30500030517578,29.30500030517578,15978
2023-04-05 15:04:00-04:00,29.30500030517578,29.309999465942383,29.299999237060547,29.30500030517578,29.30500030517578,9321
2023-04-05 15:05:00-04:00,29.30500030517578,29.309999465942383,29.30500030517578,29.3075008392334,29.3075008392334,78528
2023-04-05 15:06:00-04:00,29.30500030517578,29.309999465942383,29.29129981994629,29.295000076293945,29.295000076293945,39819
2023-04-05 15:07:00-04:00,29.290000915527344,29.290000915527344,29.280000686645508,29.280000686645508,29.280000686645508,5975
2023-04-05 15:08:00-04:00,29.280000686645508,29.290000915527344,29.270000457763672,29.290000915527344,29.290000915527344,13532
2023-04-05 15:09:00-04:00,29.28499984741211,29.290000915527344,29.280000686645508,29.28499984741211,29.28499984741211,6684
2023-04-05 15:10:00-04:00,29.290000915527344,29.290000915527344,29.270000457763672,29.274999618530277,29.274999618530277,12490
2023-04-05 15:11:00-04:00,29.274999618530277,29.299999237060547,29.270099639892575,29.299999237060547,29.299999237060547,20143
2023-04-05 15:12:00-04:00,29.295000076293945,29.299999237060547,29.290000915527344,29.290000915527344,29.290000915527344,27231
2023-04-05 15:13:00-04:00,29.290000915527344,29.295000076293945,29.280000686645508,29.290000915527344,29.290000915527344,7953
2023-04-05 15:14:00-04:00,29.295000076293945,29.299999237060547,29.280000686645508,29.280000686645508,29.280000686645508,15694
2023-04-05 15:15:00-04:00,29.28499984741211,29.290000915527344,29.270000457763672,29.280000686645508,29.280000686645508,29753
2023-04-05 15:16:00-04:00,29.290000915527344,29.290000915527344,29.280000686645508,29.290000915527344,29.290000915527344,14607
2023-04-05 15:17:00-04:00,29.28499984741211,29.28499984741211,29.26000022888184,29.26000022888184,29.26000022888184,22459
2023-04-05 15:18:00-04:00,29.26000022888184,29.270000457763672,29.25,29.25029945373535,29.25029945373535,18570
2023-04-05 15:19:00-04:00,29.25,29.26000022888184,29.25,29.25,29.25,23601
2023-04-05 15:20:00-04:00,29.239999771118164,29.26000022888184,29.239999771118164,29.26000022888184,29.26000022888184,29782
2023-04-05 15:21:00-04:00,29.2549991607666,29.26000022888184,29.25,29.2549991607666,29.2549991607666,8091
2023-04-05 15:22:00-04:00,29.2549991607666,29.270000457763672,29.239999771118164,29.26499938964844,29.26499938964844,42044
2023-04-05 15:23:00-04:00,29.26499938964844,29.290000915527344,29.2549991607666,29.28499984741211,29.28499984741211,32676
2023-04-05 15:24:00-04:00,29.28499984741211,29.290000915527344,29.274999618530277,29.290000915527344,29.290000915527344,36733
2023-04-05 15:25:00-04:00,29.28499984741211,29.31999969482422,29.28499984741211,29.315000534057617,29.315000534057617,48120
2023-04-05 15:26:00-04:00,29.315000534057617,29.31999969482422,29.309999465942383,29.315000534057617,29.315000534057617,15439
2023-04-05 15:27:00-04:00,29.315000534057617,29.325000762939453,29.309999465942383,29.315000534057617,29.315000534057617,23214
2023-04-05 15:28:00-04:00,29.309999465942383,29.325000762939453,29.309999465942383,29.309999465942383,29.309999465942383,24377
2023-04-05 15:29:00-04:00,29.315000534057617,29.31999969482422,29.290000915527344,29.290000915527344,29.290000915527344,36169
2023-04-05 15:30:00-04:00,29.299999237060547,29.309999465942383,29.295000076293945,29.309999465942383,29.309999465942383,38717
2023-04-05 15:31:00-04:00,29.309999465942383,29.315000534057617,29.30500030517578,29.315000534057617,29.315000534057617,72055
2023-04-05 15:32:00-04:00,29.315000534057617,29.32999992370605,29.315000534057617,29.325000762939453,29.325000762939453,38880
2023-04-05 15:33:00-04:00,29.325000762939453,29.34000015258789,29.31999969482422,29.334999084472656,29.334999084472656,39350
2023-04-05 15:34:00-04:00,29.334999084472656,29.350000381469727,29.334999084472656,29.34499931335449,29.34499931335449,24669
2023-04-05 15:35:00-04:00,29.34499931335449,29.36000061035156,29.34499931335449,29.34499931335449,29.34499931335449,38823
2023-04-05 15:36:00-04:00,29.350000381469727,29.36000061035156,29.34000015258789,29.350000381469727,29.350000381469727,43827
2023-04-05 15:37:00-04:00,29.350000381469727,29.36000061035156,29.34499931335449,29.350000381469727,29.350000381469727,25571
2023-04-05 15:38:00-04:00,29.350000381469727,29.36000061035156,29.34499931335449,29.354999542236328,29.354999542236328,33969
2023-04-05 15:39:00-04:00,29.354999542236328,29.36000061035156,29.34000015258789,29.34499931335449,29.34499931335449,18148
2023-04-05 15:40:00-04:00,29.34499931335449,29.350000381469727,29.32999992370605,29.34000015258789,29.34000015258789,24877
2023-04-05 15:41:00-04:00,29.34000015258789,29.350000381469727,29.331499099731445,29.34000015258789,29.34000015258789,33873
2023-04-05 15:42:00-04:00,29.34000015258789,29.354999542236328,29.334999084472656,29.350000381469727,29.350000381469727,27249
2023-04-05 15:43:00-04:00,29.350000381469727,29.3700008392334,29.350000381469727,29.364999771118164,29.364999771118164,21862
2023-04-05 15:44:00-04:00,29.364999771118164,29.3799991607666,29.361900329589844,29.375,29.375,47229
2023-04-05 15:45:00-04:00,29.3799991607666,29.3799991607666,29.36000061035156,29.36000061035156,29.36000061035156,31504
2023-04-05 15:46:00-04:00,29.36000061035156,29.364999771118164,29.34499931335449,29.36000061035156,29.36000061035156,32040
2023-04-05 15:47:00-04:00,29.364999771118164,29.3700008392334,29.350000381469727,29.36000061035156,29.36000061035156,17742
2023-04-05 15:48:00-04:00,29.36000061035156,29.36000061035156,29.32999992370605,29.34499931335449,29.34499931335449,44902
2023-04-05 15:49:00-04:00,29.34499931335449,29.34499931335449,29.315000534057617,29.325000762939453,29.325000762939453,30485
2023-04-05 15:50:00-04:00,29.31999969482422,29.32999992370605,29.295000076293945,29.31999969482422,29.31999969482422,74885
2023-04-05 15:51:00-04:00,29.325000762939453,29.32999992370605,29.31999969482422,29.32999992370605,29.32999992370605,19830
2023-04-05 15:52:00-04:00,29.32999992370605,29.34000015258789,29.325000762939453,29.334999084472656,29.334999084472656,41153
2023-04-05 15:53:00-04:00,29.334999084472656,29.334999084472656,29.290000915527344,29.30500030517578,29.30500030517578,97333
2023-04-05 15:54:00-04:00,29.309999465942383,29.315000534057617,29.270000457763672,29.280000686645508,29.280000686645508,85623
2023-04-05 15:55:00-04:00,29.280000686645508,29.28499984741211,29.26000022888184,29.280000686645508,29.280000686645508,235167
2023-04-05 15:56:00-04:00,29.274999618530277,29.290000915527344,29.270000457763672,29.280000686645508,29.280000686645508,112988
2023-04-05 15:57:00-04:00,29.280000686645508,29.290000915527344,29.26000022888184,29.280000686645508,29.280000686645508,204464
2023-04-05 15:58:00-04:00,29.278600692749023,29.280000686645508,29.270000457763672,29.274999618530277,29.274999618530277,88448
2023-04-05 15:59:00-04:00,29.270000457763672,29.309999465942383,29.270000457763672,29.290000915527344,29.290000915527344,250689
2023-04-06 09:30:00-04:00,29.34000015258789,29.479999542236328,29.290000915527344,29.290000915527344,29.290000915527344,105458
2023-04-06 09:31:00-04:00,29.290000915527344,29.290000915527344,29.21999931335449,29.225000381469727,29.225000381469727,7497
2023-04-06 09:32:00-04:00,29.23500061035156,29.23500061035156,29.190000534057617,29.21500015258789,29.21500015258789,15875
2023-04-06 09:33:00-04:00,29.21500015258789,29.21999931335449,29.18000030517578,29.18000030517578,29.18000030517578,19666
2023-04-06 09:34:00-04:00,29.184999465942383,29.21999931335449,29.170000076293945,29.21999931335449,29.21999931335449,22120
2023-04-06 09:35:00-04:00,29.225000381469727,29.229999542236328,29.20499992370605,29.21999931335449,29.21999931335449,11836
2023-04-06 09:36:00-04:00,29.21999931335449,29.21999931335449,29.15999984741211,29.15999984741211,29.15999984741211,25471
2023-04-06 09:37:00-04:00,29.170000076293945,29.18000030517578,29.163000106811523,29.165000915527344,29.165000915527344,8953
2023-04-06 09:38:00-04:00,29.165000915527344,29.190000534057617,29.149999618530277,29.149999618530277,29.149999618530277,16541
2023-04-06 09:39:00-04:00,29.15999984741211,29.200000762939453,29.155000686645508,29.19499969482422,29.19499969482422,19731
2023-04-06 09:40:00-04:00,29.200000762939453,29.21999931335449,29.190000534057617,29.209999084472656,29.209999084472656,19815
2023-04-06 09:41:00-04:00,29.200000762939453,29.229999542236328,29.184999465942383,29.229999542236328,29.229999542236328,114004
2023-04-06 09:42:00-04:00,29.229999542236328,29.239999771118164,29.209999084472656,29.21999931335449,29.21999931335449,19522
2023-04-06 09:43:00-04:00,29.21500015258789,29.229999542236328,29.20499992370605,29.212299346923828,29.212299346923828,67831
2023-04-06 09:44:00-04:00,29.21999931335449,29.229999542236328,29.190000534057617,29.229999542236328,29.229999542236328,34813
2023-04-06 09:45:00-04:00,29.229999542236328,29.26000022888184,29.21999931335449,29.25,29.25,23880
2023-04-06 09:46:00-04:00,29.2450008392334,29.25,29.229999542236328,29.239999771118164,29.239999771118164,4937
2023-04-06 09:47:00-04:00,29.239999771118164,29.239999771118164,29.225000381469727,29.23500061035156,29.23500061035156,7732
2023-04-06 09:48:00-04:00,29.239999771118164,29.26499938964844,29.239999771118164,29.26499938964844,29.26499938964844,8616
2023-04-06 09:49:00-04:00,29.280000686645508,29.309999465942383,29.274999618530277,29.299999237060547,29.299999237060547,69411
2023-04-06 09:50:00-04:00,29.299999237060547,29.315000534057617,29.290000915527344,29.315000534057617,29.315000534057617,16072
2023-04-06 09:51:00-04:00,29.31999969482422,29.334999084472656,29.31999969482422,29.325000762939453,29.325000762939453,15094
2023-04-06 09:52:00-04:00,29.325000762939453,29.325000762939453,29.31999969482422,29.325000762939453,29.325000762939453,4960
2023-04-06 09:53:00-04:00,29.325000762939453,29.325000762939453,29.30500030517578,29.30500030517578,29.30500030517578,7377
2023-04-06 09:54:00-04:00,29.30500030517578,29.32999992370605,29.299999237060547,29.325000762939453,29.325000762939453,11657
2023-04-06 09:55:00-04:00,29.31999969482422,29.31999969482422,29.299999237060547,29.30500030517578,29.30500030517578,6134
2023-04-06 09:56:00-04:00,29.30500030517578,29.34499931335449,29.280000686645508,29.32999992370605,29.32999992370605,86741
2023-04-06 09:57:00-04:00,29.32999992370605,29.364999771118164,29.32999992370605,29.36000061035156,29.36000061035156,93436
2023-04-06 09:58:00-04:00,29.36000061035156,29.395000457763672,29.36000061035156,29.375,29.375,34371
2023-04-06 09:59:00-04:00,29.3700008392334,29.3700008392334,29.350000381469727,29.362499237060547,29.362499237060547,20662
2023-04-06 10:00:00-04:00,29.364999771118164,29.38999938964844,29.36000061035156,29.3799991607666,29.3799991607666,60950
2023-04-06 10:01:00-04:00,29.38999938964844,29.44499969482422,29.38999938964844,29.43000030517578,29.43000030517578,20585
2023-04-06 10:02:00-04:00,29.420000076293945,29.424999237060547,29.40999984741211,29.420000076293945,29.420000076293945,12241
2023-04-06 10:03:00-04:00,29.415000915527344,29.479999542236328,29.415000915527344,29.440000534057617,29.440000534057617,108872
2023-04-06 10:04:00-04:00,29.440000534057617,29.46999931335449,29.43000030517578,29.450000762939453,29.450000762939453,15756
2023-04-06 10:05:00-04:00,29.45499992370605,29.46500015258789,29.4424991607666,29.46500015258789,29.46500015258789,12796
2023-04-06 10:06:00-04:00,29.46500015258789,29.4950008392334,29.46500015258789,29.48500061035156,29.48500061035156,53857
2023-04-06 10:07:00-04:00,29.479999542236328,29.5,29.459999084472656,29.5,29.5,83777
2023-04-06 10:08:00-04:00,29.5,29.51000022888184,29.479999542236328,29.48500061035156,29.48500061035156,15638
2023-04-06 10:09:00-04:00,29.480100631713867,29.545000076293945,29.480100631713867,29.53499984741211,29.53499984741211,67562
2023-04-06 10:10:00-04:00,29.53499984741211,29.545000076293945,29.520000457763672,29.53499984741211,29.53499984741211,101825
2023-04-06 10:11:00-04:00,29.540000915527344,29.565000534057617,29.535200119018555,29.549999237060547,29.549999237060547,13343
2023-04-06 10:12:00-04:00,29.55500030517578,29.55500030517578,29.530000686645508,29.54080009460449,29.54080009460449,13005
2023-04-06 10:13:00-04:00,29.549999237060547,29.559999465942383,29.540000915527344,29.559999465942383,29.559999465942383,46800
2023-04-06 10:14:00-04:00,29.559999465942383,29.57999992370605,29.545000076293945,29.559999465942383,29.559999465942383,47824
2023-04-06 10:15:00-04:00,29.562400817871094,29.57999992370605,29.549999237060547,29.559999465942383,29.559999465942383,27099
2023-04-06 10:16:00-04:00,29.565000534057617,29.56999969482422,29.549999237060547,29.55500030517578,29.55500030517578,28307
2023-04-06 10:17:00-04:00,29.55500030517578,29.575000762939453,29.549999237060547,29.56999969482422,29.56999969482422,10519
2023-04-06 10:18:00-04:00,29.575000762939453,29.59000015258789,29.56999969482422,29.57999992370605,29.57999992370605,23602
2023-04-06 10:19:00-04:00,29.575000762939453,29.59499931335449,29.575000762939453,29.57999992370605,29.57999992370605,28023
2023-04-06 10:20:00-04:00,29.57999992370605,29.57999992370605,29.545000076293945,29.575000762939453,29.575000762939453,272086
2023-04-06 10:21:00-04:00,29.57999992370605,29.59000015258789,29.55500030517578,29.55500030517578,29.55500030517578,30908
2023-04-06 10:22:00-04:00,29.549999237060547,29.56999969482422,29.549999237060547,29.55500030517578,29.55500030517578,6975
2023-04-06 10:23:00-04:00,29.549999237060547,29.549999237060547,29.53499984741211,29.53499984741211,29.53499984741211,7076
2023-04-06 10:24:00-04:00,29.53499984741211,29.545000076293945,29.530000686645508,29.53499984741211,29.53499984741211,12030
2023-04-06 10:25:00-04:00,29.53499984741211,29.549999237060547,29.53249931335449,29.549999237060547,29.549999237060547,10434
2023-04-06 10:26:00-04:00,29.549999237060547,29.559999465942383,29.545000076293945,29.549999237060547,29.549999237060547,42437
2023-04-06 10:27:00-04:00,29.549999237060547,29.56999969482422,29.51000022888184,29.5629997253418,29.5629997253418,82117
2023-04-06 10:28:00-04:00,29.559999465942383,29.559999465942383,29.530000686645508,29.549999237060547,29.549999237060547,34766
2023-04-06 10:29:00-04:00,29.549999237060547,29.57999992370605,29.549999237060547,29.57999992370605,29.57999992370605,42431
2023-04-06 10:30:00-04:00,29.57999992370605,29.59000015258789,29.565000534057617,29.575000762939453,29.575000762939453,45000
2023-04-06 10:31:00-04:00,29.57999992370605,29.59499931335449,29.56999969482422,29.56999969482422,29.56999969482422,23293
2023-04-06 10:32:00-04:00,29.56999969482422,29.575000762939453,29.540000915527344,29.540000915527344,29.540000915527344,18065
2023-04-06 10:33:00-04:00,29.530000686645508,29.57999992370605,29.52750015258789,29.56999969482422,29.56999969482422,75104
2023-04-06 10:34:00-04:00,29.57999992370605,29.61000061035156,29.575000762939453,29.604999542236328,29.604999542236328,23430
2023-04-06 10:35:00-04:00,29.604999542236328,29.6200008392334,29.56999969482422,29.575000762939453,29.575000762939453,29574
2023-04-06 10:36:00-04:00,29.56999969482422,29.57999992370605,29.559999465942383,29.559999465942383,29.559999465942383,58457
2023-04-06 10:37:00-04:00,29.549999237060547,29.56999969482422,29.53499984741211,29.56999969482422,29.56999969482422,37466
2023-04-06 10:38:00-04:00,29.57999992370605,29.57999992370605,29.565000534057617,29.565000534057617,29.565000534057617,9088
2023-04-06 10:39:00-04:00,29.565000534057617,29.575000762939453,29.565000534057617,29.575000762939453,29.575000762939453,15707
2023-04-06 10:40:00-04:00,29.57999992370605,29.584999084472656,29.559999465942383,29.559999465942383,29.559999465942383,53853
2023-04-06 10:41:00-04:00,29.549999237060547,29.575000762939453,29.530000686645508,29.575000762939453,29.575000762939453,39992
2023-04-06 10:42:00-04:00,29.575000762939453,29.584999084472656,29.56999969482422,29.56999969482422,29.56999969482422,28718
2023-04-06 10:43:00-04:00,29.56999969482422,29.57999992370605,29.559999465942383,29.57999992370605,29.57999992370605,12333
2023-04-06 10:44:00-04:00,29.575000762939453,29.61000061035156,29.575000762939453,29.604999542236328,29.604999542236328,16282
2023-04-06 10:45:00-04:00,29.604999542236328,29.614999771118164,29.600000381469727,29.600000381469727,29.600000381469727,45102
2023-04-06 10:46:00-04:00,29.61000061035156,29.63500022888184,29.61000061035156,29.6299991607666,29.6299991607666,23164
2023-04-06 10:47:00-04:00,29.63500022888184,29.63999938964844,29.6299991607666,29.63500022888184,29.63500022888184,3647
2023-04-06 10:48:00-04:00,29.636699676513672,29.63999938964844,29.6200008392334,29.63999938964844,29.63999938964844,13881
2023-04-06 10:49:00-04:00,29.63500022888184,29.655000686645508,29.61000061035156,29.614999771118164,29.614999771118164,41962
2023-04-06 10:50:00-04:00,29.6200008392334,29.670000076293945,29.614999771118164,29.655000686645508,29.655000686645508,128719
2023-04-06 10:51:00-04:00,29.649999618530277,29.684999465942383,29.64080047607422,29.649999618530277,29.649999618530277,93910
2023-04-06 10:52:00-04:00,29.649999618530277,29.665000915527344,29.649999618530277,29.65999984741211,29.65999984741211,36406
2023-04-06 10:53:00-04:00,29.665000915527344,29.700000762939453,29.665000915527344,29.690000534057617,29.690000534057617,63502
2023-04-06 10:54:00-04:00,29.684999465942383,29.69499969482422,29.63999938964844,29.674999237060547,29.674999237060547,139858
2023-04-06 10:55:00-04:00,29.65999984741211,29.690000534057617,29.65999984741211,29.674999237060547,29.674999237060547,34994
2023-04-06 10:56:00-04:00,29.670000076293945,29.670000076293945,29.6299991607666,29.63500022888184,29.63500022888184,27595
2023-04-06 10:57:00-04:00,29.6299991607666,29.65999984741211,29.61000061035156,29.65999984741211,29.65999984741211,91762
2023-04-06 10:58:00-04:00,29.649999618530277,29.65999984741211,29.6200008392334,29.655000686645508,29.655000686645508,102627
2023-04-06 10:59:00-04:00,29.655000686645508,29.65999984741211,29.645000457763672,29.649999618530277,29.649999618530277,29438
2023-04-06 11:00:00-04:00,29.655000686645508,29.670000076293945,29.63999938964844,29.649999618530277,29.649999618530277,67286
2023-04-06 11:01:00-04:00,29.655000686645508,29.670000076293945,29.655000686645508,29.670000076293945,29.670000076293945,13442
2023-04-06 11:02:00-04:00,29.665000915527344,29.670000076293945,29.65999984741211,29.665000915527344,29.665000915527344,7284
2023-04-06 11:03:00-04:00,29.665000915527344,29.690000534057617,29.65999984741211,29.665000915527344,29.665000915527344,40814
2023-04-06 11:04:00-04:00,29.665000915527344,29.690000534057617,29.665000915527344,29.670000076293945,29.670000076293945,40582
2023-04-06 11:05:00-04:00,29.674999237060547,29.684999465942383,29.670000076293945,29.684999465942383,29.684999465942383,8781
2023-04-06 11:06:00-04:00,29.684999465942383,29.684999465942383,29.68000030517578,29.684999465942383,29.684999465942383,7881
2023-04-06 11:07:00-04:00,29.684999465942383,29.70499992370605,29.684999465942383,29.70499992370605,29.70499992370605,22263
2023-04-06 11:08:00-04:00,29.709999084472656,29.71500015258789,29.69499969482422,29.69499969482422,29.69499969482422,21341
2023-04-06 11:09:00-04:00,29.700000762939453,29.709999084472656,29.690000534057617,29.69499969482422,29.69499969482422,26032
2023-04-06 11:10:00-04:00,29.69499969482422,29.69499969482422,29.655000686645508,29.68000030517578,29.68000030517578,16241
2023-04-06 11:11:00-04:00,29.674999237060547,29.690000534057617,29.674999237060547,29.684999465942383,29.684999465942383,4667
2023-04-06 11:12:00-04:00,29.684999465942383,29.700000762939453,29.674999237060547,29.68000030517578,29.68000030517578,16460
2023-04-06 11:13:00-04:00,29.690000534057617,29.690000534057617,29.674999237060547,29.684999465942383,29.684999465942383,9121
2023-04-06 11:14:00-04:00,29.690000534057617,29.709999084472656,29.68000030517578,29.709999084472656,29.709999084472656,30253
2023-04-06 11:15:00-04:00,29.70499992370605,29.70499992370605,29.692800521850582,29.70499992370605,29.70499992370605,30979
2023-04-06 11:16:00-04:00,29.70499992370605,29.709999084472656,29.69499969482422,29.700000762939453,29.700000762939453,14239
2023-04-06 11:17:00-04:00,29.70499992370605,29.770000457763672,29.69499969482422,29.76000022888184,29.76000022888184,101569
2023-04-06 11:18:00-04:00,29.76499938964844,29.774999618530277,29.739999771118164,29.770000457763672,29.770000457763672,49055
2023-04-06 11:19:00-04:00,29.770000457763672,29.774999618530277,29.75160026550293,29.76000022888184,29.76000022888184,25437
2023-04-06 11:20:00-04:00,29.76000022888184,29.76499938964844,29.73500061035156,29.739999771118164,29.739999771118164,20511
2023-04-06 11:21:00-04:00,29.739999771118164,29.75,29.729999542236328,29.73500061035156,29.73500061035156,295443
2023-04-06 11:22:00-04:00,29.73500061035156,29.76499938964844,29.70499992370605,29.71500015258789,29.71500015258789,142743
2023-04-06 11:23:00-04:00,29.71500015258789,29.71999931335449,29.69499969482422,29.71500015258789,29.71500015258789,74820
2023-04-06 11:24:00-04:00,29.71500015258789,29.73500061035156,29.71500015258789,29.73500061035156,29.73500061035156,28019
2023-04-06 11:25:00-04:00,29.729999542236328,29.73500061035156,29.70499992370605,29.729999542236328,29.729999542236328,291795
2023-04-06 11:26:00-04:00,29.729999542236328,29.770000457763672,29.71999931335449,29.770000457763672,29.770000457763672,139996
2023-04-06 11:27:00-04:00,29.770000457763672,29.770000457763672,29.739999771118164,29.76000022888184,29.76000022888184,193667
2023-04-06 11:28:00-04:00,29.769500732421875,29.790000915527344,29.76499938964844,29.774999618530277,29.774999618530277,65935
2023-04-06 11:29:00-04:00,29.770000457763672,29.774999618530277,29.75,29.770000457763672,29.770000457763672,152018
2023-04-06 11:30:00-04:00,29.774999618530277,29.780000686645508,29.770000457763672,29.770000457763672,29.770000457763672,49907
2023-04-06 11:31:00-04:00,29.770000457763672,29.799999237060547,29.770000457763672,29.770000457763672,29.770000457763672,496530
2023-04-06 11:32:00-04:00,29.770000457763672,29.80500030517578,29.76499938964844,29.80500030517578,29.80500030517578,114920
2023-04-06 11:33:00-04:00,29.799999237060547,29.799999237060547,29.75,29.7549991607666,29.7549991607666,114023
2023-04-06 11:34:00-04:00,29.7549991607666,29.770000457763672,29.739999771118164,29.7549991607666,29.7549991607666,130218
2023-04-06 11:35:00-04:00,29.76000022888184,29.780000686645508,29.7549991607666,29.770000457763672,29.770000457763672,47922
2023-04-06 11:36:00-04:00,29.780000686645508,29.78499984741211,29.774999618530277,29.780000686645508,29.780000686645508,5691
2023-04-06 11:37:00-04:00,29.780000686645508,29.799999237060547,29.780000686645508,29.795000076293945,29.795000076293945,15890
2023-04-06 11:38:00-04:00,29.795000076293945,29.809999465942383,29.770000457763672,29.80500030517578,29.80500030517578,185123
2023-04-06 11:39:00-04:00,29.80500030517578,29.81999969482422,29.799999237060547,29.799999237060547,29.799999237060547,12013
2023-04-06 11:40:00-04:00,29.805500030517575,29.809999465942383,29.780000686645508,29.790000915527344,29.790000915527344,29681
2023-04-06 11:41:00-04:00,29.790000915527344,29.82999992370605,29.790000915527344,29.81999969482422,29.81999969482422,164632
2023-04-06 11:42:00-04:00,29.825000762939453,29.825000762939453,29.802499771118164,29.809999465942383,29.809999465942383,15293
2023-04-06 11:43:00-04:00,29.809999465942383,29.86000061035156,29.809999465942383,29.850000381469727,29.850000381469727,116317
2023-04-06 11:44:00-04:00,29.854999542236328,29.8799991607666,29.854999542236328,29.8799991607666,29.8799991607666,62746
2023-04-06 11:45:00-04:00,29.8799991607666,29.88500022888184,29.864999771118164,29.875,29.875,99205
2023-04-06 11:46:00-04:00,29.8799991607666,29.899999618530277,29.864999771118164,29.895000457763672,29.895000457763672,74398
2023-04-06 11:47:00-04:00,29.88999938964844,29.93000030517578,29.88999938964844,29.920000076293945,29.920000076293945,47117
2023-04-06 11:48:00-04:00,29.92099952697754,29.94499969482422,29.899999618530277,29.934999465942383,29.934999465942383,300312
2023-04-06 11:49:00-04:00,29.934999465942383,29.979999542236328,29.915000915527344,29.96999931335449,29.96999931335449,129008
2023-04-06 11:50:00-04:00,29.979999542236328,29.98500061035156,29.905000686645508,29.905000686645508,29.905000686645508,52163
2023-04-06 11:51:00-04:00,29.90999984741211,29.95499992370605,29.905000686645508,29.90999984741211,29.90999984741211,117266
2023-04-06 11:52:00-04:00,29.90999984741211,29.959999084472656,29.90999984741211,29.959999084472656,29.959999084472656,126460
2023-04-06 11:53:00-04:00,29.959999084472656,29.959999084472656,29.905000686645508,29.950000762939453,29.950000762939453,67024
2023-04-06 11:54:00-04:00,29.959999084472656,29.96500015258789,29.950000762939453,29.959999084472656,29.959999084472656,6470
2023-04-06 11:55:00-04:00,29.959999084472656,30.0049991607666,29.94499969482422,30.0,30.0,41970
2023-04-06 11:56:00-04:00,30.0,30.020000457763672,30.0,30.01000022888184,30.01000022888184,84873
2023-04-06 11:57:00-04:00,30.01000022888184,30.030000686645508,30.01000022888184,30.030000686645508,30.030000686645508,17956
2023-04-06 11:58:00-04:00,30.020000457763672,30.030000686645508,30.01499938964844,30.020000457763672,30.020000457763672,31697
2023-04-06 11:59:00-04:00,30.020000457763672,30.030000686645508,30.01000022888184,30.030000686645508,30.030000686645508,16962
2023-04-06 12:00:00-04:00,30.030000686645508,30.059999465942383,30.024999618530277,30.05500030517578,30.05500030517578,41611
2023-04-06 12:01:00-04:00,30.059999465942383,30.084999084472656,30.049999237060547,30.07999992370605,30.07999992370605,95567
2023-04-06 12:02:00-04:00,30.09000015258789,30.09499931335449,30.020000457763672,30.024999618530277,30.024999618530277,79594
2023-04-06 12:03:00-04:00,30.030000686645508,30.040000915527344,30.020000457763672,30.03499984741211,30.03499984741211,33299
2023-04-06 12:04:00-04:00,30.030000686645508,30.040000915527344,30.0049991607666,30.0049991607666,30.0049991607666,50402
2023-04-06 12:05:00-04:00,30.01000022888184,30.020000457763672,30.0,30.020000457763672,30.020000457763672,17076
2023-04-06 12:06:00-04:00,30.01749992370605,30.030000686645508,30.0049991607666,30.020000457763672,30.020000457763672,118519
2023-04-06 12:07:00-04:00,30.0049991607666,30.01499938964844,30.0,30.0049991607666,30.0049991607666,475001
2023-04-06 12:08:00-04:00,30.0,30.030000686645508,30.0,30.002500534057617,30.002500534057617,68933
2023-04-06 12:09:00-04:00,29.9950008392334,30.01000022888184,29.9950008392334,30.0049991607666,30.0049991607666,13391
2023-04-06 12:10:00-04:00,30.0049991607666,30.01000022888184,30.0,30.0049991607666,30.0049991607666,8296
2023-04-06 12:11:00-04:00,30.01000022888184,30.01000022888184,29.95499992370605,29.95499992370605,29.95499992370605,36648
2023-04-06 12:12:00-04:00,29.959999084472656,29.98500061035156,29.950000762939453,29.98500061035156,29.98500061035156,30314
2023-04-06 12:13:00-04:00,29.988000869750977,30.0,29.979999542236328,29.989999771118164,29.989999771118164,54747
2023-04-06 12:14:00-04:00,29.9950008392334,30.0,29.979999542236328,29.979999542236328,29.979999542236328,12460
2023-04-06 12:15:00-04:00,29.98500061035156,29.9950008392334,29.979999542236328,29.98500061035156,29.98500061035156,45082
2023-04-06 12:16:00-04:00,29.98500061035156,29.989999771118164,29.979999542236328,29.98500061035156,29.98500061035156,28355
2023-04-06 12:17:00-04:00,29.98500061035156,29.989999771118164,29.979999542236328,29.979999542236328,29.979999542236328,10632
2023-04-06 12:18:00-04:00,29.98069953918457,29.989999771118164,29.979999542236328,29.98500061035156,29.98500061035156,34118
2023-04-06 12:19:00-04:00,29.98500061035156,29.989999771118164,29.979999542236328,29.980100631713867,29.980100631713867,29130
2023-04-06 12:20:00-04:00,29.98500061035156,29.989999771118164,29.979999542236328,29.98500061035156,29.98500061035156,38636
2023-04-06 12:21:00-04:00,29.989999771118164,29.989999771118164,29.979999542236328,29.98500061035156,29.98500061035156,72269
2023-04-06 12:22:00-04:00,29.98500061035156,29.98500061035156,29.979999542236328,29.98500061035156,29.98500061035156,49685
2023-04-06 12:23:00-04:00,29.98500061035156,30.0,29.979999542236328,29.9950008392334,29.9950008392334,19371
2023-04-06 12:24:00-04:00,30.0,30.0,29.9950008392334,29.9950008392334,29.9950008392334,3510
2023-04-06 12:25:00-04:00,29.9950008392334,29.9950008392334,29.98500061035156,29.98500061035156,29.98500061035156,15541
2023-04-06 12:26:00-04:00,29.98500061035156,29.989999771118164,29.982500076293945,29.98500061035156,29.98500061035156,3857
2023-04-06 12:27:00-04:00,29.989999771118164,30.00609970092773,29.989999771118164,30.0,30.0,22250
2023-04-06 12:28:00-04:00,30.0,30.01499938964844,29.989999771118164,30.01499938964844,30.01499938964844,23543
2023-04-06 12:29:00-04:00,30.01499938964844,30.03499984741211,30.01499938964844,30.030000686645508,30.030000686645508,22643
2023-04-06 12:30:00-04:00,30.024999618530277,30.040000915527344,30.020000457763672,30.040000915527344,30.040000915527344,17353
2023-04-06 12:31:00-04:00,30.040000915527344,30.045000076293945,30.030000686645508,30.030000686645508,30.030000686645508,22550
2023-04-06 12:32:00-04:00,30.024999618530277,30.049999237060547,30.024999618530277,30.049999237060547,30.049999237060547,19652
2023-04-06 12:33:00-04:00,30.049999237060547,30.049999237060547,30.040000915527344,30.049999237060547,30.049999237060547,13201
2023-04-06 12:34:00-04:00,30.045000076293945,30.049999237060547,30.040000915527344,30.045000076293945,30.045000076293945,18539
2023-04-06 12:35:00-04:00,30.045000076293945,30.059999465942383,30.03499984741211,30.05500030517578,30.05500030517578,23325
2023-04-06 12:36:00-04:00,30.05500030517578,30.075000762939453,30.05500030517578,30.06999969482422,30.06999969482422,10176
2023-04-06 12:37:00-04:00,30.06999969482422,30.075000762939453,30.045000076293945,30.049999237060547,30.049999237060547,14768
2023-04-06 12:38:00-04:00,30.05500030517578,30.05900001525879,30.049999237060547,30.05500030517578,30.05500030517578,15980
2023-04-06 12:39:00-04:00,30.05500030517578,30.065000534057617,30.049999237060547,30.05500030517578,30.05500030517578,9113
2023-04-06 12:40:00-04:00,30.05500030517578,30.059999465942383,30.049999237060547,30.059999465942383,30.059999465942383,12873
2023-04-06 12:41:00-04:00,30.059999465942383,30.059999465942383,30.049999237060547,30.05500030517578,30.05500030517578,4688
2023-04-06 12:42:00-04:00,30.049999237060547,30.059999465942383,30.040000915527344,30.049999237060547,30.049999237060547,8882
2023-04-06 12:43:00-04:00,30.059999465942383,30.081300735473636,30.05500030517578,30.07999992370605,30.07999992370605,20666
2023-04-06 12:44:00-04:00,30.07999992370605,30.07999992370605,30.06999969482422,30.075000762939453,30.075000762939453,5396
2023-04-06 12:45:00-04:00,30.07999992370605,30.084999084472656,30.07999992370605,30.084999084472656,30.084999084472656,7745
2023-04-06 12:46:00-04:00,30.084999084472656,30.09000015258789,30.06999969482422,30.084999084472656,30.084999084472656,58132
2023-04-06 12:47:00-04:00,30.09000015258789,30.09000015258789,30.07999992370605,30.084999084472656,30.084999084472656,9940
2023-04-06 12:48:00-04:00,30.084999084472656,30.084999084472656,30.075000762939453,30.075000762939453,30.075000762939453,20653
2023-04-06 12:49:00-04:00,30.075000762939453,30.07999992370605,30.06999969482422,30.075000762939453,30.075000762939453,23851
2023-04-06 12:50:00-04:00,30.075000762939453,30.075000762939453,30.065000534057617,30.075000762939453,30.075000762939453,26257
2023-04-06 12:51:00-04:00,30.07999992370605,30.09000015258789,30.07999992370605,30.09000015258789,30.09000015258789,4778
2023-04-06 12:52:00-04:00,30.09000015258789,30.097400665283203,30.07999992370605,30.09000015258789,30.09000015258789,15380
2023-04-06 12:53:00-04:00,30.09000015258789,30.09499931335449,30.07999992370605,30.084999084472656,30.084999084472656,16260
2023-04-06 12:54:00-04:00,30.07999992370605,30.086000442504883,30.0713005065918,30.0713005065918,30.0713005065918,9547
2023-04-06 12:55:00-04:00,30.075000762939453,30.075000762939453,30.045000076293945,30.045000076293945,30.045000076293945,7199
2023-04-06 12:56:00-04:00,30.045000076293945,30.045000076293945,30.030000686645508,30.03499984741211,30.03499984741211,4975
2023-04-06 12:57:00-04:00,30.03249931335449,30.040000915527344,30.01000022888184,30.01000022888184,30.01000022888184,13162
2023-04-06 12:58:00-04:00,30.01000022888184,30.01499938964844,30.0049991607666,30.0049991607666,30.0049991607666,13340
2023-04-06 12:59:00-04:00,30.000999450683597,30.000999450683597,29.989999771118164,29.9950008392334,29.9950008392334,20099
2023-04-06 13:00:00-04:00,30.0,30.0049991607666,30.0,30.0,30.0,4818
2023-04-06 13:01:00-04:00,30.0049991607666,30.01000022888184,30.0,30.0049991607666,30.0049991607666,4227
2023-04-06 13:02:00-04:00,30.01000022888184,30.020000457763672,30.0,30.01000022888184,30.01000022888184,161771
2023-04-06 13:03:00-04:00,30.0,30.0,29.975000381469727,30.0,30.0,40653
2023-04-06 13:04:00-04:00,30.01000022888184,30.01499938964844,30.0,30.01499938964844,30.01499938964844,15297
2023-04-06 13:05:00-04:00,30.020000457763672,30.030000686645508,30.020000457763672,30.020000457763672,30.020000457763672,2193
2023-04-06 13:06:00-04:00,30.020000457763672,30.020000457763672,30.01499938964844,30.020000457763672,30.020000457763672,5493
2023-04-06 13:07:00-04:00,30.015499114990234,30.015499114990234,30.01129913330078,30.01499938964844,30.01499938964844,1585
2023-04-06 13:08:00-04:00,30.01499938964844,30.040000915527344,30.01000022888184,30.040000915527344,30.040000915527344,16384
2023-04-06 13:09:00-04:00,30.03499984741211,30.03499984741211,30.020000457763672,30.024999618530277,30.024999618530277,4280
2023-04-06 13:10:00-04:00,30.024999618530277,30.030000686645508,30.01499938964844,30.024999618530277,30.024999618530277,27378
2023-04-06 13:11:00-04:00,30.030000686645508,30.030000686645508,30.020000457763672,30.024999618530277,30.024999618530277,9936
2023-04-06 13:12:00-04:00,30.024999618530277,30.030000686645508,30.020000457763672,30.020000457763672,30.020000457763672,10727
2023-04-06 13:13:00-04:00,30.020000457763672,30.024999618530277,30.01000022888184,30.020000457763672,30.020000457763672,225496
2023-04-06 13:14:00-04:00,30.020000457763672,30.024999618530277,30.01499938964844,30.01499938964844,30.01499938964844,25755
2023-04-06 13:15:00-04:00,30.020000457763672,30.020000457763672,29.989999771118164,30.0049991607666,30.0049991607666,47291
2023-04-06 13:16:00-04:00,30.01000022888184,30.01000022888184,29.989999771118164,29.9950008392334,29.9950008392334,54693
2023-04-06 13:17:00-04:00,29.989999771118164,30.0,29.989999771118164,29.9950008392334,29.9950008392334,12633
2023-04-06 13:18:00-04:00,29.989999771118164,30.0,29.989999771118164,29.9950008392334,29.9950008392334,5984
2023-04-06 13:19:00-04:00,29.9950008392334,30.01000022888184,29.989999771118164,30.0049991607666,30.0049991607666,23634
2023-04-06 13:20:00-04:00,30.0049991607666,30.020000457763672,30.0,30.01499938964844,30.01499938964844,41547
2023-04-06 13:21:00-04:00,30.020000457763672,30.020000457763672,30.0,30.01499938964844,30.01499938964844,34148
2023-04-06 13:22:00-04:00,30.01000022888184,30.020000457763672,30.01000022888184,30.01499938964844,30.01499938964844,10339
2023-04-06 13:23:00-04:00,30.020000457763672,30.045000076293945,30.01000022888184,30.03499984741211,30.03499984741211,53668
2023-04-06 13:24:00-04:00,30.040000915527344,30.05500030517578,30.030000686645508,30.05500030517578,30.05500030517578,36351
2023-04-06 13:25:00-04:00,30.059999465942383,30.065000534057617,30.045000076293945,30.05500030517578,30.05500030517578,20011
2023-04-06 13:26:00-04:00,30.045000076293945,30.045000076293945,30.040000915527344,30.045000076293945,30.045000076293945,7663
2023-04-06 13:27:00-04:00,30.045000076293945,30.049999237060547,30.040000915527344,30.045000076293945,30.045000076293945,9351
2023-04-06 13:28:00-04:00,30.040000915527344,30.045000076293945,30.030000686645508,30.030000686645508,30.030000686645508,12900
2023-04-06 13:29:00-04:00,30.03499984741211,30.03499984741211,30.030000686645508,30.03499984741211,30.03499984741211,6492
2023-04-06 13:30:00-04:00,30.040000915527344,30.040000915527344,30.030000686645508,30.03499984741211,30.03499984741211,11870
2023-04-06 13:31:00-04:00,30.03499984741211,30.040000915527344,30.030000686645508,30.03499984741211,30.03499984741211,15930
2023-04-06 13:32:00-04:00,30.03499984741211,30.03499984741211,30.020000457763672,30.030000686645508,30.030000686645508,7490
2023-04-06 13:33:00-04:00,30.022499084472656,30.030000686645508,30.0,30.0,30.0,31562
2023-04-06 13:34:00-04:00,30.0049991607666,30.01000022888184,29.989999771118164,30.0,30.0,29667
2023-04-06 13:35:00-04:00,30.01000022888184,30.01000022888184,29.98500061035156,29.9950008392334,29.9950008392334,30615
2023-04-06 13:36:00-04:00,29.9950008392334,30.0,29.989999771118164,29.9950008392334,29.9950008392334,5905
2023-04-06 13:37:00-04:00,30.0,30.01000022888184,29.989999771118164,30.0049991607666,30.0049991607666,17356
2023-04-06 13:38:00-04:00,30.01000022888184,30.01000022888184,29.989999771118164,30.0,30.0,33353
2023-04-06 13:39:00-04:00,29.9950008392334,30.0,29.989999771118164,29.99250030517578,29.99250030517578,14575
2023-04-06 13:40:00-04:00,29.9950008392334,30.020000457763672,29.989999771118164,30.01000022888184,30.01000022888184,53890
2023-04-06 13:41:00-04:00,30.020000457763672,30.03499984741211,30.01000022888184,30.030000686645508,30.030000686645508,91847
2023-04-06 13:42:00-04:00,30.030000686645508,30.049999237060547,30.030000686645508,30.045000076293945,30.045000076293945,14574
2023-04-06 13:43:00-04:00,30.045000076293945,30.06999969482422,30.040000915527344,30.06999969482422,30.06999969482422,35382
2023-04-06 13:44:00-04:00,30.06999969482422,30.07999992370605,30.06999969482422,30.07999992370605,30.07999992370605,16346
2023-04-06 13:45:00-04:00,30.075000762939453,30.0802001953125,30.059999465942383,30.07999992370605,30.07999992370605,67850
2023-04-06 13:46:00-04:00,30.075000762939453,30.075000762939453,30.059999465942383,30.06999969482422,30.06999969482422,14814
2023-04-06 13:47:00-04:00,30.065000534057617,30.06999969482422,30.059999465942383,30.065000534057617,30.065000534057617,15178
2023-04-06 13:48:00-04:00,30.065000534057617,30.075000762939453,30.059999465942383,30.065000534057617,30.065000534057617,23954
2023-04-06 13:49:00-04:00,30.069900512695312,30.06999969482422,30.059999465942383,30.065000534057617,30.065000534057617,21791
2023-04-06 13:50:00-04:00,30.059999465942383,30.06999969482422,30.059999465942383,30.065000534057617,30.065000534057617,8008
2023-04-06 13:51:00-04:00,30.065000534057617,30.06999969482422,30.065000534057617,30.065000534057617,30.065000534057617,3942
2023-04-06 13:52:00-04:00,30.065000534057617,30.06999969482422,30.059999465942383,30.065000534057617,30.065000534057617,4502
2023-04-06 13:53:00-04:00,30.065000534057617,30.075000762939453,30.049999237060547,30.075000762939453,30.075000762939453,62154
2023-04-06 13:54:00-04:00,30.075000762939453,30.075000762939453,30.059999465942383,30.065000534057617,30.065000534057617,12357
2023-04-06 13:55:00-04:00,30.065000534057617,30.06999969482422,30.065000534057617,30.065000534057617,30.065000534057617,2750
2023-04-06 13:56:00-04:00,30.065000534057617,30.075000762939453,30.059999465942383,30.06999969482422,30.06999969482422,10414
2023-04-06 13:57:00-04:00,30.06999969482422,30.06999969482422,30.05500030517578,30.059999465942383,30.059999465942383,49014
2023-04-06 13:58:00-04:00,30.059999465942383,30.065000534057617,30.01499938964844,30.030000686645508,30.030000686645508,84966
2023-04-06 13:59:00-04:00,30.03499984741211,30.03499984741211,30.0,30.020000457763672,30.020000457763672,51365
2023-04-06 14:00:00-04:00,30.030000686645508,30.030000686645508,30.0049991607666,30.020000457763672,30.020000457763672,27579
2023-04-06 14:01:00-04:00,30.020000457763672,30.03499984741211,30.01000022888184,30.030000686645508,30.030000686645508,43713
2023-04-06 14:02:00-04:00,30.024999618530277,30.040000915527344,30.024999618530277,30.03499984741211,30.03499984741211,11898
2023-04-06 14:03:00-04:00,30.040000915527344,30.049999237060547,30.030000686645508,30.040000915527344,30.040000915527344,49902
2023-04-06 14:04:00-04:00,30.049999237060547,30.06999969482422,30.045000076293945,30.06999969482422,30.06999969482422,50783
2023-04-06 14:05:00-04:00,30.065000534057617,30.09000015258789,30.065000534057617,30.09000015258789,30.09000015258789,31262
2023-04-06 14:06:00-04:00,30.084999084472656,30.09000015258789,30.065000534057617,30.075000762939453,30.075000762939453,20375
2023-04-06 14:07:00-04:00,30.075000762939453,30.075000762939453,30.06999969482422,30.06999969482422,30.06999969482422,4658
2023-04-06 14:08:00-04:00,30.06999969482422,30.075000762939453,30.059999465942383,30.059999465942383,30.059999465942383,7667
2023-04-06 14:09:00-04:00,30.065000534057617,30.06999969482422,30.059999465942383,30.065000534057617,30.065000534057617,8552
2023-04-06 14:10:00-04:00,30.06999969482422,30.09000015258789,30.06999969482422,30.06999969482422,30.06999969482422,57109
2023-04-06 14:11:00-04:00,30.075000762939453,30.075000762939453,30.05500030517578,30.05500030517578,30.05500030517578,10378
2023-04-06 14:12:00-04:00,30.05500030517578,30.059999465942383,30.040000915527344,30.045000076293945,30.045000076293945,6119
2023-04-06 14:13:00-04:00,30.045000076293945,30.049999237060547,30.030000686645508,30.030000686645508,30.030000686645508,6250
2023-04-06 14:14:00-04:00,30.030000686645508,30.040000915527344,30.030000686645508,30.03499984741211,30.03499984741211,8089
2023-04-06 14:15:00-04:00,30.030000686645508,30.045000076293945,30.030000686645508,30.045000076293945,30.045000076293945,7573
2023-04-06 14:16:00-04:00,30.049999237060547,30.049999237060547,30.01000022888184,30.01499938964844,30.01499938964844,10580
2023-04-06 14:17:00-04:00,30.01499938964844,30.024999618530277,30.0,30.0,30.0,9012
2023-04-06 14:18:00-04:00,30.0,30.01000022888184,29.989999771118164,30.0,30.0,70216
2023-04-06 14:19:00-04:00,30.0,30.00830078125,29.9950008392334,30.0,30.0,9911
2023-04-06 14:20:00-04:00,30.0,30.0,29.989999771118164,29.9950008392334,29.9950008392334,8416
2023-04-06 14:21:00-04:00,29.989999771118164,30.0,29.989999771118164,29.9950008392334,29.9950008392334,9860
2023-04-06 14:22:00-04:00,29.99250030517578,30.0,29.989999771118164,29.9950008392334,29.9950008392334,2763
2023-04-06 14:23:00-04:00,30.0,30.030000686645508,30.0,30.01499938964844,30.01499938964844,41823
2023-04-06 14:24:00-04:00,30.01000022888184,30.01000022888184,30.0049991607666,30.0049991607666,30.0049991607666,4824
2023-04-06 14:25:00-04:00,30.0049991607666,30.01000022888184,30.0,30.0,30.0,4449
2023-04-06 14:26:00-04:00,30.0049991607666,30.01000022888184,30.0,30.0,30.0,3852
2023-04-06 14:27:00-04:00,30.0049991607666,30.0049991607666,29.989999771118164,29.989999771118164,29.989999771118164,10899
2023-04-06 14:28:00-04:00,29.9950008392334,30.01000022888184,29.989999771118164,30.0049991607666,30.0049991607666,17639
2023-04-06 14:29:00-04:00,30.00200080871582,30.020000457763672,30.00200080871582,30.01499938964844,30.01499938964844,8227
2023-04-06 14:30:00-04:00,30.01499938964844,30.020000457763672,30.01000022888184,30.01499938964844,30.01499938964844,2153
2023-04-06 14:31:00-04:00,30.01499938964844,30.020000457763672,30.01000022888184,30.01499938964844,30.01499938964844,4468
2023-04-06 14:32:00-04:00,30.01499938964844,30.030000686645508,30.01499938964844,30.02580070495605,30.02580070495605,13734
2023-04-06 14:33:00-04:00,30.030000686645508,30.030000686645508,30.020000457763672,30.024999618530277,30.024999618530277,9213
2023-04-06 14:34:00-04:00,30.024999618530277,30.024999618530277,30.020000457763672,30.02440071105957,30.02440071105957,54663
2023-04-06 14:35:00-04:00,30.026199340820312,30.030000686645508,30.020000457763672,30.024999618530277,30.024999618530277,6016
2023-04-06 14:36:00-04:00,30.024999618530277,30.024999618530277,30.020000457763672,30.020000457763672,30.020000457763672,6030
2023-04-06 14:37:00-04:00,30.020000457763672,30.040000915527344,30.020000457763672,30.024999618530277,30.024999618530277,33336
2023-04-06 14:38:00-04:00,30.020000457763672,30.045000076293945,30.020000457763672,30.045000076293945,30.045000076293945,15703
2023-04-06 14:39:00-04:00,30.045000076293945,30.045000076293945,30.03499984741211,30.03499984741211,30.03499984741211,16323
2023-04-06 14:40:00-04:00,30.040000915527344,30.045000076293945,30.03499984741211,30.045000076293945,30.045000076293945,9879
2023-04-06 14:41:00-04:00,30.045000076293945,30.045000076293945,30.040000915527344,30.040000915527344,30.040000915527344,4571
2023-04-06 14:42:00-04:00,30.040000915527344,30.045000076293945,30.040000915527344,30.045000076293945,30.045000076293945,2212
2023-04-06 14:43:00-04:00,30.045000076293945,30.049999237060547,30.04159927368164,30.049999237060547,30.049999237060547,2316
2023-04-06 14:44:00-04:00,30.045000076293945,30.045499801635746,30.040000915527344,30.040000915527344,30.040000915527344,4286
2023-04-06 14:45:00-04:00,30.04050064086914,30.045000076293945,30.020000457763672,30.020000457763672,30.020000457763672,25766
2023-04-06 14:46:00-04:00,30.024999618530277,30.040000915527344,30.024999618530277,30.040000915527344,30.040000915527344,16889
2023-04-06 14:47:00-04:00,30.03499984741211,30.049999237060547,30.030000686645508,30.045000076293945,30.045000076293945,12141
2023-04-06 14:48:00-04:00,30.049999237060547,30.059999465942383,30.045000076293945,30.059999465942383,30.059999465942383,20402
2023-04-06 14:49:00-04:00,30.05500030517578,30.07999992370605,30.049999237060547,30.07999992370605,30.07999992370605,38307
2023-04-06 14:50:00-04:00,30.07999992370605,30.07999992370605,30.045000076293945,30.059999465942383,30.059999465942383,36209
2023-04-06 14:51:00-04:00,30.05500030517578,30.06999969482422,30.049999237060547,30.06999969482422,30.06999969482422,56651
2023-04-06 14:52:00-04:00,30.06999969482422,30.06999969482422,30.01000022888184,30.020000457763672,30.020000457763672,105535
2023-04-06 14:53:00-04:00,30.020000457763672,30.030000686645508,30.01000022888184,30.024999618530277,30.024999618530277,18469
2023-04-06 14:54:00-04:00,30.020099639892575,30.020099639892575,30.0,30.01000022888184,30.01000022888184,88592
2023-04-06 14:55:00-04:00,30.00169944763184,30.0049991607666,30.0,30.0049991607666,30.0049991607666,13807
2023-04-06 14:56:00-04:00,30.01000022888184,30.01000022888184,30.0,30.0,30.0,1964
2023-04-06 14:57:00-04:00,30.0,30.01499938964844,30.0,30.012699127197266,30.012699127197266,22326
2023-04-06 14:58:00-04:00,30.01499938964844,30.019899368286133,30.0,30.0049991607666,30.0049991607666,8635
2023-04-06 14:59:00-04:00,30.0,30.0,29.989999771118164,29.989999771118164,29.989999771118164,8147
2023-04-06 15:00:00-04:00,30.0,30.01000022888184,29.989999771118164,30.0049991607666,30.0049991607666,13451
2023-04-06 15:01:00-04:00,30.01000022888184,30.01499938964844,30.0049991607666,30.01000022888184,30.01000022888184,13478
2023-04-06 15:02:00-04:00,30.0049991607666,30.024999618530277,30.0,30.024999618530277,30.024999618530277,214208
2023-04-06 15:03:00-04:00,30.030000686645508,30.030000686645508,30.020000457763672,30.024999618530277,30.024999618530277,7457
2023-04-06 15:04:00-04:00,30.020000457763672,30.024999618530277,30.010299682617188,30.01499938964844,30.01499938964844,16994
2023-04-06 15:05:00-04:00,30.01499938964844,30.05500030517578,30.01499938964844,30.040000915527344,30.040000915527344,106372
2023-04-06 15:06:00-04:00,30.040000915527344,30.049999237060547,30.03499984741211,30.040000915527344,30.040000915527344,22514
2023-04-06 15:07:00-04:00,30.045000076293945,30.045000076293945,30.0049991607666,30.0049991607666,30.0049991607666,60144
2023-04-06 15:08:00-04:00,30.0049991607666,30.020000457763672,29.989999771118164,30.0,30.0,31809
2023-04-06 15:09:00-04:00,29.989999771118164,30.0,29.989999771118164,29.989999771118164,29.989999771118164,3748
2023-04-06 15:10:00-04:00,29.9950008392334,30.0,29.989999771118164,29.989999771118164,29.989999771118164,11373
2023-04-06 15:11:00-04:00,29.989999771118164,30.0,29.98500061035156,29.991100311279297,29.991100311279297,53512
2023-04-06 15:12:00-04:00,29.9950008392334,30.01499938964844,29.98500061035156,30.0049991607666,30.0049991607666,91958
2023-04-06 15:13:00-04:00,30.01000022888184,30.030000686645508,30.01000022888184,30.030000686645508,30.030000686645508,4250
2023-04-06 15:14:00-04:00,30.030000686645508,30.030000686645508,30.01000022888184,30.01000022888184,30.01000022888184,18122
2023-04-06 15:15:00-04:00,30.01000022888184,30.01000022888184,29.989999771118164,29.9950008392334,29.9950008392334,167203
2023-04-06 15:16:00-04:00,29.9950008392334,30.0,29.98500061035156,30.0,30.0,37331
2023-04-06 15:17:00-04:00,29.989999771118164,30.0,29.989999771118164,29.9950008392334,29.9950008392334,26709
2023-04-06 15:18:00-04:00,29.989999771118164,30.0,29.989999771118164,29.9950008392334,29.9950008392334,17313
2023-04-06 15:19:00-04:00,29.989999771118164,29.998699188232425,29.989999771118164,29.9950008392334,29.9950008392334,5620
2023-04-06 15:20:00-04:00,29.989999771118164,30.0049991607666,29.989999771118164,30.0049991607666,30.0049991607666,24100
2023-04-06 15:21:00-04:00,30.0049991607666,30.019699096679688,29.9950008392334,29.9950008392334,29.9950008392334,26128
2023-04-06 15:22:00-04:00,29.991500854492188,29.9950008392334,29.989999771118164,29.99049949645996,29.99049949645996,5942
2023-04-06 15:23:00-04:00,29.9950008392334,30.0,29.989999771118164,29.989999771118164,29.989999771118164,10192
2023-04-06 15:24:00-04:00,29.989999771118164,29.989999771118164,29.96999931335449,29.96999931335449,29.96999931335449,36923
2023-04-06 15:25:00-04:00,29.975000381469727,29.989999771118164,29.96999931335449,29.98500061035156,29.98500061035156,12582
2023-04-06 15:26:00-04:00,29.98500061035156,30.0,29.98500061035156,29.9950008392334,29.9950008392334,11024
2023-04-06 15:27:00-04:00,29.9950008392334,30.0,29.989999771118164,29.989999771118164,29.989999771118164,5253
2023-04-06 15:28:00-04:00,29.989999771118164,30.0,29.989999771118164,29.989999771118164,29.989999771118164,5920
2023-04-06 15:29:00-04:00,29.989999771118164,30.0,29.989999771118164,29.9950008392334,29.9950008392334,9435
2023-04-06 15:30:00-04:00,29.9950008392334,30.01000022888184,29.989999771118164,30.0049991607666,30.0049991607666,27966
2023-04-06 15:31:00-04:00,30.0049991607666,30.020000457763672,29.989999771118164,29.989999771118164,29.989999771118164,32226
2023-04-06 15:32:00-04:00,29.989999771118164,30.0,29.989999771118164,29.9950008392334,29.9950008392334,5260
2023-04-06 15:33:00-04:00,29.9950008392334,30.01499938964844,29.989999771118164,30.01000022888184,30.01000022888184,47419
2023-04-06 15:34:00-04:00,30.020000457763672,30.024999618530277,30.01000022888184,30.024999618530277,30.024999618530277,12919
2023-04-06 15:35:00-04:00,30.024999618530277,30.045000076293945,30.02039909362793,30.045000076293945,30.045000076293945,16390
2023-04-06 15:36:00-04:00,30.045000076293945,30.045000076293945,30.024999618530277,30.030000686645508,30.030000686645508,52125
2023-04-06 15:37:00-04:00,30.030000686645508,30.049999237060547,30.030000686645508,30.03499984741211,30.03499984741211,43588
2023-04-06 15:38:00-04:00,30.03499984741211,30.03499984741211,30.01499938964844,30.030000686645508,30.030000686645508,22620
2023-04-06 15:39:00-04:00,30.024999618530277,30.02519989013672,30.01000022888184,30.01499938964844,30.01499938964844,17607
2023-04-06 15:40:00-04:00,30.01499938964844,30.01499938964844,29.989999771118164,29.9950008392334,29.9950008392334,19076
2023-04-06 15:41:00-04:00,29.9950008392334,30.0,29.989999771118164,30.0,30.0,11755
2023-04-06 15:42:00-04:00,29.989999771118164,29.99860000610352,29.989999771118164,29.989999771118164,29.989999771118164,16987
2023-04-06 15:43:00-04:00,29.991600036621094,30.0,29.989999771118164,30.0,30.0,16758
2023-04-06 15:44:00-04:00,29.9950008392334,30.020000457763672,29.989999771118164,30.0049991607666,30.0049991607666,53238
2023-04-06 15:45:00-04:00,30.0,30.024999618530277,30.0,30.0049991607666,30.0049991607666,39685
2023-04-06 15:46:00-04:00,30.0,30.01000022888184,29.9950008392334,30.0049991607666,30.0049991607666,17581
2023-04-06 15:47:00-04:00,30.01000022888184,30.01499938964844,30.0,30.01499938964844,30.01499938964844,35959
2023-04-06 15:48:00-04:00,30.01499938964844,30.020000457763672,30.01000022888184,30.01499938964844,30.01499938964844,15528
2023-04-06 15:49:00-04:00,30.01000022888184,30.01499938964844,30.0,30.0049991607666,30.0049991607666,37108
2023-04-06 15:50:00-04:00,30.0,30.01000022888184,29.989999771118164,30.0,30.0,100730
2023-04-06 15:51:00-04:00,30.0049991607666,30.030000686645508,30.001399993896484,30.024999618530277,30.024999618530277,57802
2023-04-06 15:52:00-04:00,30.024999618530277,30.040000915527344,30.01499938964844,30.01499938964844,30.01499938964844,75637
2023-04-06 15:53:00-04:00,30.01499938964844,30.024999618530277,30.01000022888184,30.01499938964844,30.01499938964844,71760
2023-04-06 15:54:00-04:00,30.01499938964844,30.020000457763672,30.0049991607666,30.01499938964844,30.01499938964844,84161
2023-04-06 15:55:00-04:00,30.01000022888184,30.040000915527344,30.01000022888184,30.030000686645508,30.030000686645508,94267
2023-04-06 15:56:00-04:00,30.03499984741211,30.04750061035156,30.030000686645508,30.045000076293945,30.045000076293945,160394
2023-04-06 15:57:00-04:00,30.045000076293945,30.06999969482422,30.040000915527344,30.045000076293945,30.045000076293945,169469
2023-04-06 15:58:00-04:00,30.045000076293945,30.049999237060547,30.030000686645508,30.03499984741211,30.03499984741211,119459
2023-04-06 15:59:00-04:00,30.030000686645508,30.040000915527344,30.01000022888184,30.020000457763672,30.020000457763672,236616
